chr pos1 pos2 lunitmin lunitmax nrep
chr_Z 300001 400000 10 20 26.1
chr_Z 400001 500000 10 20 17.3
chr_Z 600001 700000 10 20 194.8
chr_Z 800001 900000 10 20 80.7
chr_Z 900001 1000000 10 20 108.9
chr_Z 1000001 1100000 10 20 25.7
chr_Z 1200001 1300000 10 20 61.1
chr_Z 1300001 1400000 10 20 32.1
chr_Z 1400001 1500000 10 20 11
chr_Z 1500001 1600000 10 20 20.7
chr_Z 1600001 1700000 10 20 97.4
chr_Z 1700001 1800000 10 20 11.3
chr_Z 3500001 3600000 10 20 13.8
chr_Z 3600001 3700000 10 20 60.7
chr_Z 3800001 3900000 10 20 25
chr_Z 4100001 4200000 10 20 47.7
chr_Z 4600001 4700000 10 20 14.5
chr_Z 5200001 5300000 10 20 23
chr_Z 5300001 5400000 10 20 13.4
chr_Z 5500001 5600000 10 20 29.4
chr_Z 5600001 5700000 10 20 18.6
chr_Z 5900001 6000000 10 20 55.9
chr_Z 6000001 6100000 10 20 19.1
chr_Z 6100001 6200000 10 20 14.6
chr_Z 6300001 6400000 10 20 123.8
chr_Z 6400001 6500000 10 20 18.5
chr_Z 6700001 6800000 10 20 11.2
chr_Z 7000001 7100000 10 20 21.2
chr_Z 7100001 7200000 10 20 67
chr_Z 7500001 7600000 10 20 14.2
chr_Z 7600001 7700000 10 20 18.1
chr_Z 7800001 7900000 10 20 15.1
chr_Z 9400001 9500000 10 20 11.3
chr_Z 9900001 10000000 10 20 11.9
chr_Z 10700001 10800000 10 20 13.9
chr_Z 11100001 11200000 10 20 13.6
chr_Z 11300001 11400000 10 20 12.3
chr_Z 11900001 12000000 10 20 22.1
chr_Z 12000001 12100000 10 20 24.8
chr_Z 12600001 12700000 10 20 15.6
chr_Z 13000001 13100000 10 20 11
chr_Z 14300001 14400000 10 20 20.1
chr_Z 18000001 18100000 10 20 15.5
chr_Z 18300001 18400000 10 20 58.4
chr_Z 18700001 18800000 10 20 29.6
chr_Z 18800001 18900000 10 20 83.4
chr_Z 19500001 19600000 10 20 10.2
chr_Z 19900001 20000000 10 20 44.6
chr_Z 20300001 20400000 10 20 28.9
chr_Z 20900001 21000000 10 20 20.9
chr_Z 21500001 21600000 10 20 30.6
chr_Z 22100001 22200000 10 20 30.6
chr_Z 23100001 23200000 10 20 42.9
chr_Z 23200001 23300000 10 20 27.5
chr_Z 23700001 23800000 10 20 10.1
chr_Z 25100001 25200000 10 20 104.3
chr_Z 25600001 25700000 10 20 78.7
chr_Z 26000001 26100000 10 20 22.5
chr_Z 26200001 26300000 10 20 33.7
chr_Z 27000001 27100000 10 20 10.5
chr_Z 27100001 27200000 10 20 11.6
chr_Z 27700001 27800000 10 20 10.8
chr_Z 27800001 27900000 10 20 50.4
chr_Z 28000001 28100000 10 20 39.2
chr_Z 28900001 29000000 10 20 43.4
chr_Z 29500001 29600000 10 20 46.5
chr_Z 30200001 30300000 10 20 17.1
chr_Z 30900001 31000000 10 20 11.3
chr_Z 31000001 31100000 10 20 29.1
chr_Z 33200001 33300000 10 20 12.3
chr_Z 33500001 33600000 10 20 28.3
chr_Z 34000001 34100000 10 20 29.8
chr_Z 35400001 35500000 10 20 13.4
chr_Z 35700001 35800000 10 20 23.5
chr_Z 36200001 36300000 10 20 99.2
chr_Z 37700001 37800000 10 20 27.2
chr_Z 38100001 38200000 10 20 93.9
chr_Z 39000001 39100000 10 20 110.6
chr_Z 39100001 39200000 10 20 13.2
chr_Z 39600001 39700000 10 20 11.1
chr_Z 40400001 40500000 10 20 10.1
chr_Z 41200001 41300000 10 20 29.8
chr_Z 41900001 42000000 10 20 14.3
chr_Z 43100001 43200000 10 20 10.2
chr_Z 44200001 44300000 10 20 18.1
chr_Z 44900001 45000000 10 20 10.2
chr_Z 45300001 45400000 10 20 11.1
chr_Z 46800001 46900000 10 20 19.3
chr_Z 48200001 48300000 10 20 28.5
chr_Z 48700001 48800000 10 20 11.2
chr_Z 48900001 49000000 10 20 25.4
chr_Z 49100001 49200000 10 20 14.3
chr_Z 49500001 49600000 10 20 15.2
chr_Z 49800001 49900000 10 20 65.1
chr_Z 52100001 52200000 10 20 17.2
chr_Z 52500001 52600000 10 20 126.7
chr_Z 53000001 53100000 10 20 45
chr_Z 54000001 54100000 10 20 11.6
chr_Z 55500001 55600000 10 20 221.2
chr_Z 55800001 55900000 10 20 28.9
chr_Z 56500001 56600000 10 20 135.3
chr_Z 56800001 56900000 10 20 11.3
chr_Z 57800001 57900000 10 20 89.1
chr_Z 57900001 58000000 10 20 13.7
chr_Z 58000001 58100000 10 20 10.6
chr_Z 58200001 58300000 10 20 22.7
chr_Z 60300001 60400000 10 20 12.7
chr_Z 60800001 60900000 10 20 12.9
chr_Z 60900001 61000000 10 20 90.2
chr_Z 61500001 61600000 10 20 23.2
chr_Z 61700001 61800000 10 20 41.3
chr_Z 62000001 62100000 10 20 50.5
chr_Z 63200001 63300000 10 20 10.4
chr_Z 63400001 63500000 10 20 27.1
chr_Z 63900001 64000000 10 20 30.6
chr_Z 64000001 64100000 10 20 33.8
chr_Z 64200001 64300000 10 20 12
chr_Z 64300001 64400000 10 20 33.5
chr_Z 64400001 64500000 10 20 23
chr_Z 64500001 64600000 10 20 11.4
chr_Z 64900001 65000000 10 20 92.9
chr_Z 65200001 65300000 10 20 10.7
chr_Z 67500001 67600000 10 20 96.5
chr_Z 67600001 67700000 10 20 27
chr_Z 69400001 69500000 10 20 26.5
chr_Z 69700001 69800000 10 20 41
chr_Z 70100001 70200000 10 20 18.1
chr_Z 70500001 70600000 10 20 29.5
chr_Z 70900001 71000000 10 20 89.7
chr_Z 71400001 71500000 10 20 10.7
chr_Z 72700001 72800000 10 20 12.8
chr_Z 73600001 73700000 10 20 18.3
chr_Z 73900001 74000000 10 20 16.6
chr_Z 74500001 74600000 10 20 23.2
chr_Z 75300001 75400000 10 20 70.8
chr_Z 75800001 75900000 10 20 47.8
chr_Z 76100001 76200000 10 20 59.6
chr_Z 76600001 76700000 10 20 652.5
chr_Z 76800001 76900000 10 20 12.5
chr_Z 77100001 77200000 10 20 10.4
chr_Z 77300001 77400000 10 20 49.4
chr_Z 78200001 78300000 10 20 10.2
chr_Z 78300001 78400000 10 20 41.6
chr_Z 78700001 78800000 10 20 61.4
chr_Z 79700001 79800000 10 20 87
chr_Z 80200001 80300000 10 20 57.8
chr_Z 80400001 80500000 10 20 80.5
chr_Z 80800001 80900000 10 20 10.5
chr_Z 81000001 81100000 10 20 49.5
chr_Z 81700001 81800000 10 20 87.6
chr_Z 82500001 82600000 10 20 10.2
chr_Z 83300001 83400000 10 20 13.4
chr_Z 83500001 83600000 10 20 39.3
chr_Z 83900001 84000000 10 20 193.2
chr_Z 84100001 84200000 10 20 42.7
chr_Z 84200001 84300000 10 20 25.9
chr_Z 84600001 84700000 10 20 131.8
chr_Z 84800001 84900000 10 20 101.9
chr_Z 84900001 85000000 10 20 11.3
chr_Z 85800001 85900000 10 20 13.6
chr_Z 86500001 86600000 10 20 16.7
chr_Z 87000001 87100000 10 20 260
chr_Z 87200001 87300000 10 20 141
chr_Z 87500001 87600000 10 20 54.4
chr_Z 87600001 87700000 10 20 24.7
chr_Z 87900001 88000000 10 20 232.4
chr_Z 88000001 88100000 10 20 138.1
chr_Z 88100001 88200000 10 20 149.1
chr_Z 88200001 88300000 10 20 137.7
chr_Z 88300001 88400000 10 20 110.5
chr_Z 88500001 88600000 10 20 49.3
chr_Z 400001 500000 20 30 27.5
chr_Z 800001 900000 20 30 65.4
chr_Z 900001 1000000 20 30 93
chr_Z 1100001 1200000 20 30 52.6
chr_Z 1300001 1400000 20 30 28.2
chr_Z 4800001 4900000 20 30 27.5
chr_Z 5400001 5500000 20 30 17.9
chr_Z 6000001 6100000 20 30 16.4
chr_Z 6900001 7000000 20 30 23.9
chr_Z 7400001 7500000 20 30 46.1
chr_Z 7800001 7900000 20 30 54.3
chr_Z 8700001 8800000 20 30 34
chr_Z 14900001 15000000 20 30 12.8
chr_Z 15500001 15600000 20 30 15.7
chr_Z 16200001 16300000 20 30 17.5
chr_Z 17700001 17800000 20 30 11.5
chr_Z 18300001 18400000 20 30 18.6
chr_Z 18700001 18800000 20 30 30.1
chr_Z 18800001 18900000 20 30 41.7
chr_Z 22100001 22200000 20 30 16.7
chr_Z 26100001 26200000 20 30 44.6
chr_Z 26200001 26300000 20 30 10.5
chr_Z 27800001 27900000 20 30 11.1
chr_Z 28900001 29000000 20 30 41
chr_Z 29500001 29600000 20 30 10.8
chr_Z 33500001 33600000 20 30 13.6
chr_Z 38100001 38200000 20 30 21.6
chr_Z 39000001 39100000 20 30 46.3
chr_Z 39900001 40000000 20 30 11.9
chr_Z 42500001 42600000 20 30 33.9
chr_Z 44500001 44600000 20 30 14.4
chr_Z 44600001 44700000 20 30 15.1
chr_Z 45400001 45500000 20 30 28.1
chr_Z 46100001 46200000 20 30 10.3
chr_Z 48200001 48300000 20 30 29.6
chr_Z 49200001 49300000 20 30 28.5
chr_Z 57800001 57900000 20 30 16.8
chr_Z 61900001 62000000 20 30 16.6
chr_Z 64900001 65000000 20 30 32.6
chr_Z 70000001 70100000 20 30 32.5
chr_Z 70600001 70700000 20 30 47.8
chr_Z 71400001 71500000 20 30 22.7
chr_Z 73900001 74000000 20 30 11.1
chr_Z 74800001 74900000 20 30 43.7
chr_Z 75300001 75400000 20 30 12.5
chr_Z 77700001 77800000 20 30 42.4
chr_Z 77900001 78000000 20 30 12.1
chr_Z 78300001 78400000 20 30 26.4
chr_Z 80700001 80800000 20 30 12.4
chr_Z 81700001 81800000 20 30 43.8
chr_Z 82000001 82100000 20 30 12.2
chr_Z 84800001 84900000 20 30 30.7
chr_Z 84900001 85000000 20 30 25.2
chr_Z 85700001 85800000 20 30 13.5
chr_Z 87600001 87700000 20 30 53.3
chr_Z 87900001 88000000 20 30 97.5
chr_Z 88000001 88100000 20 30 305.6
chr_Z 88100001 88200000 20 30 248.4
chr_Z 88300001 88400000 20 30 10.3
chr_Z 88400001 88500000 20 30 18
chr_Z 88500001 88600000 20 30 14.3
chr_Z 600001 700000 30 40 46.5
chr_Z 800001 900000 30 40 17.2
chr_Z 1000001 1100000 30 40 18
chr_Z 1500001 1600000 30 40 26.8
chr_Z 1600001 1700000 30 40 35.5
chr_Z 6300001 6400000 30 40 27.7
chr_Z 15300001 15400000 30 40 39.9
chr_Z 16300001 16400000 30 40 10.1
chr_Z 18000001 18100000 30 40 12.1
chr_Z 18700001 18800000 30 40 19.6
chr_Z 22100001 22200000 30 40 23.9
chr_Z 38100001 38200000 30 40 16.2
chr_Z 39000001 39100000 30 40 29.2
chr_Z 48200001 48300000 30 40 10.8
chr_Z 49800001 49900000 30 40 17.8
chr_Z 60900001 61000000 30 40 15.1
chr_Z 64900001 65000000 30 40 17.2
chr_Z 74000001 74100000 30 40 20.4
chr_Z 74800001 74900000 30 40 22.3
chr_Z 77700001 77800000 30 40 22
chr_Z 80000001 80100000 30 40 12.1
chr_Z 81200001 81300000 30 40 10.2
chr_Z 82200001 82300000 30 40 12.2
chr_Z 82600001 82700000 30 40 38.6
chr_Z 83900001 84000000 30 40 39.4
chr_Z 84600001 84700000 30 40 53.3
chr_Z 84800001 84900000 30 40 27
chr_Z 85600001 85700000 30 40 27.3
chr_Z 85900001 86000000 30 40 17.3
chr_Z 87000001 87100000 30 40 51.7
chr_Z 87100001 87200000 30 40 68.4
chr_Z 87200001 87300000 30 40 13.2
chr_Z 87400001 87500000 30 40 12.9
chr_Z 87600001 87700000 30 40 34.9
chr_Z 87800001 87900000 30 40 55.7
chr_Z 87900001 88000000 30 40 41.9
chr_Z 88000001 88100000 30 40 292.8
chr_Z 88100001 88200000 30 40 236.4
chr_Z 88200001 88300000 30 40 17.8
chr_Z 88300001 88400000 30 40 128.5
chr_Z 88500001 88600000 30 40 11.2
chr_Z 800001 900000 40 50 20.3
chr_Z 1000001 1100000 40 50 27.2
chr_Z 1100001 1200000 40 50 26.3
chr_Z 1600001 1700000 40 50 11.2
chr_Z 5900001 6000000 40 50 13.1
chr_Z 6500001 6600000 40 50 10.6
chr_Z 6900001 7000000 40 50 11.8
chr_Z 8700001 8800000 40 50 16.2
chr_Z 22100001 22200000 40 50 10.3
chr_Z 28900001 29000000 40 50 21.6
chr_Z 51700001 51800000 40 50 12.5
chr_Z 52000001 52100000 40 50 12
chr_Z 69700001 69800000 40 50 13.9
chr_Z 70000001 70100000 40 50 16.7
chr_Z 70600001 70700000 40 50 23.9
chr_Z 73700001 73800000 40 50 10.9
chr_Z 74000001 74100000 40 50 13.2
chr_Z 79500001 79600000 40 50 13.2
chr_Z 81300001 81400000 40 50 15.8
chr_Z 81700001 81800000 40 50 21.6
chr_Z 83900001 84000000 40 50 12.2
chr_Z 84300001 84400000 40 50 21.2
chr_Z 84800001 84900000 40 50 15.1
chr_Z 85200001 85300000 40 50 18.3
chr_Z 85400001 85500000 40 50 14.3
chr_Z 86400001 86500000 40 50 26.3
chr_Z 87200001 87300000 40 50 28.1
chr_Z 87600001 87700000 40 50 76.7
chr_Z 87900001 88000000 40 50 145.1
chr_Z 88000001 88100000 40 50 115.5
chr_Z 88100001 88200000 40 50 11.9
chr_Z 88200001 88300000 40 50 12.7
chr_Z 88300001 88400000 40 50 59.3
chr_Z 600001 700000 50 60 31
chr_Z 800001 900000 50 60 12.1
chr_Z 1900001 2000000 50 60 13.2
chr_Z 5300001 5400000 50 60 16.1
chr_Z 18700001 18800000 50 60 11.9
chr_Z 22100001 22200000 50 60 19.6
chr_Z 71400001 71500000 50 60 11.4
chr_Z 78700001 78800000 50 60 20.4
chr_Z 87800001 87900000 50 60 69.4
chr_Z 87900001 88000000 50 60 18.9
chr_Z 88000001 88100000 50 60 68.9
chr_Z 88100001 88200000 50 60 165.4
chr_Z 88200001 88300000 50 60 13.1
chr_Z 900001 1000000 60 70 21.5
chr_Z 1100001 1200000 60 70 22.5
chr_Z 5900001 6000000 60 70 12
chr_Z 7800001 7900000 60 70 18.1
chr_Z 56500001 56600000 60 70 27.1
chr_Z 77700001 77800000 60 70 13.9
chr_Z 78700001 78800000 60 70 15.3
chr_Z 87000001 87100000 60 70 17
chr_Z 87500001 87600000 60 70 29.2
chr_Z 87600001 87700000 60 70 17.8
chr_Z 88000001 88100000 60 70 26
chr_Z 88100001 88200000 60 70 53.9
chr_Z 6300001 6400000 70 80 31
chr_Z 74800001 74900000 70 80 11.2
chr_Z 85600001 85700000 70 80 13.7
chr_Z 87100001 87200000 70 80 14.5
chr_Z 87600001 87700000 70 80 17.5
chr_Z 87700001 87800000 70 80 23.1
chr_Z 87900001 88000000 70 80 11
chr_Z 88000001 88100000 70 80 16.7
chr_Z 88100001 88200000 70 80 10.8
chr_Z 88500001 88600000 70 80 11.6
chr_Z 88100001 88200000 80 90 41.2
chr_Z 86300001 86400000 90 100 14.1
chr_Z 87600001 87700000 90 100 24.9
chr_Z 87900001 88000000 90 100 37.8
chr_Z 88000001 88100000 90 100 14.5
chr_Z 88100001 88200000 90 100 28.4
chr_Z 88300001 88400000 90 100 11.2
chr_Z 87600001 87700000 100 110 10.6
chr_Z 87900001 88000000 100 110 13.4
chr_Z 88000001 88100000 100 110 11.2
chr_Z 87500001 87600000 120 130 14.6
chr_Z 87600001 87700000 130 140 16.7
chr_Z 23800001 23900000 140 150 146.6
chr_Z 23900001 24000000 140 150 32.5
chr_Z 23900001 24000000 190 200 31.6
