399 62.9006 0.0699455
1511 62.9006 0.0992572
1977 62.9006 0.361301
6143 62.9006 0.720589
11855 62.9006 1.28116
20767 62.9006 1.32217
21419 62.9006 1.394
22561 62.9006 1.48206
23961 62.9006 1.70989
27583 62.9006 1.73926
28050 62.9006 1.99269
32079 62.9006 2.26845
36463 62.9006 2.59968
41729 62.9006 2.63
42211 62.9006 2.85669
45815 62.9006 2.93041
46987 62.9006 3.02112
48429 62.9006 3.494
55947 62.9006 3.51206
56234 62.9006 3.8514
61629 62.9006 3.92387
62781 62.9006 3.97437
63584 62.9006 3.97903
63658 62.9006 4.12062
65909 62.9006 4.20459
67244 62.9006 4.25862
68103 62.9006 4.36134
69736 62.9006 4.46827
71436 62.9006 4.55495
72814 62.9006 4.75233
75952 62.9006 5.00834
80022 62.9006 5.34976
85450 62.9006 5.43543
86812 62.9006 5.57369
89010 62.9006 5.88096
93895 62.9006 6.24785
99728 62.9006 6.25886
99903 62.9006 6.29421
100465 62.9006 6.38988
101986 62.9006 6.4765
103363 62.9006 6.48581
103511 62.9006 6.71716
107189 62.9006 6.86868
109598 62.9006 7.13217
113787 62.9006 7.7291
123277 62.9006 7.75539
123695 62.9006 7.94321
126681 62.9006 8.19299
130652 62.9006 8.39484
133861 62.9006 8.42912
134406 62.9006 8.53442
136080 62.9006 8.84037
140944 62.9006 8.90314
141942 62.9006 9.08926
144901 62.9006 9.11883
145371 62.9006 9.20129
146682 62.9006 9.30438
148321 62.9006 9.35206
149079 62.9006 9.872
157345 62.9006 9.95698
158696 62.9006 10.0742
160559 62.9006 10.1573
161880 62.9006 10.2621
163547 62.9006 10.2684
163647 62.9006 10.6253
169321 62.9006 10.7108
170680 62.9006 10.7323
171022 62.9006 10.7832
171832 62.9006 10.7959
172034 62.9006 11.1015
176891 62.9006 11.7824
187717 62.9006 11.994
191081 62.9006 12.171
193895 62.9006 12.2678
195433 62.9006 12.3078
196069 62.9006 12.6103
200879 62.9006 12.7445
203012 62.9006 12.9495
206272 62.9006 12.9752
206680 62.9006 13.1157
208914 62.9006 13.1643
209686 62.9006 13.5053
215107 62.9006 13.734
218744 62.9006 13.8656
220835 62.9006 14.0316
223474 62.9006 14.0893
224392 62.9006 14.1848
225911 62.9006 14.9988
238852 62.9006 15.1327
240980 62.9006 15.2935
243536 62.9006 15.5245
247209 62.9006 16.0312
255265 62.9006 16.2355
258512 62.9006 16.469
262224 62.9006 16.7336
266432 62.9006 16.9481
269842 62.9006 16.9931
270557 62.9006 17.1475
273012 62.9006 17.5098
278772 62.9006 17.5508
279424 62.9006 17.9154
285220 62.9006 17.9871
286359 62.9006 18.2588
290679 62.9006 18.5086
294650 62.9006 18.5577
295431 62.9006 19.5182
310702 62.9006 20.2483
322308 62.9006 20.3618
324113 62.9006 20.3695
324235 62.9006 20.6251
328299 62.9006 20.6727
329056 62.9006 20.946
333400 62.9006 21.094
335753 62.9006 21.2018
337468 62.9006 21.4819
341920 62.9006 21.5584
343137 62.9006 21.5666
343267 62.9006 21.5998
343795 62.9006 21.8208
347308 62.9006 22.146
352478 62.9006 22.1541
352607 62.9006 22.3333
355456 62.9006 22.9538
365320 62.9006 23.1284
368096 62.9006 23.498
373973 62.9006 23.5826
375318 62.9006 23.8179
379058 62.9006 24.2704
386252 62.9006 24.4549
389185 62.9006 24.5009
389917 62.9006 24.7197
393395 62.9006 24.8262
395089 62.9006 24.8892
396090 62.9006 25.2028
401076 62.9006 25.2071
401144 62.9006 25.3235
402995 62.9006 25.5203
406123 62.9006 25.8267
410995 62.9006 26.1945
416842 62.9006 26.4002
420112 62.9006 26.4968
421648 62.9006 26.53
422176 62.9006 26.6608
424255 62.9006 26.7843
426219 62.9006 26.9328
428579 62.9006 27.4921
437471 62.9006 27.6434
439877 62.9006 27.7773
442006 62.9006 28.2262
449142 62.9006 28.4072
452020 62.9006 28.4895
453328 62.9006 28.7514
457492 62.9006 28.8564
459161 62.9006 29.0795
462708 62.9006 29.0871
462829 62.9006 29.2848
465972 62.9006 29.3014
466235 62.9006 29.379
467469 62.9006 29.3807
467497 62.9006 29.5699
470504 62.9006 29.5875
470784 62.9006 29.9063
475853 62.9006 29.9504
476554 62.9006 29.9907
477194 62.9006 30.209
480665 62.9006 30.2619
481505 62.9006 30.2963
482053 62.9006 30.4894
485123 62.9006 30.8649
491092 62.9006 30.8816
491357 62.9006 31.0737
494412 62.9006 31.0893
494660 62.9006 31.1769
496053 62.9006 31.6477
503537 62.9006 31.8383
506567 62.9006 31.8832
507282 62.9006 31.8912
507409 62.9006 32.0617
510119 62.9006 32.2415
512978 62.9006 32.3325
514424 62.9006 32.5099
517244 62.9006 32.5805
518367 62.9006 32.6436
519370 62.9006 32.9663
524501 62.9006 33.1094
526775 62.9006 33.1674
527697 62.9006 33.1876
528018 62.9006 33.2213
528555 62.9006 33.2394
528842 62.9006 33.3065
529909 62.9006 33.6174
534852 62.9006 34.0287
541391 62.9006 34.2037
544172 62.9006 34.2644
545138 62.9006 34.4081
547423 62.9006 34.4922
548759 62.9006 34.6824
551783 62.9006 34.8425
554328 62.9006 35.0392
557456 62.9006 35.0801
558106 62.9006 35.1748
559612 62.9006 35.381
562890 62.9006 35.6033
566424 62.9006 35.6889
567784 62.9006 35.8676
570625 62.9006 36.0177
573012 62.9006 36.1248
574714 62.9006 36.1534
575169 62.9006 36.4392
579713 62.9006 36.4936
580578 62.9006 36.6517
583092 62.9006 36.8233
585820 62.9006 36.9618
588021 62.9006 37.1275
590655 62.9006 37.1971
591762 62.9006 37.8034
601401 62.9006 38.2936
609194 62.9006 38.4091
611031 62.9006 38.5938
613967 62.9006 38.6084
614199 62.9006 38.6165
614328 62.9006 38.661
615035 62.9006 38.8002
617249 62.9006 39.1125
622213 62.9006 39.2483
624372 62.9006 39.3489
625972 62.9006 39.5837
629704 62.9006 39.6804
631242 62.9006 40.1206
638240 62.9006 40.1823
639221 62.9006 40.6639
646878 62.9006 40.9026
650673 62.9006 41.0409
652872 62.9006 41.156
654701 62.9006 41.2813
656693 62.9006 41.2845
656744 62.9006 41.8668
666002 62.9006 41.8824
666249 62.9006 41.9136
666745 62.9006 42.2208
671629 62.9006 42.3676
673963 62.9006 42.4398
675111 62.9006 42.5304
676551 62.9006 42.7091
679392 62.9006 42.8097
680992 62.9006 42.8201
681157 62.9006 42.8205
681163 62.9006 42.8272
681270 62.9006 42.8454
681559 62.9006 42.9152
682669 62.9006 43.1196
685918 62.9006 43.9112
698503 62.9006 44.073
701076 62.9006 44.4082
706405 62.9006 44.4739
707449 62.9006 44.5131
708073 62.9006 44.7822
712351 62.9006 44.9235
714597 62.9006 44.9242
714609 62.9006 45.324
720964 62.9006 45.3369
721170 62.9006 45.3496
721372 62.9006 45.3713
721717 62.9006 45.581
725050 62.9006 45.5828
725079 62.9006 45.6935
726839 62.9006 45.698
726911 62.9006 45.7561
727834 62.9006 46.6036
741307 62.9006 46.6452
741969 62.9006 46.7277
743280 62.9006 46.8413
745087 62.9006 47.1297
749672 62.9006 47.2752
751984 62.9006 47.3153
752622 62.9006 47.5378
756160 62.9006 47.6747
758336 62.9006 47.7167
759004 62.9006 48.4345
770416 62.9006 48.8185
776520 62.9006 49.1084
781129 62.9006 49.1859
782362 62.9006 49.2506
783390 62.9006 49.3794
785437 62.9006 49.7071
790647 62.9006 49.8137
792342 62.9006 49.872
793269 62.9006 49.9798
794983 62.9006 50.0845
796647 62.9006 50.313
800280 62.9006 50.4141
801887 62.9006 50.445
802379 62.9006 50.5087
803392 62.9006 50.5973
804800 62.9006 50.6944
806343 62.9006 51.1354
813355 62.9006 51.3365
816551 62.9006 51.3446
816680 62.9006 51.4174
817838 62.9006 51.5334
819682 62.9006 51.6035
820796 62.9006 51.7008
822343 62.9006 51.7122
822524 62.9006 51.7724
823482 62.9006 52.0687
828192 62.9006 52.1541
829550 62.9006 52.2298
830753 62.9006 52.2449
830994 62.9006 52.4439
834158 62.9006 52.8767
841038 62.9006 52.9053
841493 62.9006 52.908
841535 62.9006 53.3131
847976 62.9006 53.5582
851872 62.9006 53.6985
854103 62.9006 53.7749
855318 62.9006 53.8251
856116 62.9006 53.9089
857448 62.9006 54.0258
859307 62.9006 54.1431
861172 62.9006 54.2306
862562 62.9006 54.2421
862745 62.9006 54.266
863125 62.9006 54.4947
866761 62.9006 54.7566
870925 62.9006 54.8941
873111 62.9006 55.0384
875405 62.9006 55.6993
885912 62.9006 55.7588
886858 62.9006 56.1685
893372 62.9006 56.3566
896362 62.9006 56.6002
900234 62.9006 56.6456
900957 62.9006 56.9045
905073 62.9006 57.1391
908802 62.9006 57.1722
909329 62.9006 57.1926
909652 62.9006 57.459
913888 62.9006 57.4742
914129 62.9006 57.701
917735 62.9006 58.0803
923765 62.9006 58.0938
923980 62.9006 58.1031
924127 62.9006 58.5642
931459 62.9006 58.8126
935408 62.9006 58.9639
937813 62.9006 59.016
938641 62.9006 59.2313
942064 62.9006 59.6558
948813 62.9006 60.0864
955658 62.9006 60.1486
956647 62.9006 60.4419
961311 62.9006 60.9906
970034 62.9006 61.3241
975336 62.9006 61.4017
976570 62.9006 61.5974
979680 62.9006 61.7586
982243 62.9006 61.8568
983804 62.9006 61.8644
983925 62.9006 61.9625
985485 62.9006 62.4652
993477 62.9006 62.893
1000278 62.9006 62.9208
1000720 62.9006 63.2982
1006720 62.9006 63.4833
1009662 62.9006 63.9045
1016359 62.9006 64.0025
1017917 62.9006 64.1587
1020401 62.9006 64.2077
1021180 62.9006 64.3842
1023986 62.9006 64.4295
1024706 62.9006 64.5406
1026472 62.9006 64.8252
1030997 62.9006 65.2254
1037359 62.9006 65.3248
1038939 62.9006 65.4134
1040348 62.9006 65.5695
1042829 62.9006 65.6436
1044008 62.9006 65.8624
1047486 62.9006 65.9188
1048383 62.9006 65.9501
1048880 62.9006 66.0549
1050546 62.9006 66.6426
1059890 62.9006 66.8664
1063448 62.9006 66.9278
1064423 62.9006 67.2324
1069266 62.9006 67.2953
1070267 62.9006 67.6982
1076672 62.9006 67.7565
1077598 62.9006 67.9547
1080749 62.9006 68.0166
1081733 62.9006 68.1866
1084436 62.9006 68.2074
1084767 62.9006 68.2411
1085303 62.9006 68.3638
1087254 62.9006 68.9322
1096290 62.9006 69.1195
1099268 62.9006 69.3223
1102491 62.9006 69.3309
1102629 62.9006 69.4532
1104573 62.9006 69.4891
1105143 62.9006 69.5148
1105552 62.9006 69.6883
1108311 62.9006 69.8674
1111157 62.9006 69.8762
1111298 62.9006 70.1
1114856 62.9006 70.343
1118719 62.9006 70.3504
1118837 62.9006 70.5361
1121789 62.9006 70.6276
1123244 62.9006 70.6359
1123376 62.9006 70.8434
1126674 62.9006 70.8489
1126762 62.9006 70.9664
1128630 62.9006 71.1069
1130863 62.9006 71.2927
1133818 62.9006 71.7121
1140485 62.9006 71.7649
1141325 62.9006 71.7929
1141770 62.9006 71.8668
1142944 62.9006 72.0951
1146574 62.9006 72.3279
1150275 62.9006 72.5947
1154517 62.9006 72.9474
1160124 62.9006 73.1362
1163126 62.9006 73.2551
1165015 62.9006 73.9785
1176517 62.9006 74.1887
1179858 62.9006 74.31
1181787 62.9006 74.5122
1185001 62.9006 74.6326
1186915 62.9006 74.6564
1187293 62.9006 74.7108
1188158 62.9006 74.8688
1190670 62.9006 75.2313
1196433 62.9006 75.7226
1204244 62.9006 75.8157
1205725 62.9006 75.8293
1205941 62.9006 75.9261
1207480 62.9006 76.0939
1210148 62.9006 76.2297
1212307 62.9006 76.3241
1213807 62.9006 76.3411
1214077 62.9006 76.5653
1217641 62.9006 76.7732
1220947 62.9006 76.962
1223949 62.9006 77.1821
1227447 62.9006 77.7011
1235699 62.9006 77.705
1235761 62.9006 78.2392
1244253 62.9006 78.3033
1245272 62.9006 78.3888
1246632 62.9006 78.4432
1247496 62.9006 78.6839
1251324 62.9006 78.7213
1251918 62.9006 78.9735
1255927 62.9006 78.9785
1256007 62.9006 79.0138
1256568 62.9006 79.4779
1263947 62.9006 79.5786
1265547 62.9006 79.6416
1266549 62.9006 79.8106
1269235 62.9006 79.9701
1271771 62.9006 80.2373
1276020 62.9006 80.3677
1278092 62.9006 80.4007
1278617 62.9006 80.5981
1281755 62.9006 80.7522
1284206 62.9006 81.2295
1291793 62.9006 81.3592
1293856 62.9006 81.3705
1294035 62.9006 81.4919
1295965 62.9006 81.6305
1298169 62.9006 82.03
1304520 62.9006 82.387
1310196 62.9006 82.4152
1310644 62.9006 82.7193
1315478 62.9006 83.0699
1321053 62.9006 83.1653
1322569 62.9006 83.4347
1326852 62.9006 83.9338
1334787 62.9006 83.9707
1335373 62.9006 84.605
1345458 62.9006 84.6107
1345548 62.9006 84.6456
1346103 62.9006 84.7196
1347280 62.9006 84.7349
1347523 62.9006 84.7902
1348402 62.9006 84.9063
1350248 62.9006 85.0195
1352048 62.9006 85.2499
1355710 62.9006 85.2947
1356422 62.9006 85.3204
1356831 62.9006 85.6054
1361362 62.9006 85.7031
1362915 62.9006 85.7416
1363528 62.9006 85.7482
1363633 62.9006 85.9276
1366485 62.9006 86.0016
1367661 62.9006 86.0641
1368655 62.9006 86.2693
1371916 62.9006 86.3509
1373214 62.9006 86.5073
1375700 62.9006 86.6586
1378106 62.9006 87.3233
1388674 62.9006 87.3713
1389437 62.9006 87.5124
1391679 62.9006 87.6859
1394438 62.9006 87.7823
1395971 62.9006 87.826
1396665 62.9006 88.0002
1399435 62.9006 88.2831
1403932 62.9006 88.5217
1407725 62.9006 88.5235
1407755 62.9006 88.7231
1410928 62.9006 89.0142
1415555 62.9006 89.1483
1417687 62.9006 89.5311
1423773 62.9006 89.5627
1424276 62.9006 90.1085
1432953 62.9006 90.2378
1435008 62.9006 90.3049
1436075 62.9006 90.8292
1444411 62.9006 91.1707
1449839 62.9006 91.4084
1453618 62.9006 91.415
1453723 62.9006 91.4186
1453781 62.9006 91.6111
1456841 62.9006 91.7366
1458836 62.9006 92.6106
1472732 62.9006 92.8668
1476805 62.9006 92.9792
1478592 62.9006 93.1013
1480533 62.9006 93.3283
1484142 62.9006 93.3436
1484385 62.9006 93.4563
1486176 62.9006 93.7358
1490620 62.9006 93.8781
1492882 62.9006 94.4858
1502543 62.9006 94.7137
1506166 62.9006 95.0959
1512243 62.9006 95.1984
1513873 62.9006 95.7565
1522746 62.9006 95.7625
1522841 62.9006 96.394
1532881 62.9006 96.403
1533024 62.9006 96.5543
1535428 62.9006 96.6419
1536822 62.9006 97.2782
1546937 62.9006 97.344
1547983 62.9006 97.365
1548318 62.9006 97.3747
1548472 62.9006 97.8177
1555515 62.9006 98.2798
1562861 62.9006 98.6671
1569018 62.9006 98.8514
1571949 62.9006 98.9134
1572934 62.9006 98.9277
1573161 62.9006 99.089
1575725 62.9006 99.4505
1581472 62.9006 99.5467
1583002 62.9006 99.5569
1583164 62.9006 99.6368
1584434 62.9006 99.9738
1589793 62.9006 100.214
1593618 62.9006 100.428
1597018 62.9006 100.526
1598571 62.9006 101.102
1607722 62.9006 101.456
1613363 62.9006 101.469
1613561 62.9006 101.614
1615875 62.9006 101.766
1618288 62.9006 101.839
1619452 62.9006 102.218
1625468 62.9006 102.423
1628726 62.9006 102.983
1637639 62.9006 103.013
1638109 62.9006 103.323
1643035 62.9006 103.901
1652226 62.9006 104.002
1653834 62.9006 104.063
1654797 62.9006 104.481
1661448 62.9006 104.618
1663628 62.9006 104.794
1666419 62.9006 105.175
1672474 62.9006 105.337
1675064 62.9006 105.467
1677125 62.9006 105.909
1684151 62.9006 105.989
1685420 62.9006 106.659
1696067 62.9006 106.705
1696809 62.9006 107.156
1703983 62.9006 107.351
1707068 62.9006 107.396
1707785 62.9006 107.696
1712553 62.9006 107.698
1712592 62.9006 107.717
1712888 62.9006 107.757
1713536 62.9006 107.954
1716655 62.9006 107.973
1716964 62.9006 108.465
1724780 62.9006 108.699
1728513 62.9006 108.776
1729738 62.9006 108.833
1730630 62.9006 109.015
1733534 62.9006 109.089
1734711 62.9006 109.349
1738836 62.9006 109.516
1741491 62.9006 109.589
1742660 62.9006 109.592
1742709 62.9006 109.603
1742875 62.9006 109.702
1744448 62.9006 109.993
1749079 62.9006 110.116
1751039 62.9006 110.371
1755094 62.9006 110.495
1757052 62.9006 110.591
1758588 62.9006 110.833
1762425 62.9006 110.866
1762960 62.9006 110.917
1763769 62.9006 111.142
1767348 62.9006 111.19
1768110 62.9006 111.205
1768345 62.9006 111.234
1768803 62.9006 111.349
1770636 62.9006 111.396
1771387 62.9006 111.971
1780530 62.9006 112.268
1785249 62.9006 112.324
1786134 62.9006 112.777
1793339 62.9006 112.952
1796125 62.9006 113.137
1799062 62.9006 113.819
1809901 62.9006 113.882
1810900 62.9006 113.996
1812714 62.9006 114.284
1817303 62.9006 115.084
1830013 62.9006 115.134
1830808 62.9006 115.217
1832129 62.9006 115.311
1833623 62.9006 115.779
1841059 62.9006 115.934
1843526 62.9006 116.013
1844785 62.9006 116.484
1852279 62.9006 116.623
1854487 62.9006 116.81
1857462 62.9006 116.925
1859284 62.9006 117.358
1866173 62.9006 117.372
1866398 62.9006 117.563
1869428 62.9006 117.719
1871907 62.9006 117.9
1874784 62.9006 117.982
1876092 62.9006 118.021
1876707 62.9006 118.371
1882268 62.9006 118.412
1882924 62.9006 118.631
1886414 62.9006 118.799
1889083 62.9006 118.994
1892172 62.9006 119.189
1895284 62.9006 119.194
1895352 62.9006 119.483
1899948 62.9006 119.549
1901007 62.9006 120.445
1915239 62.9006 120.519
1916414 62.9006 120.591
1917559 62.9006 120.741
1919944 62.9006 120.852
1921715 62.9006 120.935
1923039 62.9006 120.954
1923339 62.9006 121.005
1924151 62.9006 121.019
1924365 62.9006 121.308
1928967 62.9006 121.473
1931586 62.9006 121.503
1932064 62.9006 121.619
1933905 62.9006 121.682
1934904 62.9006 121.764
1936210 62.9006 121.904
1938436 62.9006 121.932
1938885 62.9006 122.167
1942629 62.9006 122.33
1945214 62.9006 122.338
1945343 62.9006 122.502
1947941 62.9006 122.656
1950401 62.9006 122.683
1950826 62.9006 122.686
1950871 62.9006 122.847
1953433 62.9006 123.215
1959283 62.9006 123.386
1961995 62.9006 123.543
1964491 62.9006 123.803
1968637 62.9006 123.838
1969181 62.9006 123.888
1969976 62.9006 123.956
1971057 62.9006 124.626
1981721 62.9006 124.651
1982111 62.9006 124.789
1984308 62.9006 125.086
1989028 62.9006 125.573
1996765 62.9006 125.824
2000764 62.9006 125.835
2000930 62.9006 125.938
2002575 62.9006 125.976
2003181 62.9006 126.448
2010680 62.9006 126.722
2015042 62.9006 127.042
2020129 62.9006 127.122
2021391 62.9006 127.491
2027258 62.9006 127.757
2031500 62.9006 128.008
2035476 62.9006 128.43
2042189 62.9006 128.475
2042903 62.9006 128.495
2043219 62.9006 128.582
2044612 62.9006 128.674
2046077 62.9006 128.749
2047267 62.9006 128.813
2048287 62.9006 129.424
2057988 62.9006 129.539
2059822 62.9006 130.16
2069698 62.9006 130.895
2081388 62.9006 131.133
2085162 62.9006 131.37
2088927 62.9006 131.434
2089956 62.9006 131.435
2089962 62.9006 131.787
2095563 62.9006 131.819
2096070 62.9006 131.951
2098165 62.9006 132.122
2100885 62.9006 132.53
2107379 62.9006 132.61
2108650 62.9006 132.762
2111068 62.9006 132.88
2112946 62.9006 132.911
2113426 62.9006 133.225
2118426 62.9006 133.408
2121328 62.9006 133.482
2122507 62.9006 133.788
2127380 62.9006 134.118
2132628 62.9006 134.155
2133210 62.9006 134.185
2133684 62.9006 134.348
2136272 62.9006 134.625
2140686 62.9006 134.648
2141045 62.9006 134.938
2145650 62.9006 135.104
2148302 62.9006 135.263
2150823 62.9006 135.347
2152155 62.9006 136.03
2163020 62.9006 136.374
2168480 62.9006 136.529
2170958 62.9006 136.7
2173665 62.9006 136.808
2175381 62.9006 137.103
2180068 62.9006 137.5
2186395 62.9006 137.517
2186656 62.9006 137.586
2187760 62.9006 137.698
2189535 62.9006 137.883
2192478 62.9006 138.705
2205548 62.9006 138.718
2205749 62.9006 138.902
2208671 62.9006 138.954
2209496 62.9006 139.169
2212927 62.9006 139.253
2214255 62.9006 139.684
2221106 62.9006 139.689
2221182 62.9006 139.693
2221255 62.9006 139.83
2223423 62.9006 139.967
2225613 62.9006 140.743
2237944 62.9006 140.814
2239080 62.9006 141.824
2255129 62.9006 141.948
2257107 62.9006 142.069
2259028 62.9006 142.24
2261746 62.9006 142.285
2262456 62.9006 142.55
2266669 62.9006 142.683
2268785 62.9006 142.754
2269913 62.9006 142.97
2273344 62.9006 143.251
2277811 62.9006 143.304
2278654 62.9006 143.642
2284040 62.9006 143.784
2286295 62.9006 143.829
2287014 62.9006 144.05
2290523 62.9006 144.059
2290660 62.9006 144.159
2292257 62.9006 144.299
2294480 62.9006 144.472
2297223 62.9006 144.489
2297503 62.9006 144.617
2299528 62.9006 144.746
2301582 62.9006 144.839
2303064 62.9006 145.534
2314116 62.9006 145.63
2315639 62.9006 146.073
2322688 62.9006 146.082
2322827 62.9006 146.411
2328058 62.9006 146.544
2330177 62.9006 146.821
2334567 62.9006 146.921
2336163 62.9006 147.027
2337842 62.9006 147.049
2338200 62.9006 147.061
2338385 62.9006 147.123
2339378 62.9006 147.143
2339693 62.9006 147.5
2345365 62.9006 147.525
2345767 62.9006 147.696
2348477 62.9006 147.787
2349924 62.9006 148.213
2356702 62.9006 148.24
2357132 62.9006 149.264
2373420 62.9006 149.515
2377406 62.9006 150.025
2385509 62.9006 150.041
2385764 62.9006 150.317
2390161 62.9006 150.456
2392356 62.9006 150.469
2392567 62.9006 150.613
2394854 62.9006 150.686
2396021 62.9006 150.871
2398965 62.9006 150.901
2399442 62.9006 151.119
2402909 62.9006 151.298
2405746 62.9006 151.336
2406357 62.9006 151.713
2412348 62.9006 151.771
2413266 62.9006 151.858
2414650 62.9006 152.033
2417430 62.9006 152.185
2419853 62.9006 152.203
2420142 62.9006 152.41
2423427 62.9006 152.669
2427542 62.9006 152.699
2428017 62.9006 152.703
2428091 62.9006 153.431
2439662 62.9006 153.562
2441742 62.9006 153.572
2441903 62.9006 153.589
2442168 62.9006 153.881
2446809 62.9006 154.193
2451774 62.9006 154.312
2453672 62.9006 155.094
2466093 62.9006 155.248
2468543 62.9006 155.42
2471280 62.9006 155.597
2474097 62.9006 155.627
2474578 62.9006 155.657
2475053 62.9006 155.717
2475999 62.9006 156.247
2484434 62.9006 156.576
2489661 62.9006 156.61
2490208 62.9006 157.046
2497137 62.9006 157.179
2499246 62.9006 157.428
2503209 62.9006 157.727
2507958 62.9006 157.816
2509370 62.9006 158.053
2513145 62.9006 158.215
2515712 62.9006 158.615
2522074 62.9006 158.744
2524126 62.9006 158.753
2524267 62.9006 158.783
2524752 62.9006 159.252
2532200 62.9006 159.418
2534845 62.9006 159.436
2535121 62.9006 159.499
2536124 62.9006 159.635
2538296 62.9006 159.787
2540704 62.9006 159.979
2543755 62.9006 160.037
2544680 62.9006 160.055
2544971 62.9006 160.116
2545934 62.9006 160.119
2545981 62.9006 160.262
2548264 62.9006 160.53
2552521 62.9006 160.654
2554496 62.9006 160.668
2554712 62.9006 161.038
2560603 62.9006 161.373
2565928 62.9006 161.41
2566507 62.9006 161.575
2569139 62.9006 161.684
2570868 62.9006 161.837
2573303 62.9006 162.08
2577166 62.9006 162.264
2580081 62.9006 162.449
2583037 62.9006 162.672
2586569 62.9006 162.772
2588158 62.9006 162.823
2588978 62.9006 163.165
2594410 62.9006 163.191
2594822 62.9006 163.199
2594954 62.9006 163.225
2595366 62.9006 164.015
2607928 62.9006 164.365
2613488 62.9006 164.486
2615418 62.9006 164.797
2620361 62.9006 165.036
2624156 62.9006 165.102
2625206 62.9006 165.113
2625374 62.9006 165.331
2628849 62.9006 165.372
2629501 62.9006 165.375
2629546 62.9006 166.104
2641136 62.9006 166.106
2641174 62.9006 166.217
2642927 62.9006 166.313
2644455 62.9006 166.652
2649854 62.9006 166.704
2650675 62.9006 166.766
2651661 62.9006 166.83
2652677 62.9006 167.01
2655537 62.9006 167.11
2657130 62.9006 167.149
2657754 62.9006 167.281
2659843 62.9006 167.38
2661415 62.9006 167.381
2661445 62.9006 167.453
2662587 62.9006 167.619
2665230 62.9006 167.722
2666859 62.9006 168.131
2673362 62.9006 169.687
2698099 62.9006 169.748
2699070 62.9006 169.86
2700845 62.9006 169.985
2702833 62.9006 170.016
2703325 62.9006 170.084
2704406 62.9006 170.303
2707888 62.9006 170.35
2708637 62.9006 170.749
2714978 62.9006 170.774
2715376 62.9006 171.137
2721154 62.9006 171.172
2721711 62.9006 171.288
2723545 62.9006 171.573
2728079 62.9006 171.628
2728960 62.9006 171.678
2729757 62.9006 171.725
2730503 62.9006 171.737
2730697 62.9006 171.859
2732630 62.9006 171.936
2733859 62.9006 172.037
2735467 62.9006 172.335
2740196 62.9006 173.099
2752342 62.9006 173.122
2752706 62.9006 173.15
2753162 62.9006 173.161
2753323 62.9006 173.626
2760724 62.9006 173.671
2761436 62.9006 173.78
2763163 62.9006 174.231
2770347 62.9006 174.754
2778652 62.9006 175.114
2784386 62.9006 175.416
2789179 62.9006 175.907
2796982 62.9006 175.908
2796996 62.9006 176.279
2802904 62.9006 176.542
2807080 62.9006 176.551
2807232 62.9006 176.6
2808008 62.9006 176.632
2808519 62.9006 176.763
2810590 62.9006 176.764
2810613 62.9006 176.989
2814188 62.9006 177.172
2817101 62.9006 177.305
2819217 62.9006 177.489
2822136 62.9006 177.593
2823787 62.9006 177.689
2825318 62.9006 177.879
2828332 62.9006 177.958
2829593 62.9006 178.01
2830427 62.9006 178.034
2830802 62.9006 178.06
2831211 62.9006 178.71
2841554 62.9006 178.73
2841871 62.9006 178.732
2841897 62.9006 178.837
2843563 62.9006 179.097
2847702 62.9006 179.259
2850280 62.9006 179.441
2853175 62.9006 179.585
2855458 62.9006 179.796
2858819 62.9006 180.051
2862873 62.9006 180.093
2863538 62.9006 180.094
2863548 62.9006 180.128
2864084 62.9006 180.748
2873944 62.9006 180.915
2876606 62.9006 180.968
2877453 62.9006 181.032
2878469 62.9006 181.15
2880340 62.9006 181.248
2881895 62.9006 181.39
2884155 62.9006 181.702
2889111 62.9006 181.741
2889731 62.9006 181.741
2889732 62.9006 181.754
2889941 62.9006 181.84
2891309 62.9006 181.883
2891992 62.9006 181.91
2892423 62.9006 182.091
2895297 62.9006 182.172
2896593 62.9006 183.034
2910296 62.9006 183.607
2919402 62.9006 183.88
2923735 62.9006 183.944
2924765 62.9006 184.066
2926705 62.9006 184.068
2926726 62.9006 184.162
2928217 62.9006 184.243
2929511 62.9006 184.25
2929626 62.9006 184.545
2934319 62.9006 184.736
2937355 62.9006 185.304
2946376 62.9006 185.397
2947856 62.9006 185.604
2951146 62.9006 185.685
2952434 62.9006 185.78
2953950 62.9006 185.798
2954237 62.9006 185.875
2955453 62.9006 186.472
2964956 62.9006 187.101
2974948 62.9006 187.525
2981692 62.9006 188.075
2990428 62.9006 188.176
2992045 62.9006 188.341
2994661 62.9006 188.426
2996010 62.9006 188.489
2997015 62.9006 188.804
3002019 62.9006 189.01
3005291 62.9006 189.244
3009025 62.9006 189.351
3010715 62.9006 189.398
3011460 62.9006 189.81
3018016 62.9006 189.9
3019450 62.9006 189.915
3019688 62.9006 190.346
3026541 62.9006 190.498
3028959 62.9006 190.502
3029015 62.9006 190.917
3035611 62.9006 191.47
3044407 62.9006 191.615
3046719 62.9006 191.65
3047277 62.9006 192.257
3056924 62.9006 192.728
3064406 62.9006 192.887
3066929 62.9006 192.94
3067772 62.9006 192.966
3068190 62.9006 193.501
3076700 62.9006 193.526
3077092 62.9006 193.712
3080045 62.9006 193.787
3081243 62.9006 193.788
3081262 62.9006 193.974
3084217 62.9006 193.982
3084339 62.9006 194.079
3085881 62.9006 194.221
3088151 62.9006 194.237
3088394 62.9006 194.336
3089970 62.9006 194.749
3096539 62.9006 194.856
3098235 62.9006 194.987
3100321 62.9006 195.094
3102018 62.9006 195.588
3109872 62.9006 195.614
3110282 62.9006 195.629
3110526 62.9006 195.849
3114029 62.9006 196.637
3126557 62.9006 196.812
3129339 62.9006 197.311
3137268 62.9006 197.67
3142974 62.9006 197.722
3143802 62.9006 198.101
3149836 62.9006 198.105
3149897 62.9006 198.72
3159676 62.9006 198.807
3161045 62.9006 199.011
3164298 62.9006 199.246
3168039 62.9006 199.533
3172588 62.9006 199.679
3174921 62.9006 199.795
3176758 62.9006 199.805
3176919 62.9006 199.858
3177761 62.9006 200.003
3180072 62.9006 200.011
3180190 62.9006 200.127
3182030 62.9006 200.798
3192709 62.9006 201.09
3197349 62.9006 201.875
3209824 62.9006 202.301
3216595 62.9006 203.043
3228399 62.9006 203.743
3239529 62.9006 203.772
3239993 62.9006 203.85
3241227 62.9006 204.263
3247790 62.9006 204.36
3249331 62.9006 204.36
3249332 62.9006 204.565
3252592 62.9006 204.648
3253910 62.9006 204.674
3254325 62.9006 204.87
3257442 62.9006 204.893
3257805 62.9006 204.949
3258705 62.9006 205.307
3264387 62.9006 205.483
3267194 62.9006 205.802
3272256 62.9006 205.866
3273283 62.9006 205.978
3275060 62.9006 206.224
3278976 62.9006 206.357
3281085 62.9006 206.417
3282040 62.9006 206.481
3283051 62.9006 206.528
3283797 62.9006 206.601
3284963 62.9006 206.648
3285707 62.9006 206.676
3286157 62.9006 206.854
3288992 62.9006 207.151
3293711 62.9006 207.383
3297394 62.9006 207.442
3298327 62.9006 207.891
3305471 62.9006 208.105
3308866 62.9006 208.106
3308887 62.9006 208.18
3310059 62.9006 208.517
3315429 62.9006 208.668
3317827 62.9006 208.686
3318114 62.9006 208.876
3321130 62.9006 208.901
3321524 62.9006 208.924
3321899 62.9006 209.013
3323314 62.9006 209.264
3327295 62.9006 209.814
3336040 62.9006 209.823
3336181 62.9006 209.906
3337509 62.9006 209.94
3338044 62.9006 210.119
3340893 62.9006 210.216
3342437 62.9006 210.298
3343745 62.9006 210.3
3343765 62.9006 210.321
3344108 62.9006 210.419
3345660 62.9006 210.438
3345967 62.9006 210.541
3347597 62.9006 210.553
3347795 62.9006 210.591
3348402 62.9006 211.192
3357955 62.9006 211.343
3360352 62.9006 211.603
3364491 62.9006 211.668
3365514 62.9006 211.712
3366219 62.9006 212.161
3373353 62.9006 212.386
3376939 62.9006 212.421
3377496 62.9006 212.425
3377559 62.9006 212.506
3378839 62.9006 212.547
3379487 62.9006 212.796
3383456 62.9006 212.845
3384233 62.9006 213.054
3387557 62.9006 213.201
3389893 62.9006 213.252
3390697 62.9006 213.385
3392810 62.9006 213.999
3402569 62.9006 214.036
3403171 62.9006 214.161
3405145 62.9006 214.444
3409654 62.9006 215.075
3419680 62.9006 215.134
3420621 62.9006 215.177
3421305 62.9006 215.467
3425909 62.9006 215.471
3425983 62.9006 215.582
3427741 62.9006 215.837
3431794 62.9006 215.915
3433035 62.9006 216.021
3434716 62.9006 216.178
3437211 62.9006 216.263
3438571 62.9006 216.397
3440702 62.9006 216.664
3444946 62.9006 216.898
3448661 62.9006 217.227
3453894 62.9006 217.3
3455050 62.9006 217.579
3459487 62.9006 217.58
3459515 62.9006 217.682
3461122 62.9006 217.861
3463967 62.9006 217.971
3465717 62.9006 218.155
3468644 62.9006 218.344
3471658 62.9006 218.382
3472260 62.9006 218.442
3473211 62.9006 218.456
3473431 62.9006 218.517
3474406 62.9006 218.647
3476464 62.9006 218.811
3479077 62.9006 218.87
3480009 62.9006 219.048
3482850 62.9006 219.252
3486083 62.9006 219.461
3489405 62.9006 219.684
3492963 62.9006 219.815
3495032 62.9006 219.956
3497285 62.9006 219.986
3497758 62.9006 220.419
3504637 62.9006 220.436
3504914 62.9006 220.759
3510043 62.9006 221.024
3514261 62.9006 221.453
3521085 62.9006 221.519
3522129 62.9006 221.69
3524847 62.9006 221.777
3526231 62.9006 221.977
3529411 62.9006 222.093
3531259 62.9006 222.125
3531769 62.9006 222.28
3534234 62.9006 222.563
3538726 62.9006 222.788
3542306 62.9006 222.882
3543793 62.9006 223.031
3546169 62.9006 223.151
3548071 62.9006 223.893
3559877 62.9006 224.536
3570099 62.9006 224.983
3577204 62.9006 225.099
3579049 62.9006 225.188
3580455 62.9006 225.629
3587475 62.9006 225.808
3590319 62.9006 226.158
3595886 62.9006 226.218
3596828 62.9006 226.304
3598199 62.9006 226.44
3600366 62.9006 226.743
3605175 62.9006 227.17
3611967 62.9006 227.203
3612490 62.9006 227.289
3613865 62.9006 227.347
3614784 62.9006 227.951
3624389 62.9006 227.976
3624776 62.9006 228.095
3626678 62.9006 228.737
3636881 62.9006 229.038
3641661 62.9006 229.463
3648432 62.9006 229.561
3649987 62.9006 229.602
3650640 62.9006 229.711
3652363 62.9006 229.713
3652400 62.9006 229.849
3654563 62.9006 229.909
3655509 62.9006 230.109
3658700 62.9006 230.204
3660205 62.9006 230.237
3660722 62.9006 230.277
3661359 62.9006 230.292
3661611 62.9006 230.319
3662035 62.9006 230.918
3671562 62.9006 231.1
3674449 62.9006 231.14
3675078 62.9006 231.193
3675928 62.9006 231.396
3679157 62.9006 231.466
3680273 62.9006 231.753
3684838 62.9006 231.888
3686985 62.9006 231.922
3687516 62.9006 231.945
3687888 62.9006 232.001
3688776 62.9006 232.094
3690259 62.9006 232.207
3692050 62.9006 232.324
3693901 62.9006 232.418
3695397 62.9006 232.453
3695960 62.9006 232.721
3700217 62.9006 232.792
3701343 62.9006 233.087
3706038 62.9006 233.244
3708539 62.9006 233.56
3713556 62.9006 233.852
3718197 62.9006 233.892
3718833 62.9006 234.171
3723277 62.9006 234.507
3728616 62.9006 234.528
3728941 62.9006 234.577
3729720 62.9006 234.578
3729749 62.9006 234.681
3731386 62.9006 234.77
3732803 62.9006 234.774
3732859 62.9006 234.825
3733669 62.9006 234.865
3734305 62.9006 234.918
3735152 62.9006 234.923
3735224 62.9006 234.949
3735643 62.9006 235.508
3744521 62.9006 235.53
3744876 62.9006 236.122
3754294 62.9006 236.36
3758071 62.9006 236.445
3759431 62.9006 236.448
3759472 62.9006 236.595
3761814 62.9006 236.706
3763576 62.9006 236.8
3765069 62.9006 236.985
3768016 62.9006 237.09
3769681 62.9006 237.153
3770688 62.9006 237.26
3772380 62.9006 238.672
3794834 62.9006 238.844
3797567 62.9006 239
3800047 62.9006 239.039
3800661 62.9006 239.071
3801175 62.9006 239.396
3806338 62.9006 239.43
3806881 62.9006 239.485
3807762 62.9006 239.94
3814996 62.9006 239.971
3815477 62.9006 240.315
3820955 62.9006 240.371
3821845 62.9006 240.395
3822228 62.9006 240.815
3828903 62.9006 240.868
3829739 62.9006 241.038
3832438 62.9006 241.222
3835375 62.9006 241.389
3838019 62.9006 241.611
3841552 62.9006 241.633
3841906 62.9006 241.887
3845943 62.9006 241.9
3846156 62.9006 242.045
3848458 62.9006 242.277
3852141 62.9006 242.291
3852371 62.9006 242.473
3855252 62.9006 242.658
3858200 62.9006 242.973
3863211 62.9006 243.073
3864803 62.9006 243.161
3866196 62.9006 243.569
3872690 62.9006 243.591
3873031 62.9006 243.7
3874765 62.9006 244.316
3884558 62.9006 244.373
3885457 62.9006 244.749
3891444 62.9006 245.316
3900461 62.9006 245.453
3902629 62.9006 245.589
3904804 62.9006 245.811
3908320 62.9006 245.966
3910786 62.9006 246.009
3911471 62.9006 246.033
3911855 62.9006 246.184
3914257 62.9006 246.231
3915007 62.9006 246.332
3916615 62.9006 246.493
3919174 62.9006 246.581
3920567 62.9006 246.688
3922273 62.9006 246.703
3922508 62.9006 247.043
3927906 62.9006 247.098
3928786 62.9006 247.504
3935243 62.9006 247.526
3935592 62.9006 247.646
3937492 62.9006 247.737
3938951 62.9006 247.802
3939985 62.9006 247.832
3940460 62.9006 247.969
3942632 62.9006 248.076
3944342 62.9006 248.226
3946727 62.9006 248.76
3955212 62.9006 248.784
3955599 62.9006 249.016
3959273 62.9006 249.89
3973168 62.9006 249.941
3973983 62.9006 250.102
3976540 62.9006 250.554
3983735 62.9006 250.605
3984542 62.9006 250.98
3990501 62.9006 251.106
3992508 62.9006 251.116
3992659 62.9006 251.144
3993114 62.9006 251.167
3993477 62.9006 251.352
3996423 62.9006 251.38
3996861 62.9006 251.658
4001288 62.9006 251.74
4002587 62.9006 251.769
4003045 62.9006 251.795
4003464 62.9006 251.814
4003757 62.9006 252.196
4009841 62.9006 252.207
4010008 62.9006 252.537
4015249 62.9006 252.688
4017652 62.9006 252.712
4018038 62.9006 252.881
4020730 62.9006 253.14
4024845 62.9006 253.808
4035460 62.9006 253.844
4036030 62.9006 253.889
4036757 62.9006 254.069
4039605 62.9006 254.328
4043732 62.9006 254.543
4047141 62.9006 254.561
4047428 62.9006 254.837
4051825 62.9006 254.94
4053457 62.9006 255.02
4054725 62.9006 255.4
4060772 62.9006 255.406
4060874 62.9006 255.528
4062803 62.9006 255.579
4063612 62.9006 255.604
4064019 62.9006 255.693
4065430 62.9006 255.76
4066503 62.9006 256.119
4072203 62.9006 256.288
4074891 62.9006 256.366
4076124 62.9006 256.397
4076631 62.9006 256.427
4077099 62.9006 256.864
4084053 62.9006 257.032
4086721 62.9006 257.178
4089041 62.9006 257.208
4089517 62.9006 257.307
4091083 62.9006 257.343
4091667 62.9006 257.713
4097538 62.9006 257.881
4100221 62.9006 257.959
4101452 62.9006 258.01
4102264 62.9006 258.187
4105079 62.9006 258.22
4105609 62.9006 258.307
4106993 62.9006 258.364
4107892 62.9006 259.205
4121271 62.9006 259.283
4122505 62.9006 259.373
4123943 62.9006 259.553
4126792 62.9006 259.707
4129247 62.9006 259.712
4129326 62.9006 259.745
4129844 62.9006 259.984
4133644 62.9006 260.217
4137359 62.9006 260.359
4139604 62.9006 260.565
4142885 62.9006 260.882
4147923 62.9006 261.01
4149963 62.9006 261.295
4154491 62.9006 261.362
4155557 62.9006 261.448
4156925 62.9006 261.477
4157382 62.9006 262.129
4167757 62.9006 262.159
4168231 62.9006 262.379
4171730 62.9006 262.864
4179441 62.9006 262.917
4180273 62.9006 262.929
4180466 62.9006 263.237
4185362 62.9006 263.684
4192471 62.9006 263.784
4194068 62.9006 263.813
4194526 62.9006 263.98
4197180 62.9006 264.217
4200949 62.9006 264.666
4208092 62.9006 265.002
4213432 62.9006 265.043
4214082 62.9006 265.121
4215317 62.9006 265.259
4217509 62.9006 265.343
4218847 62.9006 265.548
4222100 62.9006 265.673
4224087 62.9006 265.752
4225347 62.9006 266.339
4234679 62.9006 266.458
4236571 62.9006 266.622
4239176 62.9006 266.661
4239795 62.9006 266.708
4240554 62.9006 266.808
4242137 62.9006 267.047
4245942 62.9006 267.156
4247678 62.9006 267.483
4252871 62.9006 267.531
4253635 62.9006 268.133
4263198 62.9006 268.182
4263980 62.9006 268.651
4271445 62.9006 268.73
4272694 62.9006 268.751
4273036 62.9006 269.171
4279713 62.9006 269.179
4279838 62.9006 269.358
4282680 62.9006 269.39
4283192 62.9006 269.442
4284018 62.9006 269.591
4286388 62.9006 269.597
4286481 62.9006 269.764
4289133 62.9006 269.94
4291935 62.9006 270.051
4293696 62.9006 270.347
4298409 62.9006 270.628
4302873 62.9006 270.637
4303009 62.9006 270.796
4305535 62.9006 270.875
4306799 62.9006 271.477
4316374 62.9006 271.597
4318277 62.9006 271.603
4318364 62.9006 271.634
4318863 62.9006 271.699
4319899 62.9006 271.746
4320651 62.9006 271.786
4321273 62.9006 271.812
4321689 62.9006 272.119
4326573 62.9006 272.417
4331317 62.9006 272.681
4335501 62.9006 272.691
4335660 62.9006 272.728
4336254 62.9006 272.916
4339250 62.9006 273.548
4349286 62.9006 273.827
4353732 62.9006 273.904
4354952 62.9006 273.98
4356152 62.9006 274.048
4357234 62.9006 274.098
4358034 62.9006 274.122
4358423 62.9006 274.25
4360457 62.9006 274.34
4361886 62.9006 274.381
4362542 62.9006 274.396
4362778 62.9006 274.473
4363996 62.9006 274.511
4364603 62.9006 274.818
4369480 62.9006 274.997
4372336 62.9006 275.041
4373029 62.9006 275.102
4374004 62.9006 275.192
4375435 62.9006 275.306
4377235 62.9006 275.346
4377878 62.9006 275.541
4380973 62.9006 275.718
4383798 62.9006 275.772
4384653 62.9006 275.774
4384679 62.9006 275.826
4385504 62.9006 276.112
4390060 62.9006 276.469
4395723 62.9006 276.619
4398119 62.9006 276.903
4402625 62.9006 277.028
4404615 62.9006 277.132
4406277 62.9006 277.293
4408834 62.9006 277.425
4410932 62.9006 277.441
4411186 62.9006 277.684
4415046 62.9006 277.687
4415102 62.9006 278.33
4425317 62.9006 278.381
4426126 62.9006 278.44
4427065 62.9006 278.5
4428016 62.9006 279.292
4440618 62.9006 279.46
4443274 62.9006 279.576
4445126 62.9006 279.645
4446217 62.9006 279.818
4448969 62.9006 280.211
4455223 62.9006 280.351
4457444 62.9006 280.927
4466603 62.9006 281.351
4473340 62.9006 281.587
4477092 62.9006 281.806
4480586 62.9006 281.858
4481406 62.9006 282.402
4490056 62.9006 282.436
4490591 62.9006 282.479
4491271 62.9006 282.586
4492979 62.9006 282.948
4498739 62.9006 282.991
4499415 62.9006 283.316
4504578 62.9006 283.364
4505341 62.9006 283.552
4508342 62.9006 284.616
4525258 62.9006 284.756
4527472 62.9006 284.928
4530218 62.9006 284.984
4531108 62.9006 285.181
4534233 62.9006 285.233
4535057 62.9006 285.24
4535166 62.9006 285.261
4535513 62.9006 285.525
4539700 62.9006 285.643
4541577 62.9006 285.694
4542392 62.9006 285.843
4544754 62.9006 285.876
4545276 62.9006 285.906
4545767 62.9006 285.915
4545902 62.9006 286.185
4550192 62.9006 286.199
4550423 62.9006 286.212
4550628 62.9006 286.273
4551603 62.9006 286.913
4561772 62.9006 286.998
4563117 62.9006 287.039
4563770 62.9006 287.182
4566049 62.9006 287.544
4571797 62.9006 287.741
4574928 62.9006 287.797
4575823 62.9006 287.851
4576685 62.9006 287.887
4577253 62.9006 288.068
4580129 62.9006 288.178
4581885 62.9006 288.477
4586632 62.9006 288.874
4592946 62.9006 288.895
4593282 62.9006 289.469
4602412 62.9006 289.525
4603300 62.9006 289.649
4605273 62.9006 289.66
4605436 62.9006 289.819
4607966 62.9006 289.881
4608963 62.9006 290.083
4612172 62.9006 290.105
4612518 62.9006 290.784
4623318 62.9006 291.059
4627683 62.9006 291.737
4638458 62.9006 292.273
4646978 62.9006 292.351
4648219 62.9006 292.674
4653361 62.9006 293.1
4660129 62.9006 293.134
4660665 62.9006 293.138
4660736 62.9006 293.221
4662053 62.9006 293.291
4663165 62.9006 293.773
4670832 62.9006 293.794
4671164 62.9006 294.101
4676041 62.9006 294.143
4676720 62.9006 294.266
4678670 62.9006 294.377
4680436 62.9006 294.71
4685730 62.9006 295.301
4695128 62.9006 295.364
4696120 62.9006 295.378
4696355 62.9006 295.67
4700995 62.9006 295.884
4704389 62.9006 296.587
4715564 62.9006 296.621
4716105 62.9006 296.694
4717265 62.9006 297.546
4730810 62.9006 297.56
4731040 62.9006 297.616
4731924 62.9006 297.634
4732206 62.9006 297.943
4737119 62.9006 297.988
4737835 62.9006 298.337
4743397 62.9006 298.476
4745598 62.9006 298.713
4749372 62.9006 298.904
4752407 62.9006 299.324
4759088 62.9006 300.086
4771194 62.9006 300.157
4772317 62.9006 300.252
4773828 62.9006 300.677
4780598 62.9006 300.893
4784033 62.9006 301.375
4791696 62.9006 301.536
4794242 62.9006 301.617
4795537 62.9006 301.783
4798181 62.9006 301.895
4799959 62.9006 301.927
4800461 62.9006 302.04
4802254 62.9006 302.157
4804113 62.9006 302.223
4805167 62.9006 302.257
4805712 62.9006 302.318
4806681 62.9006 302.426
4808398 62.9006 302.5
4809571 62.9006 302.941
4816583 62.9006 303.101
4819128 62.9006 303.876
4831452 62.9006 303.923
4832191 62.9006 303.966
4832873 62.9006 304.127
4835436 62.9006 304.331
4838676 62.9006 304.359
4839133 62.9006 304.556
4842255 62.9006 304.658
4843875 62.9006 304.961
4848701 62.9006 305.097
4850861 62.9006 305.389
4855509 62.9006 305.815
4862268 62.9006 305.895
4863541 62.9006 306.733
4876878 62.9006 306.824
4878315 62.9006 307.095
4882618 62.9006 307.123
4883073 62.9006 307.276
4885502 62.9006 307.387
4887271 62.9006 307.62
4890974 62.9006 307.72
4892554 62.9006 307.81
4893991 62.9006 307.941
4896074 62.9006 307.945
4896136 62.9006 308.271
4901315 62.9006 308.301
4901805 62.9006 308.415
4903604 62.9006 308.466
4904427 62.9006 308.479
4904634 62.9006 308.6
4906551 62.9006 308.948
4912088 62.9006 309.631
4922937 62.9006 309.659
4923389 62.9006 309.794
4925529 62.9006 309.919
4927514 62.9006 310.121
4930738 62.9006 310.167
4931470 62.9006 310.422
4935525 62.9006 310.987
4944494 62.9006 311.262
4948868 62.9006 311.295
4949400 62.9006 311.565
4953682 62.9006 311.588
4954059 62.9006 311.602
4954285 62.9006 311.713
4956043 62.9006 311.858
4958349 62.9006 311.911
4959187 62.9006 312.143
4962882 62.9006 312.504
4968611 62.9006 312.62
4970469 62.9006 312.645
4970855 62.9006 312.748
4972494 62.9006 312.774
4972914 62.9006 312.841
4973977 62.9006 312.866
4974377 62.9006 312.971
4976045 62.9006 313.122
4978446 62.9006 313.314
4981499 62.9006 313.569
4985542 62.9006 313.618
4986325 62.9006 313.665
4987082 62.9006 313.708
4987753 62.9006 313.898
4990782 62.9006 314.044
4993107 62.9006 314.232
