289 48.8584 0.177014
3912 48.8584 0.225335
4901 48.8584 0.248152
5368 48.8584 0.382024
8108 48.8584 0.452233
9545 48.8584 0.468894
9886 48.8584 0.483747
10190 48.8584 0.719049
15006 48.8584 0.812515
16919 48.8584 1.26641
26209 48.8584 1.35768
28077 48.8584 1.36378
28202 48.8584 1.4936
30859 48.8584 1.58423
32714 48.8584 1.76608
36436 48.8584 1.86185
38396 48.8584 1.90118
39201 48.8584 1.97828
40779 48.8584 1.99699
41162 48.8584 2.07907
42842 48.8584 2.11523
43582 48.8584 2.12778
43839 48.8584 2.3752
48903 48.8584 2.43212
50068 48.8584 2.59721
53447 48.8584 2.84419
58502 48.8584 2.90952
59839 48.8584 2.93062
60271 48.8584 2.96927
61062 48.8584 2.99003
61487 48.8584 3.00831
61861 48.8584 3.1692
65154 48.8584 3.20716
65931 48.8584 3.57971
73556 48.8584 3.94311
80994 48.8584 4.0059
82279 48.8584 4.0677
83544 48.8584 4.28107
87911 48.8584 4.34566
89233 48.8584 4.57207
93867 48.8584 4.65742
95614 48.8584 4.72885
97076 48.8584 4.87489
100065 48.8584 4.94432
101486 48.8584 4.98189
102255 48.8584 5.09368
104543 48.8584 5.37286
110257 48.8584 5.38014
110406 48.8584 5.77486
118485 48.8584 5.97474
122576 48.8584 6.10881
125320 48.8584 6.18733
126927 48.8584 6.20413
127271 48.8584 6.20491
127287 48.8584 6.37348
130737 48.8584 6.45263
132357 48.8584 6.53754
134095 48.8584 6.84012
140288 48.8584 6.87256
140952 48.8584 6.97253
142998 48.8584 6.9889
143333 48.8584 7.00409
143644 48.8584 7.22561
148178 48.8584 7.6736
157347 48.8584 7.86874
161341 48.8584 8.06261
165309 48.8584 8.25057
169156 48.8584 8.31652
170506 48.8584 8.43945
173022 48.8584 8.49593
174178 48.8584 8.56429
175577 48.8584 8.62736
176868 48.8584 8.78498
180094 48.8584 8.81356
180679 48.8584 8.99453
184383 48.8584 9.05961
185715 48.8584 9.3103
190846 48.8584 9.53168
195377 48.8584 9.54736
195698 48.8584 9.65905
197984 48.8584 9.67894
198391 48.8584 9.69413
198702 48.8584 10.024
205453 48.8584 10.0871
206744 48.8584 10.716
219617 48.8584 10.7652
220624 48.8584 11.6877
239504 48.8584 11.8686
243208 48.8584 12.0485
246890 48.8584 12.2646
251313 48.8584 12.3751
253575 48.8584 12.4481
255068 48.8584 12.5255
256653 48.8584 12.6751
259714 48.8584 12.8448
263187 48.8584 12.8836
263982 48.8584 13.0181
266735 48.8584 13.067
267735 48.8584 13.495
276495 48.8584 13.5088
276778 48.8584 13.614
278931 48.8584 13.6319
279297 48.8584 13.7336
281380 48.8584 13.9435
285676 48.8584 14.1287
289465 48.8584 14.1837
290591 48.8584 14.2428
291800 48.8584 14.2568
292088 48.8584 14.4582
296210 48.8584 14.8036
303280 48.8584 14.8674
304585 48.8584 14.8825
304893 48.8584 15.0693
308718 48.8584 15.6547
320699 48.8584 15.7428
322503 48.8584 16.1232
330287 48.8584 16.1432
330697 48.8584 16.3781
335505 48.8584 16.5734
339503 48.8584 16.6124
340301 48.8584 16.7113
342325 48.8584 16.7434
342982 48.8584 17.4594
357636 48.8584 17.7544
363675 48.8584 17.8057
364724 48.8584 17.8329
365280 48.8584 17.9505
367688 48.8584 17.9604
367890 48.8584 18.0109
368923 48.8584 18.1557
371888 48.8584 18.3606
376081 48.8584 18.4125
377144 48.8584 19.2209
393689 48.8584 19.3148
395611 48.8584 19.3461
396252 48.8584 19.3487
396306 48.8584 19.4944
399288 48.8584 19.5754
400945 48.8584 20.0668
411003 48.8584 20.5316
420515 48.8584 20.5826
421559 48.8584 20.6371
422675 48.8584 20.9537
429156 48.8584 21.0638
431409 48.8584 21.1721
433625 48.8584 21.2111
434423 48.8584 21.5312
440976 48.8584 22.1986
454634 48.8584 22.313
456976 48.8584 22.3886
458523 48.8584 22.44
459575 48.8584 22.584
462524 48.8584 22.975
470525 48.8584 23.1775
474670 48.8584 23.1812
474746 48.8584 23.2849
476869 48.8584 23.3349
477891 48.8584 23.3383
477961 48.8584 23.3967
479157 48.8584 23.4355
479950 48.8584 23.7356
486093 48.8584 23.9687
490864 48.8584 24.0568
492667 48.8584 24.1484
494542 48.8584 24.1555
494688 48.8584 24.1795
495179 48.8584 24.2219
496046 48.8584 24.383
499343 48.8584 24.4874
501480 48.8584 24.4895
501523 48.8584 24.5
501739 48.8584 24.5708
503187 48.8584 24.6452
504710 48.8584 25.0786
513581 48.8584 25.1984
516033 48.8584 25.2095
516261 48.8584 25.2366
516815 48.8584 25.3983
520125 48.8584 25.4799
521794 48.8584 25.5916
524080 48.8584 26.025
532951 48.8584 26.0984
534453 48.8584 26.2002
536538 48.8584 26.4402
541450 48.8584 26.4405
541455 48.8584 26.5387
543465 48.8584 26.5666
544036 48.8584 26.783
548465 48.8584 26.856
549960 48.8584 27.0567
554068 48.8584 27.2518
558061 48.8584 27.4404
561921 48.8584 27.8144
569576 48.8584 27.8546
570398 48.8584 27.86
570509 48.8584 27.8856
571033 48.8584 28.0304
573997 48.8584 28.4966
583538 48.8584 28.6041
585739 48.8584 28.6427
586529 48.8584 28.6591
586864 48.8584 28.7543
588813 48.8584 28.9219
592242 48.8584 28.9976
593793 48.8584 29.0188
594227 48.8584 29.1025
595940 48.8584 29.3158
600305 48.8584 29.455
603154 48.8584 29.5405
604903 48.8584 30.2693
619821 48.8584 30.2986
620421 48.8584 30.5087
624720 48.8584 30.5481
625526 48.8584 30.9179
633096 48.8584 30.9785
634335 48.8584 31.2054
638981 48.8584 31.228
639443 48.8584 31.3739
642428 48.8584 31.4812
644624 48.8584 31.7229
649571 48.8584 31.8283
651729 48.8584 32.285
661077 48.8584 32.9729
675157 48.8584 33.4342
684598 48.8584 33.4765
685463 48.8584 33.4936
685814 48.8584 33.6326
688658 48.8584 33.6449
688911 48.8584 33.7584
691233 48.8584 33.7741
691554 48.8584 33.9122
694382 48.8584 33.9488
695131 48.8584 34.2787
701883 48.8584 34.318
702687 48.8584 34.3411
703159 48.8584 34.6633
709753 48.8584 34.74
711323 48.8584 34.8888
714370 48.8584 35.0284
717226 48.8584 35.2916
722613 48.8584 35.5868
728656 48.8584 35.7886
732786 48.8584 35.9911
736931 48.8584 36.2062
741332 48.8584 36.3195
743652 48.8584 36.3803
744897 48.8584 36.445
746221 48.8584 36.6757
750943 48.8584 36.8254
754006 48.8584 36.924
756025 48.8584 36.9925
757427 48.8584 37.1736
761133 48.8584 37.2397
762485 48.8584 37.3125
763976 48.8584 37.4141
766056 48.8584 37.5303
768434 48.8584 37.7618
773172 48.8584 37.8402
774777 48.8584 38.0352
778768 48.8584 38.1764
781658 48.8584 38.2906
783996 48.8584 38.5044
788371 48.8584 38.9918
798347 48.8584 39.2062
802736 48.8584 39.4339
807396 48.8584 39.6254
811315 48.8584 39.6293
811394 48.8584 39.6645
812116 48.8584 39.7019
812880 48.8584 39.7463
813790 48.8584 39.835
815605 48.8584 39.9429
817814 48.8584 40.0105
819196 48.8584 40.0271
819536 48.8584 40.0493
819992 48.8584 40.0771
820560 48.8584 40.3013
825149 48.8584 40.6654
832600 48.8584 40.7629
834597 48.8584 40.832
836011 48.8584 40.9118
837644 48.8584 41.0171
839800 48.8584 41.3878
847386 48.8584 41.4785
849243 48.8584 41.5768
851254 48.8584 41.8627
857107 48.8584 41.9544
858983 48.8584 41.9766
859437 48.8584 42.0147
860217 48.8584 42.027
860470 48.8584 42.0741
861434 48.8584 42.3304
866679 48.8584 42.4902
869950 48.8584 42.6695
873620 48.8584 42.798
876249 48.8584 43.1414
883278 48.8584 43.2963
886449 48.8584 43.3133
886796 48.8584 43.357
887690 48.8584 43.3737
888033 48.8584 43.65
893688 48.8584 43.6622
893938 48.8584 43.6962
894634 48.8584 43.8499
897779 48.8584 43.8996
898797 48.8584 43.9291
899401 48.8584 43.9776
900392 48.8584 44.2056
905060 48.8584 44.3274
907553 48.8584 45.1602
924597 48.8584 45.3855
929208 48.8584 45.6296
934205 48.8584 45.7417
936500 48.8584 45.8748
939224 48.8584 46.0289
942378 48.8584 46.0389
942583 48.8584 46.1041
943916 48.8584 46.2179
946246 48.8584 46.2463
946828 48.8584 46.5037
952096 48.8584 46.5453
952946 48.8584 46.972
961681 48.8584 47.0796
963882 48.8584 47.1395
965109 48.8584 47.1806
965949 48.8584 47.2036
966421 48.8584 47.4967
972420 48.8584 47.67
975966 48.8584 47.6888
976352 48.8584 47.6927
976431 48.8584 47.843
979507 48.8584 47.856
979774 48.8584 47.974
982189 48.8584 48.007
982863 48.8584 48.0397
983534 48.8584 48.409
991092 48.8584 48.4883
992715 48.8584 48.7317
997697 48.8584 48.7883
998854 48.8584 48.8652
1000429 48.8584 48.8912
1000961 48.8584 48.9458
1002079 48.8584 49.0342
1003887 48.8584 49.145
1006156 48.8584 49.7555
1018650 48.8584 49.8181
1019932 48.8584 50.8149
1040334 48.8584 51.2072
1048363 48.8584 51.4929
1054211 48.8584 51.5118
1054598 48.8584 51.7928
1060350 48.8584 51.9041
1062628 48.8584 51.9816
1064213 48.8584 52.1115
1066872 48.8584 52.3669
1072100 48.8584 52.8775
1082549 48.8584 53.0085
1085232 48.8584 53.0113
1085288 48.8584 53.041
1085896 48.8584 53.051
1086102 48.8584 53.4114
1093478 48.8584 53.5534
1096383 48.8584 53.6177
1097699 48.8584 53.6811
1098998 48.8584 53.7212
1099818 48.8584 53.8882
1103236 48.8584 54.113
1107837 48.8584 54.188
1109373 48.8584 54.1982
1109582 48.8584 54.2128
1109879 48.8584 54.4386
1114502 48.8584 54.6577
1118985 48.8584 54.8655
1123238 48.8584 54.9538
1125046 48.8584 55.0514
1127043 48.8584 55.0641
1127304 48.8584 55.2718
1131554 48.8584 55.3981
1134140 48.8584 55.4105
1134394 48.8584 55.774
1141833 48.8584 55.8295
1142969 48.8584 56.2195
1150951 48.8584 56.23
1151166 48.8584 56.2544
1151667 48.8584 56.2997
1152594 48.8584 56.339
1153398 48.8584 56.3915
1154473 48.8584 56.4183
1155021 48.8584 56.5971
1158681 48.8584 56.6699
1160170 48.8584 56.9139
1165165 48.8584 57.0081
1167093 48.8584 57.1395
1169781 48.8584 57.3169
1173412 48.8584 57.38
1174705 48.8584 57.3906
1174922 48.8584 57.4112
1175342 48.8584 57.5568
1178323 48.8584 57.5984
1179174 48.8584 57.6234
1179685 48.8584 57.6602
1180440 48.8584 57.6801
1180847 48.8584 57.9544
1186461 48.8584 58.0002
1187397 48.8584 58.0952
1189343 48.8584 58.1885
1191252 48.8584 58.2799
1193123 48.8584 58.7293
1202321 48.8584 58.766
1203072 48.8584 58.7961
1203687 48.8584 58.8022
1203813 48.8584 58.9163
1206147 48.8584 59.1039
1209987 48.8584 59.1546
1211026 48.8584 59.1998
1211951 48.8584 59.3099
1214203 48.8584 59.3858
1215757 48.8584 59.3893
1215829 48.8584 59.5698
1219523 48.8584 59.6398
1220957 48.8584 59.9213
1226717 48.8584 59.9573
1227455 48.8584 59.9929
1228184 48.8584 60.3848
1236204 48.8584 60.5939
1240484 48.8584 60.6904
1242460 48.8584 61.0646
1250117 48.8584 61.1134
1251116 48.8584 61.1868
1252620 48.8584 61.1964
1252815 48.8584 61.2793
1254512 48.8584 61.3599
1256161 48.8584 61.5109
1259253 48.8584 61.5726
1260516 48.8584 61.6887
1262891 48.8584 62.0094
1269456 48.8584 62.0166
1269602 48.8584 62.0461
1270207 48.8584 62.1632
1272604 48.8584 62.2687
1274762 48.8584 62.3781
1277002 48.8584 62.5696
1280922 48.8584 62.7191
1283982 48.8584 62.7219
1284039 48.8584 62.764
1284901 48.8584 62.7855
1285340 48.8584 62.8546
1286755 48.8584 63.044
1290631 48.8584 63.1187
1292160 48.8584 63.2613
1295079 48.8584 63.4625
1299196 48.8584 63.7164
1304394 48.8584 63.7954
1306011 48.8584 64.0055
1310311 48.8584 64.1299
1312857 48.8584 64.1359
1312980 48.8584 64.2388
1315086 48.8584 64.3375
1317105 48.8584 64.3646
1317660 48.8584 64.4992
1320416 48.8584 64.5872
1322217 48.8584 64.5908
1322290 48.8584 64.6146
1322777 48.8584 64.7096
1324722 48.8584 64.7323
1325185 48.8584 64.9104
1328831 48.8584 64.9812
1330281 48.8584 65.0101
1330872 48.8584 65.1154
1333028 48.8584 65.1245
1333214 48.8584 65.35
1337829 48.8584 65.9876
1350878 48.8584 66.1154
1353494 48.8584 66.7168
1365803 48.8584 66.8913
1369375 48.8584 66.9641
1370865 48.8584 67.0632
1372893 48.8584 67.3754
1379284 48.8584 67.4084
1379958 48.8584 67.5872
1383619 48.8584 67.7501
1386953 48.8584 67.8979
1389977 48.8584 67.9335
1390705 48.8584 68.3345
1398913 48.8584 68.4054
1400365 48.8584 68.4805
1401902 48.8584 68.83
1409055 48.8584 68.8885
1410253 48.8584 69.0079
1412697 48.8584 69.0653
1413870 48.8584 69.2817
1418299 48.8584 69.4755
1422267 48.8584 69.5497
1423786 48.8584 69.586
1424529 48.8584 69.6928
1426715 48.8584 69.711
1427086 48.8584 69.7353
1427583 48.8584 70.1124
1435303 48.8584 70.435
1441905 48.8584 70.5351
1443954 48.8584 70.732
1447983 48.8584 71.0062
1453595 48.8584 71.0582
1454661 48.8584 71.0984
1455482 48.8584 71.2839
1459279 48.8584 71.3692
1461026 48.8584 71.4958
1463616 48.8584 71.7084
1467968 48.8584 71.7269
1468346 48.8584 72.1873
1477770 48.8584 72.2608
1479274 48.8584 72.2837
1479743 48.8584 72.3956
1482034 48.8584 72.5819
1485847 48.8584 72.6049
1486316 48.8584 72.8853
1492057 48.8584 73.907
1512967 48.8584 74.0317
1515520 48.8584 74.0437
1515766 48.8584 74.1084
1517090 48.8584 74.207
1519107 48.8584 74.728
1529771 48.8584 74.7322
1529857 48.8584 74.7361
1529936 48.8584 74.7615
1530457 48.8584 74.8439
1532143 48.8584 74.8546
1532362 48.8584 74.9215
1533732 48.8584 75.0786
1536946 48.8584 75.0791
1536957 48.8584 75.1336
1538072 48.8584 75.1473
1538353 48.8584 75.2137
1539713 48.8584 75.2997
1541472 48.8584 75.3422
1542342 48.8584 75.3775
1543064 48.8584 75.3868
1543256 48.8584 75.4599
1544751 48.8584 75.6017
1547654 48.8584 75.7208
1550091 48.8584 75.7498
1550685 48.8584 75.9359
1554493 48.8584 75.9401
1554579 48.8584 75.9999
1555804 48.8584 76.1897
1559689 48.8584 76.4781
1565591 48.8584 76.5049
1566139 48.8584 76.5295
1566644 48.8584 76.5681
1567433 48.8584 76.6128
1568348 48.8584 76.7299
1570744 48.8584 76.7522
1571202 48.8584 76.8743
1573701 48.8584 76.9038
1574304 48.8584 76.9317
1574876 48.8584 77.1017
1578355 48.8584 77.272
1581841 48.8584 77.436
1585196 48.8584 77.6219
1589002 48.8584 77.6487
1589551 48.8584 77.8933
1594556 48.8584 77.9491
1595698 48.8584 78.0564
1597895 48.8584 78.1554
1599920 48.8584 78.4066
1605063 48.8584 78.7812
1612730 48.8584 78.988
1616962 48.8584 79.4009
1625412 48.8584 79.4289
1625987 48.8584 79.4571
1626564 48.8584 79.8183
1633956 48.8584 80.0634
1638973 48.8584 80.5035
1647980 48.8584 80.5172
1648261 48.8584 80.6955
1651910 48.8584 80.8968
1656030 48.8584 81.0643
1659459 48.8584 81.0975
1660138 48.8584 81.1287
1660777 48.8584 81.2317
1662884 48.8584 81.2955
1664191 48.8584 81.4045
1666421 48.8584 81.511
1668602 48.8584 81.6125
1670678 48.8584 81.7746
1673997 48.8584 81.9957
1678522 48.8584 82.0988
1680632 48.8584 82.2412
1683547 48.8584 82.2717
1684170 48.8584 82.8418
1695839 48.8584 82.8859
1696741 48.8584 82.946
1697972 48.8584 83.015
1699383 48.8584 83.3452
1706142 48.8584 83.4955
1709219 48.8584 83.7955
1715359 48.8584 83.8556
1716589 48.8584 83.8678
1716839 48.8584 83.8849
1717188 48.8584 83.9244
1717996 48.8584 83.9334
1718181 48.8584 84.2805
1725285 48.8584 84.5385
1730566 48.8584 84.593
1731682 48.8584 84.615
1732132 48.8584 84.7507
1734910 48.8584 84.9672
1739340 48.8584 85.1076
1742214 48.8584 85.1369
1742814 48.8584 85.1493
1743067 48.8584 85.3221
1746605 48.8584 85.3588
1747356 48.8584 85.5075
1750399 48.8584 85.7989
1756362 48.8584 85.867
1757756 48.8584 86.0282
1761056 48.8584 86.0975
1762474 48.8584 86.3314
1767261 48.8584 86.6343
1773461 48.8584 86.7081
1774972 48.8584 86.7133
1775079 48.8584 87.0122
1781196 48.8584 87.7647
1796598 48.8584 87.8045
1797412 48.8584 88.014
1801700 48.8584 88.1211
1803893 48.8584 88.1466
1804413 48.8584 88.2435
1806397 48.8584 88.3534
1808647 48.8584 88.4327
1810269 48.8584 88.4713
1811059 48.8584 88.5609
1812893 48.8584 88.5752
1813187 48.8584 88.6055
1813806 48.8584 88.6768
1815266 48.8584 88.7275
1816304 48.8584 88.8913
1819657 48.8584 88.9219
1820283 48.8584 88.9904
1821685 48.8584 89.0014
1821910 48.8584 89.1164
1824264 48.8584 89.2124
1826228 48.8584 89.2422
1826839 48.8584 89.2671
1827348 48.8584 89.401
1830089 48.8584 89.4742
1831587 48.8584 89.6517
1835219 48.8584 89.7713
1837667 48.8584 90.0413
1843194 48.8584 90.3895
1850321 48.8584 90.5167
1852923 48.8584 90.578
1854179 48.8584 90.7153
1856988 48.8584 90.8463
1859670 48.8584 91.2023
1866955 48.8584 91.2788
1868521 48.8584 91.3457
1869891 48.8584 91.5054
1873159 48.8584 91.5905
1874902 48.8584 91.6157
1875418 48.8584 91.6198
1875502 48.8584 91.6462
1876041 48.8584 91.6756
1876644 48.8584 91.9564
1882391 48.8584 92.0667
1884648 48.8584 92.0802
1884925 48.8584 92.1797
1886960 48.8584 92.2395
1888184 48.8584 92.2621
1888648 48.8584 92.264
1888687 48.8584 92.4535
1892564 48.8584 92.5532
1894606 48.8584 92.6595
1896781 48.8584 93.1027
1905852 48.8584 93.1687
1907202 48.8584 93.2763
1909406 48.8584 93.3112
1910120 48.8584 93.3233
1910368 48.8584 93.5594
1915200 48.8584 93.5841
1915706 48.8584 93.5917
1915861 48.8584 93.8002
1920128 48.8584 94.0107
1924436 48.8584 94.5428
1935328 48.8584 94.5436
1935343 48.8584 94.584
1936171 48.8584 94.7607
1939787 48.8584 94.773
1940039 48.8584 94.8255
1941113 48.8584 94.8439
1941489 48.8584 94.9145
1942934 48.8584 95.1452
1947657 48.8584 95.1734
1948234 48.8584 95.2423
1949645 48.8584 95.3042
1950911 48.8584 95.4318
1953522 48.8584 95.4919
1954753 48.8584 95.538
1955696 48.8584 95.6314
1957607 48.8584 95.7058
1959130 48.8584 95.738
1959790 48.8584 95.8609
1962305 48.8584 96.0331
1965829 48.8584 96.1283
1967779 48.8584 96.3805
1972940 48.8584 96.3915
1973165 48.8584 96.4144
1973633 48.8584 96.4394
1974146 48.8584 96.5094
1975578 48.8584 96.6454
1978362 48.8584 96.9285
1984157 48.8584 97.0675
1987000 48.8584 97.1192
1988059 48.8584 97.1517
1988725 48.8584 97.2059
1989834 48.8584 97.2502
1990740 48.8584 97.2523
1990784 48.8584 97.4469
1994766 48.8584 97.474
1995320 48.8584 97.5273
1996412 48.8584 97.6633
1999195 48.8584 97.7476
2000920 48.8584 97.9846
2005772 48.8584 98.2314
2010823 48.8584 98.6685
2019770 48.8584 98.7584
2021609 48.8584 98.8256
2022984 48.8584 98.962
2025776 48.8584 99.318
2033062 48.8584 99.5978
2038790 48.8584 99.7679
2042270 48.8584 100.144
2049968 48.8584 100.149
2050067 48.8584 100.192
2050945 48.8584 100.3
2053166 48.8584 100.652
2060376 48.8584 100.931
2066073 48.8584 100.962
2066717 48.8584 101.193
2071449 48.8584 101.393
2075537 48.8584 101.511
2077947 48.8584 101.745
2082740 48.8584 101.808
2084018 48.8584 101.892
2085743 48.8584 101.952
2086976 48.8584 102.008
2088121 48.8584 102.134
2090691 48.8584 102.361
2095343 48.8584 102.641
2101068 48.8584 102.653
2101324 48.8584 102.654
2101342 48.8584 102.73
2102902 48.8584 103.004
2108501 48.8584 103.055
2109545 48.8584 103.087
2110206 48.8584 103.112
2110721 48.8584 103.227
2113075 48.8584 103.342
2115428 48.8584 103.357
2115734 48.8584 103.394
2116484 48.8584 103.448
2117599 48.8584 103.642
2121566 48.8584 104.198
2132944 48.8584 104.26
2134205 48.8584 104.302
2135069 48.8584 104.352
2136085 48.8584 104.717
2143573 48.8584 104.82
2145683 48.8584 104.828
2145844 48.8584 104.898
2147279 48.8584 105.04
2150170 48.8584 105.153
2152487 48.8584 105.23
2154059 48.8584 105.377
2157080 48.8584 105.642
2162503 48.8584 105.654
2162741 48.8584 105.851
2166772 48.8584 105.94
2168592 48.8584 105.971
2169234 48.8584 106.115
2172185 48.8584 106.148
2172858 48.8584 106.419
2178407 48.8584 106.472
2179476 48.8584 106.633
2182786 48.8584 106.892
2188092 48.8584 107.253
2195476 48.8584 107.376
2197985 48.8584 107.437
2199241 48.8584 108.152
2213876 48.8584 108.36
2218137 48.8584 108.484
2220658 48.8584 108.536
2221726 48.8584 108.539
2221799 48.8584 108.652
2224107 48.8584 108.715
2225387 48.8584 108.735
2225810 48.8584 109.059
2232442 48.8584 109.371
2238815 48.8584 109.596
2243430 48.8584 109.618
2243869 48.8584 109.84
2248414 48.8584 109.864
2248918 48.8584 109.88
2249239 48.8584 110.033
2252377 48.8584 110.092
2253587 48.8584 110.604
2264063 48.8584 110.846
2269009 48.8584 110.943
2270992 48.8584 110.97
2271547 48.8584 111.155
2275333 48.8584 111.198
2276210 48.8584 111.248
2277243 48.8584 111.496
2282312 48.8584 111.563
2283693 48.8584 111.591
2284254 48.8584 111.6
2284442 48.8584 111.614
2284734 48.8584 111.632
2285103 48.8584 111.682
2286119 48.8584 111.823
2289016 48.8584 111.842
2289400 48.8584 111.964
2291893 48.8584 112.022
2293076 48.8584 112.266
2298075 48.8584 112.414
2301106 48.8584 112.518
2303222 48.8584 112.581
2304530 48.8584 112.737
2307710 48.8584 112.8
2309000 48.8584 113.129
2315729 48.8584 113.292
2319063 48.8584 113.388
2321031 48.8584 113.408
2321452 48.8584 113.459
2322495 48.8584 113.606
2325507 48.8584 113.606
2325508 48.8584 113.841
2330314 48.8584 114.02
2333975 48.8584 114.155
2336738 48.8584 114.184
2337340 48.8584 114.252
2338717 48.8584 114.389
2341523 48.8584 114.646
2346789 48.8584 114.648
2346826 48.8584 114.703
2347946 48.8584 114.718
2348266 48.8584 114.94
2352813 48.8584 115.121
2356499 48.8584 115.183
2357776 48.8584 115.276
2359688 48.8584 115.469
2363634 48.8584 115.549
2365263 48.8584 115.55
2365294 48.8584 115.795
2370296 48.8584 116.175
2378072 48.8584 116.274
2380107 48.8584 116.634
2387467 48.8584 116.667
2388149 48.8584 116.681
2388444 48.8584 117.31
2401303 48.8584 117.369
2402519 48.8584 117.452
2404218 48.8584 117.72
2409710 48.8584 117.889
2413164 48.8584 118.024
2415922 48.8584 118.098
2417447 48.8584 118.496
2425577 48.8584 118.5
2425664 48.8584 118.713
2430017 48.8584 118.811
2432041 48.8584 118.965
2435192 48.8584 119.755
2451359 48.8584 119.788
2452036 48.8584 119.859
2453475 48.8584 120.001
2456394 48.8584 120.205
2460554 48.8584 120.745
2471619 48.8584 120.803
2472804 48.8584 121.099
2478864 48.8584 121.136
2479611 48.8584 121.239
2481723 48.8584 121.408
2485187 48.8584 121.547
2488033 48.8584 121.626
2489649 48.8584 121.761
2492404 48.8584 121.884
2494920 48.8584 122.027
2497865 48.8584 122.399
2505466 48.8584 122.413
2505750 48.8584 122.522
2507994 48.8584 122.611
2509802 48.8584 122.803
2513736 48.8584 122.891
2515531 48.8584 122.94
2516540 48.8584 123.072
2519239 48.8584 123.084
2519496 48.8584 123.127
2520372 48.8584 123.478
2527546 48.8584 123.536
2528743 48.8584 123.54
2528817 48.8584 123.75
2533124 48.8584 123.878
2535738 48.8584 123.968
2537588 48.8584 123.996
2538155 48.8584 124.502
2548514 48.8584 124.759
2553777 48.8584 125.007
2558846 48.8584 125.148
2561729 48.8584 125.276
2564357 48.8584 125.35
2565862 48.8584 125.603
2571045 48.8584 125.62
2571399 48.8584 125.621
2571420 48.8584 125.674
2572506 48.8584 125.843
2575966 48.8584 125.909
2577311 48.8584 126.046
2580111 48.8584 126.251
2584304 48.8584 126.465
2588689 48.8584 126.584
2591119 48.8584 126.632
2592111 48.8584 126.654
2592551 48.8584 126.782
2595187 48.8584 127.148
2602678 48.8584 127.182
2603362 48.8584 127.266
2605083 48.8584 127.411
2608060 48.8584 127.444
2608723 48.8584 127.584
2611599 48.8584 127.618
2612282 48.8584 127.702
2614013 48.8584 127.92
2618476 48.8584 127.924
2618555 48.8584 128.02
2620511 48.8584 128.237
2624953 48.8584 128.26
2625422 48.8584 128.345
2627169 48.8584 128.622
2632827 48.8584 128.678
2633990 48.8584 128.694
2634311 48.8584 129.076
2642139 48.8584 129.309
2646904 48.8584 129.4
2648751 48.8584 129.428
2649330 48.8584 129.587
2652596 48.8584 129.919
2659380 48.8584 129.95
2660025 48.8584 130.009
2661234 48.8584 130.115
2663389 48.8584 130.169
2664493 48.8584 130.342
2668037 48.8584 130.35
2668207 48.8584 130.6
2673324 48.8584 130.697
2675304 48.8584 130.713
2675633 48.8584 130.853
2678500 48.8584 130.98
2681099 48.8584 131.022
2681963 48.8584 131.044
2682416 48.8584 131.116
2683877 48.8584 131.172
2685028 48.8584 131.225
2686115 48.8584 131.606
2693903 48.8584 131.635
2694507 48.8584 131.83
2698505 48.8584 131.956
2701076 48.8584 132.106
2704151 48.8584 132.17
2705456 48.8584 132.491
2712033 48.8584 132.537
2712975 48.8584 132.71
2716509 48.8584 132.819
2718741 48.8584 132.869
2719761 48.8584 132.893
2720256 48.8584 133.005
2722546 48.8584 133.175
2726022 48.8584 133.183
2726197 48.8584 133.354
2729685 48.8584 133.451
2731669 48.8584 133.581
2734335 48.8584 133.724
2737269 48.8584 133.729
2737364 48.8584 133.808
2738978 48.8584 133.913
2741130 48.8584 133.96
2742094 48.8584 133.969
2742267 48.8584 134.041
2743753 48.8584 134.057
2744068 48.8584 134.351
2750095 48.8584 134.664
2756503 48.8584 134.734
2757928 48.8584 134.856
2760422 48.8584 135.066
2764727 48.8584 135.086
2765135 48.8584 135.175
2766961 48.8584 135.21
2767680 48.8584 135.624
2776149 48.8584 135.637
2776419 48.8584 135.807
2779892 48.8584 135.869
2781160 48.8584 135.944
2782702 48.8584 136.237
2788693 48.8584 136.81
2800427 48.8584 136.833
2800892 48.8584 137.028
2804886 48.8584 137.174
2807865 48.8584 137.366
2811805 48.8584 137.409
2812686 48.8584 137.637
2817342 48.8584 137.674
2818112 48.8584 137.788
2820450 48.8584 137.797
2820632 48.8584 137.806
2820805 48.8584 137.994
2824662 48.8584 138.108
2826994 48.8584 138.431
2833599 48.8584 138.435
2833676 48.8584 138.681
2838711 48.8584 138.746
2840048 48.8584 138.796
2841081 48.8584 138.8
2841155 48.8584 138.81
2841353 48.8584 138.889
2842982 48.8584 139.03
2845871 48.8584 139.116
2847616 48.8584 139.163
2848574 48.8584 139.277
2850924 48.8584 139.285
2851080 48.8584 139.441
2854283 48.8584 139.461
2854692 48.8584 139.809
2861804 48.8584 139.997
2865644 48.8584 140.138
2868532 48.8584 140.158
2868945 48.8584 140.18
2869408 48.8584 140.414
2874196 48.8584 140.507
2876100 48.8584 140.684
2879707 48.8584 140.719
2880423 48.8584 140.832
2882744 48.8584 140.861
2883343 48.8584 140.871
2883532 48.8584 140.922
2884582 48.8584 140.926
2884675 48.8584 140.931
2884776 48.8584 140.947
2885091 48.8584 140.95
2885163 48.8584 141.146
2889163 48.8584 141.182
2889901 48.8584 141.357
2893486 48.8584 141.36
2893552 48.8584 141.399
2894349 48.8584 141.808
2902714 48.8584 142.129
2909297 48.8584 142.245
2911671 48.8584 142.274
2912259 48.8584 142.32
2913193 48.8584 142.424
2915330 48.8584 142.76
2922208 48.8584 142.766
2922327 48.8584 142.808
2923180 48.8584 142.865
2924353 48.8584 143.298
2933207 48.8584 143.324
2933756 48.8584 143.384
2934974 48.8584 143.69
2941230 48.8584 144.015
2947883 48.8584 144.517
2958174 48.8584 144.723
2962383 48.8584 145.123
2970573 48.8584 145.169
2971503 48.8584 145.224
2972632 48.8584 145.242
2973002 48.8584 145.446
2977183 48.8584 145.541
2979115 48.8584 145.632
2980990 48.8584 145.762
2983657 48.8584 145.925
2986992 48.8584 146.09
2990365 48.8584 146.557
2999922 48.8584 146.662
3002071 48.8584 146.798
3004859 48.8584 146.988
3008738 48.8584 147.005
3009086 48.8584 147.07
3010413 48.8584 147.112
3011273 48.8584 147.168
3012426 48.8584 147.266
3014439 48.8584 147.27
3014502 48.8584 147.467
3018537 48.8584 147.894
3027289 48.8584 147.902
3027437 48.8584 148.408
3037807 48.8584 148.53
3040299 48.8584 148.801
3045841 48.8584 148.99
3049714 48.8584 149.003
3049984 48.8584 149.3
3056067 48.8584 149.565
3061494 48.8584 150.084
3072106 48.8584 150.179
3074048 48.8584 150.301
3076550 48.8584 150.348
3077513 48.8584 150.486
3080344 48.8584 150.528
3081190 48.8584 150.542
3081489 48.8584 150.61
3082871 48.8584 150.672
3084150 48.8584 150.739
3085515 48.8584 150.887
3088549 48.8584 150.898
3088766 48.8584 150.923
3089279 48.8584 150.939
3089613 48.8584 151.004
3090928 48.8584 151.014
3091142 48.8584 151.141
3093745 48.8584 151.231
3095592 48.8584 151.373
3098485 48.8584 151.381
3098651 48.8584 151.574
3102593 48.8584 151.608
3103304 48.8584 151.655
3104271 48.8584 152.08
3112954 48.8584 152.106
3113490 48.8584 152.183
3115068 48.8584 152.315
3117762 48.8584 152.358
3118642 48.8584 152.531
3122196 48.8584 152.587
3123335 48.8584 152.761
3126892 48.8584 152.805
3127807 48.8584 153.046
3132723 48.8584 153.053
3132876 48.8584 153.37
3139368 48.8584 153.756
3147255 48.8584 154.348
3159370 48.8584 154.431
3161073 48.8584 154.758
3167767 48.8584 154.905
3170785 48.8584 154.949
3171690 48.8584 155.043
3173599 48.8584 155.376
3180419 48.8584 155.454
3182017 48.8584 155.585
3184691 48.8584 155.675
3186541 48.8584 155.741
3187895 48.8584 155.751
3188104 48.8584 155.951
3192180 48.8584 155.957
3192317 48.8584 156.152
3196312 48.8584 156.225
3197800 48.8584 156.52
3203830 48.8584 156.608
3205642 48.8584 156.642
3206339 48.8584 156.69
3207308 48.8584 156.844
3210470 48.8584 156.865
3210892 48.8584 156.879
3211184 48.8584 157.279
3219360 48.8584 157.422
3222299 48.8584 157.525
3224395 48.8584 157.629
3226523 48.8584 157.846
3230983 48.8584 158.139
3236968 48.8584 158.194
3238103 48.8584 158.547
3245327 48.8584 158.934
3253252 48.8584 159.509
3265012 48.8584 159.511
3265053 48.8584 159.629
3267460 48.8584 159.824
3271461 48.8584 159.916
3273344 48.8584 160.075
3276603 48.8584 160.18
3278749 48.8584 160.241
3279987 48.8584 160.406
3283376 48.8584 160.421
3283685 48.8584 160.69
3289176 48.8584 160.708
3289555 48.8584 160.804
3291510 48.8584 160.991
3295343 48.8584 161.036
3296257 48.8584 161.078
3297120 48.8584 161.177
3299153 48.8584 161.274
3301137 48.8584 161.311
3301893 48.8584 161.747
3310807 48.8584 161.884
3313616 48.8584 161.934
3314649 48.8584 161.998
3315947 48.8584 162.021
3316417 48.8584 162.021
3316419 48.8584 162.144
3318938 48.8584 162.29
3321938 48.8584 162.292
3321968 48.8584 162.412
3324427 48.8584 162.413
3324450 48.8584 162.526
3326767 48.8584 162.574
3327753 48.8584 162.686
3330027 48.8584 162.97
3335843 48.8584 162.982
3336102 48.8584 163.324
3343086 48.8584 163.455
3345777 48.8584 163.501
3346708 48.8584 163.786
3352556 48.8584 163.815
3353140 48.8584 163.989
3356705 48.8584 164.147
3359933 48.8584 164.22
3361441 48.8584 164.349
3364083 48.8584 164.495
3367053 48.8584 164.719
3371637 48.8584 164.799
3373282 48.8584 164.841
3374135 48.8584 164.965
3376684 48.8584 165.006
3377528 48.8584 165.263
3382774 48.8584 165.357
3384703 48.8584 165.381
3385204 48.8584 165.443
3386466 48.8584 165.444
3386477 48.8584 165.877
3395353 48.8584 166.269
3403367 48.8584 166.404
3406127 48.8584 166.508
3408258 48.8584 166.748
3413169 48.8584 166.798
3414192 48.8584 167.081
3419998 48.8584 167.135
3421091 48.8584 167.155
3421498 48.8584 167.324
3424956 48.8584 167.454
3427624 48.8584 167.458
3427698 48.8584 167.697
3432589 48.8584 168.003
3438864 48.8584 168.183
3442551 48.8584 168.208
3443047 48.8584 168.344
3445850 48.8584 168.865
3456505 48.8584 169.15
3462335 48.8584 169.21
3463569 48.8584 169.252
3464419 48.8584 169.394
3467334 48.8584 169.967
3479055 48.8584 170.021
3480155 48.8584 170.12
3482199 48.8584 170.159
3482996 48.8584 170.485
3489661 48.8584 170.534
3490673 48.8584 170.599
3491992 48.8584 170.601
3492041 48.8584 171.029
3500787 48.8584 171.062
3501469 48.8584 171.191
3504104 48.8584 171.364
3507646 48.8584 171.423
3508856 48.8584 171.661
3513738 48.8584 171.766
3515874 48.8584 171.874
3518094 48.8584 171.907
3518759 48.8584 172.186
3524485 48.8584 172.317
3527165 48.8584 172.661
3534193 48.8584 172.817
3537396 48.8584 172.828
3537620 48.8584 172.925
3539605 48.8584 173.149
3544187 48.8584 173.553
3552446 48.8584 173.823
3557984 48.8584 174.151
3564687 48.8584 174.609
3574072 48.8584 174.902
3580066 48.8584 174.909
3580201 48.8584 174.912
3580272 48.8584 175.754
3597506 48.8584 175.817
3598783 48.8584 175.929
3601086 48.8584 175.991
3602356 48.8584 176.107
3604734 48.8584 176.3
3608685 48.8584 176.478
3612312 48.8584 176.712
3617106 48.8584 176.8
3618902 48.8584 177.135
3625766 48.8584 177.484
3632912 48.8584 177.613
3635543 48.8584 177.636
3636017 48.8584 177.809
3639567 48.8584 177.835
3640102 48.8584 178.04
3644287 48.8584 178.127
3646062 48.8584 178.681
3657411 48.8584 179.026
3664466 48.8584 179.27
3669475 48.8584 179.468
3673517 48.8584 179.666
3677567 48.8584 179.667
3677589 48.8584 179.675
3677747 48.8584 179.804
3680404 48.8584 179.898
3682315 48.8584 180.317
3690887 48.8584 180.528
3695220 48.8584 180.557
3695809 48.8584 180.672
3698153 48.8584 180.87
3702221 48.8584 180.892
3702668 48.8584 180.975
3704355 48.8584 181.186
3708680 48.8584 181.197
3708897 48.8584 181.278
3710560 48.8584 181.449
3714070 48.8584 181.555
3716234 48.8584 181.789
3721020 48.8584 182.277
3731011 48.8584 182.551
3736625 48.8584 182.604
3737698 48.8584 182.994
3745687 48.8584 183.519
3756427 48.8584 183.541
3756884 48.8584 183.693
3760000 48.8584 184.086
3768032 48.8584 184.222
3770811 48.8584 184.335
3773125 48.8584 184.416
3774795 48.8584 184.462
3775734 48.8584 184.597
3778500 48.8584 184.618
3778932 48.8584 184.673
3780054 48.8584 185.179
3790414 48.8584 185.518
3797336 48.8584 185.526
3797514 48.8584 185.632
3799684 48.8584 185.724
3801557 48.8584 185.922
3805623 48.8584 186.077
3808785 48.8584 186.261
3812551 48.8584 186.477
3816976 48.8584 186.582
3819128 48.8584 186.706
3821667 48.8584 186.966
3826988 48.8584 186.993
3827532 48.8584 187.249
3832776 48.8584 187.274
3833282 48.8584 187.308
3833987 48.8584 187.415
3836172 48.8584 187.731
3842640 48.8584 187.845
3844978 48.8584 187.853
3845140 48.8584 187.908
3846273 48.8584 187.958
3847281 48.8584 188.018
3848510 48.8584 188.353
3855379 48.8584 188.477
3857904 48.8584 188.505
3858478 48.8584 188.529
3858978 48.8584 188.564
3859688 48.8584 188.778
3864062 48.8584 188.806
3864650 48.8584 188.954
3867668 48.8584 189.027
3869173 48.8584 189.37
3876194 48.8584 189.374
3876267 48.8584 189.977
3888603 48.8584 189.98
3888681 48.8584 190.206
3893297 48.8584 190.291
3895036 48.8584 190.508
3899487 48.8584 190.567
3900676 48.8584 190.579
3900939 48.8584 190.774
3904919 48.8584 190.774
3904930 48.8584 191.094
3911476 48.8584 191.234
3914334 48.8584 191.409
3917922 48.8584 191.599
3921808 48.8584 191.601
3921857 48.8584 191.86
3927145 48.8584 191.995
3929921 48.8584 192.034
3930705 48.8584 192.364
3937468 48.8584 192.398
3938168 48.8584 192.433
3938880 48.8584 192.529
3940851 48.8584 192.583
3941954 48.8584 192.588
3942048 48.8584 192.67
3943729 48.8584 192.707
3944494 48.8584 192.738
3945124 48.8584 192.933
3949107 48.8584 193.047
3951445 48.8584 193.138
3953301 48.8584 193.148
3953513 48.8584 193.363
3957902 48.8584 193.483
3960368 48.8584 193.804
3966930 48.8584 193.903
3968969 48.8584 193.97
3970335 48.8584 194.221
3975471 48.8584 194.325
3977599 48.8584 194.358
3978277 48.8584 194.422
3979585 48.8584 194.868
3988717 48.8584 195.092
3993304 48.8584 195.109
3993641 48.8584 195.17
3994895 48.8584 195.417
3999945 48.8584 195.634
4004392 48.8584 195.647
4004650 48.8584 196.038
4012657 48.8584 196.082
4013555 48.8584 196.102
4013973 48.8584 196.335
4018739 48.8584 196.589
4023945 48.8584 196.644
4025056 48.8584 196.863
4029541 48.8584 197.009
4032546 48.8584 197.013
4032608 48.8584 197.052
4033425 48.8584 197.08
4033992 48.8584 197.274
4037964 48.8584 197.571
4044043 48.8584 197.616
4044954 48.8584 197.687
4046410 48.8584 197.814
4049006 48.8584 198.402
4061047 48.8584 198.482
4062677 48.8584 198.78
4068774 48.8584 198.787
4068917 48.8584 198.936
4071978 48.8584 199.125
4075849 48.8584 199.127
4075891 48.8584 199.278
4078979 48.8584 199.413
4081738 48.8584 199.468
4082864 48.8584 199.574
4085032 48.8584 200.15
4096830 48.8584 200.255
4098973 48.8584 200.267
4099224 48.8584 200.394
4101811 48.8584 200.497
4103935 48.8584 200.648
4107013 48.8584 200.859
4111326 48.8584 201.049
4115227 48.8584 201.127
4116819 48.8584 201.18
4117901 48.8584 201.244
4119216 48.8584 201.529
4125050 48.8584 201.67
4127943 48.8584 201.807
4130744 48.8584 201.83
4131206 48.8584 201.951
4133682 48.8584 201.993
4134538 48.8584 202.14
4137563 48.8584 202.234
4139468 48.8584 202.24
4139597 48.8584 202.304
4140907 48.8584 202.377
4142404 48.8584 202.647
4147927 48.8584 202.751
4150053 48.8584 202.795
4150959 48.8584 202.831
4151692 48.8584 202.886
4152827 48.8584 202.996
4155071 48.8584 203.13
4157808 48.8584 203.34
4162106 48.8584 203.447
4164299 48.8584 203.55
4166416 48.8584 203.682
4169114 48.8584 203.717
4169823 48.8584 203.722
4169933 48.8584 203.9
4173574 48.8584 204.088
4177424 48.8584 204.092
4177514 48.8584 204.222
4180171 48.8584 204.255
4180844 48.8584 204.265
4181040 48.8584 204.391
4183616 48.8584 204.959
4195261 48.8584 205.12
4198546 48.8584 205.143
4199026 48.8584 205.378
4203833 48.8584 205.383
4203928 48.8584 205.406
4204400 48.8584 205.841
4213294 48.8584 205.864
4213766 48.8584 206.039
4217346 48.8584 206.282
4222327 48.8584 206.578
4228384 48.8584 206.598
4228803 48.8584 206.88
4234578 48.8584 206.968
4236361 48.8584 207.109
4239253 48.8584 207.33
4243772 48.8584 207.659
4250522 48.8584 207.771
4252801 48.8584 207.783
4253043 48.8584 207.797
4253329 48.8584 207.959
4256662 48.8584 208.423
4266145 48.8584 208.556
4268871 48.8584 208.556
4268878 48.8584 208.663
4271061 48.8584 208.929
4276510 48.8584 209.081
4279619 48.8584 209.09
4279807 48.8584 209.153
4281094 48.8584 209.16
4281243 48.8584 209.357
4285270 48.8584 209.455
4287273 48.8584 209.514
4288489 48.8584 209.591
4290065 48.8584 209.722
4292737 48.8584 209.86
4295559 48.8584 210.136
4301205 48.8584 210.351
4305607 48.8584 210.362
4305838 48.8584 210.766
4314106 48.8584 211.154
4322050 48.8584 211.249
4323993 48.8584 211.32
4325444 48.8584 211.326
4325561 48.8584 211.454
4328188 48.8584 211.501
4329141 48.8584 211.521
4329563 48.8584 211.623
4331641 48.8584 211.878
4336859 48.8584 212.234
4344154 48.8584 212.243
4344330 48.8584 212.431
4348180 48.8584 213.308
4366128 48.8584 213.348
4366947 48.8584 213.576
4371621 48.8584 213.68
4373745 48.8584 213.686
4373865 48.8584 213.758
4375337 48.8584 213.822
4376645 48.8584 214.021
4380733 48.8584 214.134
4383036 48.8584 214.178
4383933 48.8584 214.306
4386565 48.8584 214.375
4387980 48.8584 214.467
4389861 48.8584 214.679
4394203 48.8584 214.872
4398146 48.8584 214.949
4399719 48.8584 215.119
4403201 48.8584 215.139
4403611 48.8584 215.18
4404449 48.8584 215.207
4404999 48.8584 215.336
4407643 48.8584 215.391
4408766 48.8584 215.428
4409520 48.8584 215.431
4409590 48.8584 215.667
4414408 48.8584 215.717
4415438 48.8584 215.859
4418349 48.8584 215.945
4420105 48.8584 216.28
4426962 48.8584 216.356
4428525 48.8584 216.379
4428989 48.8584 216.425
4429924 48.8584 216.527
4432014 48.8584 216.564
4432773 48.8584 216.698
4435510 48.8584 216.796
4437532 48.8584 216.869
4439019 48.8584 216.905
4439760 48.8584 217.006
4441813 48.8584 217.145
4444665 48.8584 217.165
4445066 48.8584 217.385
4449573 48.8584 217.394
4449754 48.8584 217.562
4453208 48.8584 217.929
4460704 48.8584 218.293
4468158 48.8584 218.514
4472684 48.8584 218.593
4474304 48.8584 218.887
4480311 48.8584 219.22
4487131 48.8584 219.287
4488508 48.8584 219.315
4489084 48.8584 219.62
4495313 48.8584 219.623
4495394 48.8584 219.769
4498364 48.8584 219.832
4499652 48.8584 219.86
4500230 48.8584 219.912
4501302 48.8584 220.278
4508792 48.8584 220.636
4516116 48.8584 220.765
4518766 48.8584 220.841
4520309 48.8584 221.02
4523972 48.8584 221.384
4531426 48.8584 221.523
4534263 48.8584 221.593
4535710 48.8584 221.761
4539141 48.8584 221.906
4542110 48.8584 221.973
4543482 48.8584 222.145
4547003 48.8584 222.153
4547167 48.8584 222.253
4549207 48.8584 222.452
4553283 48.8584 222.543
4555147 48.8584 222.646
4557251 48.8584 222.686
4558075 48.8584 222.741
4559201 48.8584 222.977
4564039 48.8584 223.026
4565043 48.8584 223.031
4565140 48.8584 223.387
4572422 48.8584 224.125
4587528 48.8584 224.168
4588401 48.8584 224.536
4595942 48.8584 225.171
4608946 48.8584 225.34
4612400 48.8584 225.427
4614172 48.8584 225.436
4614352 48.8584 225.516
4616001 48.8584 226.057
4627061 48.8584 226.178
4629555 48.8584 226.186
4629704 48.8584 226.45
4635111 48.8584 226.459
4635296 48.8584 226.469
4635500 48.8584 226.756
4641378 48.8584 226.763
4641520 48.8584 226.863
4643558 48.8584 226.941
4645164 48.8584 226.95
4645342 48.8584 227.025
4646890 48.8584 227.722
4661157 48.8584 227.943
4665664 48.8584 227.956
4665943 48.8584 228.101
4668897 48.8584 228.146
4669827 48.8584 228.269
4672347 48.8584 228.487
4676811 48.8584 228.507
4677209 48.8584 228.651
4680162 48.8584 228.707
4681310 48.8584 228.732
4681819 48.8584 228.953
4686351 48.8584 229.014
4687592 48.8584 229.06
4688542 48.8584 229.119
4689735 48.8584 229.27
4692824 48.8584 229.312
4693698 48.8584 229.443
4696363 48.8584 229.565
4698861 48.8584 229.852
4704748 48.8584 229.894
4705605 48.8584 229.913
4705993 48.8584 230.068
4709165 48.8584 230.33
4714536 48.8584 230.339
4714707 48.8584 230.376
4715461 48.8584 230.508
4718175 48.8584 230.672
4721525 48.8584 230.874
4725667 48.8584 230.978
4727796 48.8584 230.979
4727818 48.8584 231.139
4731076 48.8584 231.171
4731738 48.8584 231.27
4733761 48.8584 231.287
4734119 48.8584 231.397
4736366 48.8584 231.421
4736853 48.8584 231.712
4742812 48.8584 231.735
4743279 48.8584 231.825
4745117 48.8584 231.889
4746446 48.8584 231.997
4748649 48.8584 232.805
4765192 48.8584 232.808
4765245 48.8584 232.854
4766197 48.8584 232.895
4767025 48.8584 233.373
4776810 48.8584 233.38
4776946 48.8584 233.477
4778941 48.8584 233.722
4783947 48.8584 233.991
4789451 48.8584 234.179
4793308 48.8584 234.413
4798098 48.8584 234.501
4799903 48.8584 234.565
4801204 48.8584 234.628
4802499 48.8584 234.641
4802758 48.8584 234.67
4803354 48.8584 234.749
4804971 48.8584 234.84
4806834 48.8584 234.925
4808579 48.8584 235.023
4810579 48.8584 235.079
4811717 48.8584 235.1
4812165 48.8584 235.383
4817953 48.8584 235.391
4818118 48.8584 235.647
4823354 48.8584 235.807
4826619 48.8584 235.847
4827456 48.8584 235.868
4827871 48.8584 235.92
4828950 48.8584 235.989
4830349 48.8584 235.996
4830490 48.8584 236.003
4830649 48.8584 236.049
4831571 48.8584 236.108
4832789 48.8584 236.114
4832906 48.8584 236.344
4837616 48.8584 236.356
4837855 48.8584 236.72
4845311 48.8584 237.194
4855025 48.8584 237.369
4858590 48.8584 237.679
4864951 48.8584 238.111
4873780 48.8584 238.202
4875646 48.8584 238.403
4879769 48.8584 238.496
4881668 48.8584 238.607
4883940 48.8584 238.629
4884382 48.8584 238.646
4884736 48.8584 238.674
4885304 48.8584 238.754
4886951 48.8584 238.901
4889950 48.8584 238.941
4890772 48.8584 238.957
4891102 48.8584 238.964
4891238 48.8584 239.024
4892469 48.8584 239.164
4895341 48.8584 239.277
4897649 48.8584 239.313
4898383 48.8584 239.412
4900417 48.8584 239.544
4903115 48.8584 239.662
4905533 48.8584 239.72
4906711 48.8584 239.811
4908576 48.8584 239.833
4909021 48.8584 240.011
4912672 48.8584 240.466
4921979 48.8584 240.658
4925924 48.8584 240.879
4930438 48.8584 240.949
4931872 48.8584 241.089
4934733 48.8584 241.212
4937248 48.8584 241.512
4943401 48.8584 241.534
4943847 48.8584 241.574
4944669 48.8584 242.246
4958408 48.8584 242.249
4958483 48.8584 242.479
4963190 48.8584 242.797
4969689 48.8584 242.806
4969884 48.8584 242.868
4971138 48.8584 242.906
4971930 48.8584 242.931
4972444 48.8584 243.274
4979451 48.8584 243.605
4986234 48.8584 243.627
4986673 48.8584 243.843
4991103 48.8584 243.859
4991430 48.8584 244.227
