263	37.4011	0.204921
5742	37.4011	0.230653
6430	37.4011	0.387064
10612	37.4011	0.417771
11433	37.4011	0.497697
13570	37.4011	0.636418
17279	37.4011	0.641392
17412	37.4011	0.693193
18797	37.4011	0.726816
19696	37.4011	0.754082
20425	37.4011	1.26681
34134	37.4011	1.30134
35057	37.4011	1.36589
36783	37.4011	1.39476
37555	37.4011	1.42899
38470	37.4011	1.55458
41828	37.4011	1.56931
42222	37.4011	1.66499
44780	37.4011	1.73769
46724	37.4011	1.76791
47532	37.4011	1.83961
49449	37.4011	1.91853
51559	37.4011	2.03911
54783	37.4011	2.12996
57212	37.4011	2.2796
61213	37.4011	2.412
64753	37.4011	2.42221
65026	37.4011	2.5064
67277	37.4011	2.55902
68684	37.4011	2.71428
72835	37.4011	2.76477
74185	37.4011	2.78201
74646	37.4011	3.15913
84729	37.4011	3.25136
87195	37.4011	3.40249
91236	37.4011	3.41794
91649	37.4011	3.45617
92671	37.4011	3.7158
99613	37.4011	3.83792
102878	37.4011	3.90969
104797	37.4011	4.00327
107299	37.4011	4.10844
110111	37.4011	4.15392
111327	37.4011	4.15863
111453	37.4011	4.34721
116495	37.4011	4.44838
119200	37.4011	4.49259
120382	37.4011	4.53018
121387	37.4011	4.72526
126603	37.4011	4.87187
130523	37.4011	5.02028
134491	37.4011	5.08921
136334	37.4011	5.09751
136556	37.4011	5.13925
137672	37.4011	5.14266
137763	37.4011	5.1829
138839	37.4011	5.22086
139854	37.4011	5.37062
143858	37.4011	5.4152
145050	37.4011	5.46711
146438	37.4011	5.48417
146894	37.4011	5.5795
149443	37.4011	5.58384
149559	37.4011	5.60722
150184	37.4011	5.66998
151862	37.4011	5.70259
152734	37.4011	5.70311
152748	37.4011	5.85478
156803	37.4011	5.93938
159065	37.4011	6.22673
166748	37.4011	6.31705
169163	37.4011	6.32027
169249	37.4011	6.39081
171135	37.4011	6.44126
172484	37.4011	6.83143
182916	37.4011	6.90739
184947	37.4011	7.1082
190316	37.4011	7.22381
193407	37.4011	7.23742
193771	37.4011	7.33747
196446	37.4011	7.41003
198386	37.4011	7.55701
202316	37.4011	7.57773
202870	37.4011	7.68152
205645	37.4011	7.7861
208441	37.4011	8.06963
216022	37.4011	8.206
219668	37.4011	8.64823
231492	37.4011	8.69741
232807	37.4011	8.70355
232971	37.4011	8.70938
233127	37.4011	8.71477
233271	37.4011	9.01255
241233	37.4011	9.14982
244903	37.4011	9.31479
249314	37.4011	9.31861
249416	37.4011	9.36102
250550	37.4011	9.39984
251588	37.4011	9.49641
254170	37.4011	9.52402
254908	37.4011	9.62668
257653	37.4011	9.86205
263946	37.4011	9.88804
264641	37.4011	10.1121
270633	37.4011	10.3087
275887	37.4011	10.4112
278628	37.4011	10.6579
285225	37.4011	11.4879
307418	37.4011	11.5047
307865	37.4011	11.7202
313628	37.4011	11.9837
320672	37.4011	12.025
321776	37.4011	12.1108
324070	37.4011	12.2426
327594	37.4011	12.3432
330284	37.4011	12.4555
333287	37.4011	12.5039
334581	37.4011	12.5111
334775	37.4011	12.7541
341272	37.4011	12.7898
342226	37.4011	12.875
344504	37.4011	12.918
345654	37.4011	13.0717
349764	37.4011	13.2317
354040	37.4011	13.3528
357280	37.4011	13.5884
363577	37.4011	13.6783
365982	37.4011	13.7974
369167	37.4011	13.8744
371226	37.4011	14.0146
374974	37.4011	14.2125
380266	37.4011	14.2439
381103	37.4011	14.3285
383366	37.4011	14.3572
384133	37.4011	14.4919
387735	37.4011	14.5024
388017	37.4011	14.5965
390531	37.4011	14.7286
394064	37.4011	14.8099
396237	37.4011	14.9671
400440	37.4011	14.9926
401122	37.4011	15.0098
401582	37.4011	15.0102
401594	37.4011	15.0318
402171	37.4011	15.0962
403893	37.4011	15.1477
405268	37.4011	15.3559
410836	37.4011	15.6062
417527	37.4011	15.7403
421113	37.4011	16.0379
429071	37.4011	16.0403
429134	37.4011	16.0967
430642	37.4011	16.2245
434061	37.4011	16.2412
434506	37.4011	16.4132
439106	37.4011	16.4357
439708	37.4011	16.5993
444080	37.4011	16.6053
444242	37.4011	16.6856
446388	37.4011	16.7015
446814	37.4011	16.7868
449093	37.4011	16.8289
450220	37.4011	16.8353
450392	37.4011	17.0039
454900	37.4011	17.0514
456170	37.4011	17.1668
459253	37.4011	17.4276
466228	37.4011	17.4307
466311	37.4011	17.4377
466497	37.4011	17.4464
466729	37.4011	17.615
471239	37.4011	17.687
473164	37.4011	17.7135
473871	37.4011	17.8116
476495	37.4011	17.8948
478719	37.4011	17.9782
480949	37.4011	17.9787
480961	37.4011	18.1394
485258	37.4011	18.1891
486588	37.4011	18.2631
488565	37.4011	18.298
489498	37.4011	18.3083
489775	37.4011	18.327
490276	37.4011	18.6189
498080	37.4011	19.0012
508302	37.4011	19.0135
508630	37.4011	19.0512
509638	37.4011	19.0923
510737	37.4011	19.2809
515779	37.4011	19.3144
516676	37.4011	19.3278
517032	37.4011	19.4736
520931	37.4011	19.4849
521234	37.4011	19.57
523508	37.4011	19.6826
526520	37.4011	19.8769
531714	37.4011	19.9245
532987	37.4011	19.934
533242	37.4011	20.0018
535053	37.4011	20.0142
535385	37.4011	20.1543
539131	37.4011	20.2414
541461	37.4011	20.3666
544809	37.4011	20.8318
557246	37.4011	20.8717
558314	37.4011	20.8959
558960	37.4011	20.9444
560256	37.4011	20.9715
560980	37.4011	21.1135
564777	37.4011	21.1353
565360	37.4011	21.321
570326	37.4011	21.3341
570677	37.4011	21.3365
570741	37.4011	21.4564
573945	37.4011	21.5663
576884	37.4011	21.5749
577114	37.4011	21.8067
583311	37.4011	21.8627
584808	37.4011	21.8921
585596	37.4011	22.2729
595778	37.4011	22.911
612839	37.4011	23.0626
616890	37.4011	23.1895
620283	37.4011	23.2162
620999	37.4011	23.2625
622237	37.4011	23.4212
626480	37.4011	23.7586
635500	37.4011	24.0941
644471	37.4011	24.2272
648030	37.4011	24.2761
649337	37.4011	24.4291
653427	37.4011	24.4927
655128	37.4011	24.592
657782	37.4011	24.6084
658222	37.4011	24.7906
663092	37.4011	24.9946
668548	37.4011	25.0903
671105	37.4011	25.196
673933	37.4011	25.2438
675211	37.4011	25.4459
680614	37.4011	25.4636
681086	37.4011	25.5124
682392	37.4011	25.5862
684366	37.4011	25.6158
685156	37.4011	25.6873
687068	37.4011	25.8004
690091	37.4011	25.8118
690397	37.4011	25.9341
693668	37.4011	25.961
694386	37.4011	26.0957
697987	37.4011	26.1906
700526	37.4011	26.2498
702109	37.4011	26.4211
706689	37.4011	26.5739
710772	37.4011	26.7126
714482	37.4011	26.751
715509	37.4011	26.9783
721586	37.4011	27.1052
724978	37.4011	27.1225
725442	37.4011	27.2875
729854	37.4011	27.3072
730380	37.4011	27.5355
736484	37.4011	27.5489
736841	37.4011	27.5696
737395	37.4011	27.5801
737676	37.4011	27.7593
742468	37.4011	27.9228
746838	37.4011	28.0364
749877	37.4011	28.3301
757729	37.4011	28.3608
758550	37.4011	28.4131
759949	37.4011	28.425
760266	37.4011	28.4552
761073	37.4011	28.4704
761481	37.4011	28.5181
762756	37.4011	28.705
767752	37.4011	28.838
771309	37.4011	28.8497
771621	37.4011	28.9142
773345	37.4011	29.0832
777866	37.4011	29.2841
783235	37.4011	29.367
785453	37.4011	29.4758
788361	37.4011	29.5459
790236	37.4011	29.6418
792801	37.4011	29.7676
796165	37.4011	29.8732
798988	37.4011	29.9717
801620	37.4011	30.4774
815141	37.4011	30.5125
816081	37.4011	30.8458
824991	37.4011	30.8603
825379	37.4011	31.0389
830155	37.4011	31.3083
837357	37.4011	31.4438
840981	37.4011	31.5003
842491	37.4011	31.6888
847532	37.4011	31.8212
851072	37.4011	31.8366
851484	37.4011	31.8384
851532	37.4011	32.0778
857933	37.4011	32.1018
858573	37.4011	32.1547
859987	37.4011	32.1723
860458	37.4011	32.6994
874551	37.4011	32.8894
879631	37.4011	32.9576
881454	37.4011	32.9627
881591	37.4011	32.9979
882532	37.4011	33.336
891572	37.4011	33.4333
894173	37.4011	33.6985
901265	37.4011	33.8099
904244	37.4011	33.8632
905668	37.4011	33.8718
905897	37.4011	33.9621
908313	37.4011	34.0699
911195	37.4011	34.0803
911474	37.4011	34.1896
914395	37.4011	34.2706
916560	37.4011	34.5904
925111	37.4011	35.2213
941981	37.4011	35.2683
943236	37.4011	35.3002
944090	37.4011	35.3023
944147	37.4011	35.3072
944277	37.4011	35.412
947078	37.4011	35.4161
947189	37.4011	35.4942
949277	37.4011	35.5358
950389	37.4011	35.563
951115	37.4011	35.8767
959503	37.4011	35.9737
962097	37.4011	36.314
971195	37.4011	36.4063
973664	37.4011	36.4069
973679	37.4011	36.4423
974625	37.4011	36.5177
976641	37.4011	36.5484
977463	37.4011	36.9304
987676	37.4011	36.9521
988257	37.4011	37.0914
991980	37.4011	37.1321
993070	37.4011	37.264
996597	37.4011	37.4287
1001000	18.4904	37.4363
1001411	0.312713	37.437
1003602	0.115727	37.4374
1006681	0.0935026	37.4382
1015947	0.0935026	37.4383
1016339	0.0935026	37.4383
1017310	0.0935026	37.4384
1017742	0.0314054	37.4385
1021632	0.0314054	37.4386
1024222	0.0298014	37.4387
1028473	0.0298014	37.4388
1032553	0.0298014	37.4391
1039989	0.0298014	37.4391
1042129	0.0298014	37.4391
1042950	0.0298014	37.4392
1045636	0.0298014	37.4392
1045735	0.0298014	37.4393
1047796	0.0298014	37.4394
1051969	0.0298014	37.4395
1055665	0.0298014	37.4396
1056507	0.0298014	37.4396
1057462	0.0298014	37.4397
1061468	0.0298014	37.4397
1061997	0.0298014	37.4399
1066796	0.0298014	37.4401
1074649	0.0298014	37.4402
1077093	0.0298014	37.4403
1082987	0.0298014	37.4404
1084573	0.0298014	37.4404
1085187	0.0298014	37.4405
1088665	0.0298014	37.4406
1091004	0.0298014	37.4406
1091027	0.0298014	37.4406
1092772	0.0298014	37.4407
1094526	0.0298014	37.4407
1095252	0.0298014	37.4408
1097185	0.0298014	37.4409
1101540	0.0298014	37.4409
1102036	0.0298014	37.441
1104261	0.0298014	37.4411
1109031	0.0298014	37.4412
1112556	0.0298014	37.4413
1114439	0.0298014	37.4413
1116602	0.0298014	37.4414
1119427	0.0298014	37.4415
1121044	0.0298014	37.4415
1122549	0.0298014	37.4415
1123537	0.0298014	37.4417
1128344	0.0298014	37.4418
1131558	0.0298014	37.4419
1134680	0.0298014	37.4419
1136183	0.0298014	37.442
1140226	0.0298014	37.4422
1146791	0.0298014	37.4423
1147723	0.0298014	37.4423
1148328	0.0298014	37.4425
1154808	0.0298014	37.4427
1162125	0.0298014	37.4427
1162141	0.0298014	37.4428
1165720	0.0298014	37.4428
1166378	0.0298014	37.4429
1170325	0.0298014	37.4429
1170404	0.0298014	37.4429
1170445	0.0298014	37.4432
1178236	0.0298014	37.4437
1194338	0.0298014	37.4437
1195334	0.0298014	37.4437
1195527	0.0298014	37.4437
1196245	0.0298014	37.4437
1196754	0.0298014	37.4438
1200438	0.0298014	37.4439
1202367	0.0298014	37.4439
1203007	0.0298014	37.444
1206573	0.0298014	37.444
1207348	0.0298014	37.4442
1212921	0.0298014	37.4443
1214849	0.0298014	37.4444
1218395	0.0298014	37.4444
1220016	0.0298014	37.4445
1221982	0.0298014	37.4445
1222484	0.0298014	37.4445
1222766	0.0298014	37.4446
1224226	0.0298014	37.4448
1232001	0.0298014	37.4449
1235182	0.0298014	37.4451
1241481	0.0298014	37.4451
1241524	0.0298014	37.4451
1242677	0.0298014	37.4452
1244552	0.0298014	37.4452
1245298	0.0298014	37.4452
1245850	0.0298014	37.4452
1247100	0.0298014	37.4453
1250678	0.0298014	37.4453
1250989	0.0298014	37.4455
1255763	0.0298014	37.4456
1258190	0.0298014	37.4457
1261370	0.0298014	37.4457
1262310	0.0298014	37.4458
1266197	0.0298014	37.4458
1267327	0.0298014	37.4459
1268740	0.0298014	37.4459
1269161	0.0298014	37.446
1273582	0.0298014	37.4461
1277614	0.0298014	37.4462
1279694	0.0298014	37.4463
1281661	0.0298014	37.4463
1282212	0.0298014	37.4463
1284543	0.0298014	37.4465
1289763	0.0298014	37.4466
1291431	0.0298014	37.4468
1298058	0.0298014	37.4468
1300444	0.0298014	37.4469
1301677	0.0298014	37.4469
1304409	0.0298014	37.447
1307135	0.0298014	37.4471
1310972	0.0298014	37.4473
1315221	0.0298014	37.4474
1320131	0.0298014	37.4474
1320751	0.0298014	37.4475
1324811	0.0298014	37.4476
1325469	0.0298014	37.4477
1331355	0.0298014	37.4478
1333255	0.0298014	37.4478
1333261	0.0298014	37.4478
1334125	0.0298014	37.4478
1334401	0.0298014	37.4481
1342992	0.0298014	37.4487
1362450	0.0298014	37.4488
1367580	0.0298014	37.449
1374382	0.0298014	37.4491
1377927	0.0298014	37.4492
1378677	0.0298014	37.4492
1378930	0.0298014	37.4492
1379702	0.0298014	37.4493
1384248	0.0298014	37.4495
1390078	0.0298014	37.4495
1390464	0.0298014	37.4496
1392930	0.0298014	37.4497
1395916	0.0298014	37.4497
1398338	0.0298014	37.4498
1399361	0.0298014	37.4498
1399612	0.0298014	37.4498
1400530	0.0298014	37.45
1406904	0.0298014	37.4504
1421977	0.0298014	37.4505
1422639	0.0298014	37.4506
1426156	0.0298014	37.4506
1426955	0.0298014	37.4508
1432451	0.0298014	37.4508
1433548	0.0298014	37.4508
1435541	0.0298014	37.4509
1435939	0.0298014	37.4509
1437663	0.0298014	37.4509
1438661	0.0298014	37.451
1439661	0.0298014	37.451
1439886	0.0298014	37.451
1441508	0.0298014	37.451
1441980	0.0298014	37.4513
1449972	0.0298014	37.4513
1451339	0.0298014	37.4514
1452729	0.0298014	37.4514
1453371	0.0298014	37.4515
1456219	0.0298014	37.4515
1457220	0.0298014	37.4517
1462740	0.0298014	37.4518
1466277	0.0298014	37.4518
1469142	0.0298014	37.4521
1477193	0.0298014	37.4524
1488290	0.0298014	37.4526
1494655	0.0298014	37.4527
1496824	0.0298014	37.4527
1497013	0.0298014	37.4527
1497537	0.0298014	37.4528
1499843	0.0298014	37.4528
1500522	0.0298014	37.4528
1501499	0.0298014	37.4529
1505407	0.0298014	37.453
1506859	0.0298014	37.453
1506969	0.0298014	37.4532
1513645	0.0298014	37.4532
1514768	0.0298014	37.4533
1516773	0.0298014	37.4533
1519241	0.0298014	37.4535
1523221	0.0298014	37.4536
1526682	0.0298014	37.4537
1529860	0.0298014	37.4538
1533629	0.0298014	37.4538
1533678	0.0298014	37.4538
1535919	0.0298014	37.4539
1537797	0.0298014	37.4539
1537878	0.0298014	37.4541
1545093	0.0298014	37.4542
1546764	0.0298014	37.4542
1548425	0.0298014	37.4542
1549540	0.0298014	37.4544
1554768	0.0298014	37.4545
1556628	0.0298014	37.4545
1559239	0.0298014	37.4545
1559676	0.0298014	37.4547
1563738	0.0298014	37.4547
1563862	0.0298014	37.4547
1564794	0.0298014	37.4547
1565338	0.0298014	37.4547
1566204	0.0298014	37.455
1573666	0.0298014	37.455
1574487	0.0298014	37.4553
1583561	0.0298014	37.4553
1583881	0.0298014	37.4553
1584101	0.0298014	37.4554
1587007	0.0298014	37.4555
1592258	0.0298014	37.4556
1593928	0.0298014	37.456
1609931	0.0298014	37.4562
1615985	0.0298014	37.4563
1618927	0.0298014	37.4563
1620002	0.0298014	37.4567
1632988	0.0298014	37.4571
1644798	0.0298014	37.4573
1651532	0.0298014	37.4573
1651734	0.0298014	37.4573
1653139	0.0298014	37.4574
1657063	0.0298014	37.4576
1661777	0.0298014	37.4576
1662383	0.0298014	37.4576
1663626	0.0298014	37.4577
1664177	0.0298014	37.4577
1667105	0.0298014	37.4579
1673811	0.0298014	37.458
1674033	0.0298014	37.458
1674198	0.0298014	37.458
1675059	0.0298014	37.4581
1677820	0.0298014	37.4582
1682560	0.0298014	37.4583
1683914	0.0298014	37.4585
1691400	0.0298014	37.4585
1692001	0.0298014	37.4585
1692459	0.0298014	37.4585
1693621	0.0298014	37.4586
1694172	0.0298014	37.4586
1696063	0.0298014	37.4588
1702528	0.0298014	37.4589
1705223	0.0298014	37.459
1709012	0.0298014	37.459
1710232	0.0298014	37.4591
1710871	0.0298014	37.4592
1715837	0.0298014	37.4594
1723839	0.0298014	37.4595
1724604	0.0298014	37.4595
1725767	0.0298014	37.4595
1726263	0.0298014	37.4596
1728459	0.0298014	37.46
1741022	0.0298014	37.4601
1746853	0.0298014	37.4602
1750512	0.0298014	37.4602
1750551	0.0298014	37.4603
1751288	0.0298014	37.4603
1753610	0.0298014	37.4604
1755376	0.0298014	37.4604
1755554	0.0298014	37.4604
1757349	0.0298014	37.4605
1759834	0.0298014	37.4606
1763477	0.0298014	37.4608
1769839	0.0298014	37.4609
1773397	0.0298014	37.461
1776819	0.0298014	37.4611
1779449	0.0298014	37.4611
1779562	0.0298014	37.4611
1780710	0.0298014	37.4613
1784624	0.0298014	37.4613
1785593	0.0298014	37.4614
1788471	0.0298014	37.4614
1789966	0.0298014	37.4614
1791012	0.0298014	37.4615
1792115	0.0298014	37.4615
1794173	0.0298014	37.4617
1798218	0.0298014	37.4617
1800467	0.0298014	37.4618
1802360	0.0298014	37.4619
1805197	0.0298014	37.4619
1805272	0.0298014	37.4619
1805803	0.0298014	37.462
1809911	0.0298014	37.462
1811422	0.0298014	37.4621
1811826	0.0298014	37.4621
1812366	0.0298014	37.4621
1813804	0.0298014	37.4622
1816792	0.0298014	37.4622
1817338	0.0298014	37.4623
1818159	0.0298014	37.4624
1824135	0.0298014	37.4625
1827990	0.0298014	37.4626
1829179	0.0298014	37.4629
1838576	0.0298014	37.4629
1840841	0.0298014	37.463
1841632	0.0298014	37.4631
1847906	0.0298014	37.4632
1851253	0.0298014	37.4633
1854226	0.0298014	37.4635
1861558	0.0298014	37.4636
1862288	0.0298014	37.4637
1866872	0.0298014	37.4638
1869804	0.0298014	37.4639
1873625	0.0298014	37.464
1877187	0.0298014	37.464
1877884	0.0298014	37.4641
1879161	0.0298014	37.4643
1888479	0.0298014	37.4644
1890571	0.0298014	37.4646
1896635	0.0298014	37.4646
1897568	0.0298014	37.4647
1898677	0.0298014	37.4647
1900402	0.0298014	37.4647
1900905	0.0298014	37.4648
1902343	0.0298014	37.4649
1908121	0.0298014	37.4649
1908488	0.0298014	37.4651
1914477	0.0298014	37.4653
1921067	0.0298014	37.4654
1922435	0.0298014	37.4654
1923504	0.0298014	37.4654
1923674	0.0298014	37.4657
1933926	0.0298014	37.4657
1935434	0.0298014	37.4659
1939988	0.0298014	37.466
1942896	0.0298014	37.466
1944302	0.0298014	37.466
1945618	0.0298014	37.4663
1952440	0.0298014	37.4663
1953913	0.0298014	37.4665
1959619	0.0298014	37.4666
1964322	0.0298014	37.4666
1965718	0.0298014	37.4668
1971005	0.0298014	37.4669
1973484	0.0298014	37.4669
1974447	0.0298014	37.467
1978069	0.0298014	37.4672
1983077	0.0298014	37.4672
1983702	0.0298014	37.4672
1985676	0.0298014	37.4674
1990206	0.0298014	37.4675
1992632	0.0298014	37.4676
1996698	0.0298014	37.4676
1997110	0.0298014	37.4676
1998592	0.0298014	37.4676
1998687	0.0298014	37.4679
2006671	0.0298014	37.4679
2007906	0.0298014	37.4679
2008388	0.0298014	37.468
2012334	0.0298014	37.4681
2013603	0.0298014	37.4681
2013785	0.0298014	37.4681
2015049	0.0298014	37.4682
2017734	0.0298014	37.4682
2018107	0.0298014	37.4683
2020988	0.0298014	37.4683
2022110	0.0298014	37.4686
2031050	0.0298014	37.4686
2031793	0.0298014	37.4687
2035322	0.0298014	37.4687
2035607	0.0298014	37.4688
2038659	0.0298014	37.4689
2042175	0.0298014	37.4694
2058018	0.0298014	37.4695
2061361	0.0298014	37.4698
2070016	0.0298014	37.4699
2075351	0.0298014	37.4699
2076033	0.0298014	37.47
2077470	0.0298014	37.4701
2079889	0.0298014	37.4702
2084273	0.0298014	37.4702
2085180	0.0298014	37.4705
2094360	0.0298014	37.4706
2097900	0.0298014	37.4707
2102314	0.0298014	37.4711
2114356	0.0298014	37.4713
2122576	0.0298014	37.4716
2130753	0.0298014	37.4716
2131923	0.0298014	37.4718
2138700	0.0298014	37.4719
2141569	0.0298014	37.4719
2142774	0.0298014	37.472
2145150	0.0298014	37.472
2145555	0.0298014	37.472
2146106	0.0298014	37.472
2146708	0.0298014	37.4721
2148459	0.0298014	37.4723
2156359	0.0298014	37.4724
2159051	0.0298014	37.4725
2162352	0.0298014	37.4726
2166369	0.0298014	37.4727
2168276	0.0298014	37.4727
2170055	0.0298014	37.4728
2173619	0.0298014	37.4729
2174118	0.0298014	37.4729
2174721	0.0298014	37.473
2177998	0.0298014	37.473
2178957	0.0298014	37.473
2179085	0.0298014	37.4731
2181871	0.0298014	37.4733
2189356	0.0298014	37.4733
2189964	0.0298014	37.4733
2190011	0.0298014	37.4734
2193774	0.0298014	37.4734
2193927	0.0298014	37.4735
2194984	0.0298014	37.4735
2196121	0.0298014	37.4736
2198723	0.0298014	37.4737
2203825	0.0298014	37.4738
2205997	0.0298014	37.4739
2208230	0.0298014	37.4739
2209149	0.0298014	37.474
2212838	0.0298014	37.474
2213168	0.0298014	37.4741
2216019	0.0298014	37.4741
2216812	0.0298014	37.4743
2221076	0.0298014	37.4743
2222367	0.0298014	37.4744
2224158	0.0298014	37.4744
2227144	0.0298014	37.4746
2231253	0.0298014	37.4746
2233215	0.0298014	37.4746
2233291	0.0298014	37.4747
2236372	0.0298014	37.4748
2239304	0.0298014	37.4748
2239697	0.0298014	37.4748
2240121	0.0298014	37.4749
2243937	0.0298014	37.475
2245545	0.0298014	37.475
2246827	0.0298014	37.475
2247210	0.0298014	37.4752
2253033	0.0298014	37.4753
2257005	0.0298014	37.4755
2262928	0.0298014	37.4757
2269458	0.0298014	37.4759
2275958	0.0298014	37.476
2279637	0.0298014	37.476
2280694	0.0298014	37.4761
2281573	0.0298014	37.4763
2289369	0.0298014	37.4763
2290578	0.0298014	37.4764
2292948	0.0298014	37.4764
2293199	0.0298014	37.4765
2295610	0.0298014	37.4766
2299378	0.0298014	37.4767
2302967	0.0298014	37.4767
2304643	0.0298014	37.4768
2306042	0.0298014	37.4768
2306081	0.0298014	37.4771
2316509	0.0298014	37.4772
2319788	0.0298014	37.4773
2323162	0.0298014	37.4774
2325098	0.0298014	37.4774
2327787	0.0298014	37.4774
2328090	0.0298014	37.4775
2330167	0.0298014	37.4776
2333211	0.0298014	37.4777
2338123	0.0298014	37.4778
2339863	0.0298014	37.4779
2344062	0.0298014	37.4779
2344624	0.0298014	37.4779
2344746	0.0298014	37.478
2346274	0.0298014	37.4781
2349134	0.0298014	37.4782
2351913	0.0298014	37.4783
2356840	0.0298014	37.4784
2360426	0.0298014	37.4785
2363828	0.0298014	37.4787
2369108	0.0298014	37.4788
2374966	0.0298014	37.4789
2376206	0.0298014	37.479
2379558	0.0298014	37.479
2380557	0.0298014	37.4793
2388889	0.0298014	37.4793
2390475	0.0298014	37.4793
2391077	0.0298014	37.4794
2393242	0.0298014	37.4796
2399047	0.0298014	37.4796
2401191	0.0298014	37.4796
2401980	0.0298014	37.4798
2408501	0.0298014	37.4801
2416892	0.0298014	37.4801
2418126	0.0298014	37.4803
2422512	0.0298014	37.4803
2422870	0.0298014	37.4804
2427201	0.0298014	37.4805
2428846	0.0298014	37.4805
2430678	0.0298014	37.4809
2443656	0.0298014	37.4809
2444912	0.0298014	37.4812
2453346	0.0298014	37.4812
2454729	0.0298014	37.4813
2458183	0.0298014	37.4814
2461166	0.0298014	37.4814
2462155	0.0298014	37.4814
2462361	0.0298014	37.4815
2462894	0.0298014	37.4815
2463520	0.0298014	37.4816
2467777	0.0298014	37.4819
2476472	0.0298014	37.482
2481702	0.0298014	37.4821
2484124	0.0298014	37.4821
2484860	0.0298014	37.4822
2486028	0.0298014	37.4823
2490130	0.0298014	37.4823
2491306	0.0298014	37.4825
2496814	0.0298014	37.4825
2497694	0.0298014	37.4828
2507213	0.0298014	37.4828
2508506	0.0298014	37.4829
2509741	0.0298014	37.483
2515049	0.0298014	37.4833
2525739	0.0298014	37.4838
2540649	0.0298014	37.4838
2540849	0.0298014	37.4838
2541941	0.0298014	37.4839
2544075	0.0298014	37.4839
2544811	0.0298014	37.4841
2550225	0.0298014	37.4841
2550226	0.0298014	37.4841
2550609	0.0298014	37.4841
2551621	0.0298014	37.4841
2552656	0.0298014	37.4842
2553339	0.0298014	37.4842
2554686	0.0298014	37.4844
2560286	0.0298014	37.4844
2562051	0.0298014	37.4845
2563186	0.0298014	37.4846
2569763	0.0298014	37.4847
2570625	0.0298014	37.4849
2578344	0.0298014	37.485
2581900	0.0298014	37.4851
2585138	0.0298014	37.4852
2587068	0.0298014	37.4852
2588922	0.0298014	37.4853
2591606	0.0298014	37.4854
2594178	0.0298014	37.4856
2601830	0.0298014	37.4856
2603088	0.0298014	37.4857
2605211	0.0298014	37.4858
2608522	0.0298014	37.4859
2613244	0.0298014	37.486
2615224	0.0298014	37.4861
2617675	0.0298014	37.4861
2618448	0.0298014	37.4862
2620153	0.0298014	37.4862
2621751	0.0298014	37.4863
2625808	0.0298014	37.4864
2628500	0.0298014	37.4866
2636136	0.0298014	37.4867
2638048	0.0298014	37.4868
2643327	0.0298014	37.487
2649625	0.0298014	37.487
2650045	0.0298014	37.4872
2655179	0.0298014	37.4872
2656409	0.0298014	37.4874
2663259	0.0298014	37.4875
2663990	0.0298014	37.4875
2665646	0.0298014	37.4875
2665846	0.0298014	37.4875
2666118	0.0298014	37.4876
2669123	0.0298014	37.4877
2671442	0.0298014	37.4878
2677090	0.0298014	37.488
2682045	0.0298014	37.4881
2685706	0.0298014	37.4881
2686815	0.0298014	37.4883
2690818	0.0298014	37.4887
2705261	0.0298014	37.4887
2705294	0.0298014	37.4887
2706409	0.0298014	37.4887
2706972	0.0298014	37.489
2714213	0.0298014	37.489
2715599	0.0298014	37.4891
2719295	0.0298014	37.4892
2724046	0.0298014	37.4893
2724315	0.0298014	37.4894
2729059	0.0298014	37.4894
2729722	0.0298014	37.4894
2729905	0.0298014	37.4896
2734430	0.0298014	37.4896
2736848	0.0298014	37.4896
2737150	0.0298014	37.4897
2738364	0.0298014	37.4897
2739934	0.0298014	37.4898
2743726	0.0298014	37.4899
2747529	0.0298014	37.49
2748171	0.0298014	37.49
2749083	0.0298014	37.4901
2752555	0.0298014	37.4902
2754733	0.0298014	37.4902
2755729	0.0298014	37.4902
2756134	0.0298014	37.4902
2756345	0.0298014	37.4903
2760753	0.0298014	37.4904
2764359	0.0298014	37.4905
2765637	0.0298014	37.4906
2770546	0.0298014	37.4906
2770775	0.0298014	37.4907
2774274	0.0298014	37.4909
2778896	0.0298014	37.4909
2779515	0.0298014	37.491
2781277	0.0298014	37.4911
2785263	0.0298014	37.4911
2787657	0.0298014	37.4912
2789106	0.0298014	37.4914
2796755	0.0298014	37.4915
2801019	0.0298014	37.4916
2802731	0.0298014	37.4916
2802733	0.0298014	37.4916
2804377	0.0298014	37.4917
2804965	0.0298014	37.4917
2806714	0.0298014	37.4918
2809436	0.0298014	37.4918
2810275	0.0298014	37.4918
2810423	0.0298014	37.492
2816211	0.0298014	37.492
2817454	0.0298014	37.4921
2819297	0.0298014	37.4922
2824690	0.0298014	37.4923
2826204	0.0298014	37.4923
2828020	0.0298014	37.4925
2833495	0.0298014	37.4927
2841202	0.0298014	37.4928
2843499	0.0298014	37.4929
2846552	0.0298014	37.4931
2853788	0.0298014	37.4933
2860896	0.0298014	37.4934
2864139	0.0298014	37.4935
2865093	0.0298014	37.4935
2867103	0.0298014	37.4935
2867217	0.0298014	37.4936
2869447	0.0298014	37.4936
2870414	0.0298014	37.4936
2871603	0.0298014	37.4938
2876331	0.0298014	37.4942
2891705	0.0298014	37.4943
2892872	0.0298014	37.4943
2893176	0.0298014	37.4945
2899856	0.0298014	37.4946
2903627	0.0298014	37.4946
2904984	0.0298014	37.4947
2906355	0.0298014	37.4948
2908778	0.0298014	37.4949
2912573	0.0298014	37.4949
2912982	0.0298014	37.495
2918033	0.0298014	37.4951
2921901	0.0298014	37.4953
2925529	0.0298014	37.4954
2930431	0.0298014	37.4954
2930474	0.0298014	37.4954
2931816	0.0298014	37.4956
2935786	0.0298014	37.4957
2940150	0.0298014	37.4957
2940688	0.0298014	37.4959
2946691	0.0298014	37.4959
2948747	0.0298014	37.4959
2948782	0.0298014	37.4963
2961598	0.0298014	37.4965
2967618	0.0298014	37.4965
2967642	0.0298014	37.4966
2970190	0.0298014	37.4966
2970929	0.0298014	37.4966
2972029	0.0298014	37.4966
2972096	0.0298014	37.4967
2974606	0.0298014	37.4967
2975671	0.0298014	37.4968
2979104	0.0298014	37.4973
2992865	0.0298014	37.4973
2995262	0.0298014	37.4976
3002722	0.0298014	37.4976
3004148	0.0298014	37.4976
3004517	0.0298014	37.4977
3006776	0.0298014	37.4978
3012677	0.0298014	37.4979
3014568	0.0298014	37.4981
3020532	0.0298014	37.4981
3021167	0.0298014	37.4981
3021494	0.0298014	37.4982
3025160	0.0298014	37.4983
3027517	0.0298014	37.4983
3027847	0.0298014	37.4985
3033056	0.0298014	37.4985
3035532	0.0298014	37.4986
3039463	0.0298014	37.4987
3039851	0.0298014	37.4989
3047066	0.0298014	37.499
3049974	0.0298014	37.499
3050868	0.0298014	37.499
3051263	0.0298014	37.499
3051597	0.0298014	37.4991
3054243	0.0298014	37.4991
3054458	0.0298014	37.4993
3061463	0.0298014	37.4994
3064702	0.0298014	37.4994
3065089	0.0298014	37.4995
3067751	0.0298014	37.4995
3069677	0.0298014	37.4997
3074798	0.0298014	37.4999
3079892	0.0298014	37.5003
3096139	0.0298014	37.5003
3096499	0.0298014	37.5005
3101548	0.0298014	37.5006
3104464	0.0298014	37.5007
3107467	0.0298014	37.5007
3109415	0.0298014	37.5009
3116506	0.0298014	37.501
3119002	0.0298014	37.5011
3120179	0.0298014	37.5011
3120595	0.0298014	37.5011
3120942	0.0298014	37.5011
3123252	0.0298014	37.5011
3123336	0.0298014	37.5013
3127707	0.0298014	37.5013
3129731	0.0298014	37.5013
3129748	0.0298014	37.5014
3130882	0.0298014	37.5014
3131510	0.0298014	37.5014
3131757	0.0298014	37.5014
3132623	0.0298014	37.5016
3137139	0.0298014	37.5016
3137238	0.0298014	37.5016
3139915	0.0298014	37.5017
3140945	0.0298014	37.5017
3142548	0.0298014	37.5017
3143332	0.0298014	37.5018
3143888	0.0298014	37.5018
3145212	0.0298014	37.5021
3153719	0.0298014	37.5021
3155484	0.0298014	37.5021
3155941	0.0298014	37.5022
3157209	0.0298014	37.5022
3160129	0.0298014	37.5023
3162025	0.0298014	37.5024
3165464	0.0298014	37.5026
3171793	0.0298014	37.5027
3175881	0.0298014	37.5028
3177832	0.0298014	37.503
3186183	0.0298014	37.5032
3192243	0.0298014	37.5033
3194951	0.0298014	37.5034
3200127	0.0298014	37.5035
3202402	0.0298014	37.5035
3202859	0.0298014	37.5036
3206319	0.0298014	37.5038
3210980	0.0298014	37.5038
3211396	0.0298014	37.5038
3212727	0.0298014	37.504
3217969	0.0298014	37.504
3218133	0.0298014	37.5042
3224527	0.0298014	37.5042
3224737	0.0298014	37.5043
3229485	0.0298014	37.5043
3230468	0.0298014	37.5044
3231392	0.0298014	37.5044
3232492	0.0298014	37.5044
3233562	0.0298014	37.5045
3236022	0.0298014	37.5047
3241470	0.0298014	37.5049
3248893	0.0298014	37.505
3251394	0.0298014	37.505
3253733	0.0298014	37.5052
3258991	0.0298014	37.5053
3261261	0.0298014	37.5054
3265025	0.0298014	37.5054
3266479	0.0298014	37.5055
3269895	0.0298014	37.5056
3272744	0.0298014	37.5056
3272899	0.0298014	37.5058
3280607	0.0298014	37.5058
3280952	0.0298014	37.506
3286623	0.0298014	37.506
3286813	0.0298014	37.5061
3289448	0.0298014	37.5061
3289695	0.0298014	37.5061
3290395	0.0298014	37.5062
3292014	0.0298014	37.5062
3292288	0.0298014	37.5064
3300358	0.0298014	37.5065
3302410	0.0298014	37.5065
3302609	0.0298014	37.5065
3303491	0.0298014	37.5066
3307611	0.0298014	37.5067
3309209	0.0298014	37.5068
3312078	0.0298014	37.5068
3312652	0.0298014	37.5069
3316461	0.0298014	37.507
3320222	0.0298014	37.507
3320613	0.0298014	37.5071
3321462	0.0298014	37.5071
3323343	0.0298014	37.5071
3323854	0.0298014	37.5072
3326676	0.0298014	37.5073
3328838	0.0298014	37.5076
3340925	0.0298014	37.5079
3349083	0.0298014	37.5079
3350981	0.0298014	37.5081
3355180	0.0298014	37.5081
3358109	0.0298014	37.5082
3359299	0.0298014	37.5082
3360288	0.0298014	37.5082
3361319	0.0298014	37.5083
3362652	0.0298014	37.5084
3365320	0.0298014	37.5084
3367831	0.0298014	37.5085
3368982	0.0298014	37.5086
3374385	0.0298014	37.5087
3376024	0.0298014	37.5087
3377750	0.0298014	37.5089
3382843	0.0298014	37.5089
3384377	0.0298014	37.5089
3384958	0.0298014	37.5091
3389431	0.0298014	37.5092
3392833	0.0298014	37.5092
3393345	0.0298014	37.5092
3393661	0.0298014	37.5094
3399651	0.0298014	37.5094
3401501	0.0298014	37.5095
3402364	0.0298014	37.5097
3409901	0.0298014	37.5098
3413617	0.0298014	37.5102
3425835	0.0298014	37.5102
3426930	0.0298014	37.5102
3428371	0.0298014	37.5102
3428492	0.0298014	37.5102
3428644	0.0298014	37.5103
3431780	0.0298014	37.5105
3437533	0.0298014	37.5106
3440540	0.0298014	37.5107
3444496	0.0298014	37.5108
3447322	0.0298014	37.5108
3447439	0.0298014	37.5108
3447880	0.0298014	37.5109
3449126	0.0298014	37.5112
3459175	0.0298014	37.5114
3468068	0.0298014	37.5116
3475402	0.0298014	37.5117
3476517	0.0298014	37.5117
3477423	0.0298014	37.5118
3479517	0.0298014	37.5118
3480692	0.0298014	37.5119
3483618	0.0298014	37.5119
3484045	0.0298014	37.5119
3485219	0.0298014	37.512
3487004	0.0298014	37.5122
3495027	0.0298014	37.5123
3496063	0.0298014	37.5123
3496299	0.0298014	37.5123
3497111	0.0298014	37.5123
3497341	0.0298014	37.5123
3498553	0.0298014	37.5125
3503322	0.0298014	37.5125
3504166	0.0298014	37.5125
3504660	0.0298014	37.5125
3504918	0.0298014	37.5127
3512340	0.0298014	37.5128
3513446	0.0298014	37.5129
3516809	0.0298014	37.513
3520172	0.0298014	37.513
3521658	0.0298014	37.5132
3527796	0.0298014	37.5133
3532381	0.0298014	37.5134
3532963	0.0298014	37.5134
3534642	0.0298014	37.5136
3539568	0.0298014	37.5136
3540080	0.0298014	37.5137
3544839	0.0298014	37.5139
3551462	0.0298014	37.5139
3552572	0.0298014	37.514
3553394	0.0298014	37.5143
3565323	0.0298014	37.5144
3568547	0.0298014	37.5146
3573738	0.0298014	37.5147
3579043	0.0298014	37.5148
3582002	0.0298014	37.5149
3583855	0.0298014	37.5149
3586460	0.0298014	37.515
3589065	0.0298014	37.5152
3593598	0.0298014	37.5154
3602818	0.0298014	37.5155
3603738	0.0298014	37.5156
3608855	0.0298014	37.5157
3613262	0.0298014	37.5158
3614173	0.0298014	37.5158
3614648	0.0298014	37.5158
3614663	0.0298014	37.5158
3615737	0.0298014	37.5159
3617243	0.0298014	37.5159
3618890	0.0298014	37.516
3622236	0.0298014	37.5161
3625734	0.0298014	37.5163
3632263	0.0298014	37.5166
3642005	0.0298014	37.5166
3642386	0.0298014	37.5167
3644832	0.0298014	37.5168
3648022	0.0298014	37.5168
3648401	0.0298014	37.5168
3649024	0.0298014	37.5169
3650873	0.0298014	37.5172
3662067	0.0298014	37.5172
3663032	0.0298014	37.5173
3665855	0.0298014	37.5175
3671349	0.0298014	37.5177
3678497	0.0298014	37.5177
3679590	0.0298014	37.5177
3679846	0.0298014	37.5179
3684762	0.0298014	37.518
3689141	0.0298014	37.5181
3693182	0.0298014	37.5182
3694679	0.0298014	37.5182
3694706	0.0298014	37.5182
3696944	0.0298014	37.5185
3704419	0.0298014	37.5185
3705629	0.0298014	37.5188
3716812	0.0298014	37.5189
3718024	0.0298014	37.5189
3719122	0.0298014	37.5189
3719535	0.0298014	37.5191
3725791	0.0298014	37.5192
3727882	0.0298014	37.5192
3729762	0.0298014	37.5194
3734190	0.0298014	37.5194
3736806	0.0298014	37.5194
3737335	0.0298014	37.5195
3740500	0.0298014	37.5195
3740824	0.0298014	37.5196
3741187	0.0298014	37.5197
3745073	0.0298014	37.5198
3748658	0.0298014	37.5199
3752725	0.0298014	37.5199
3754146	0.0298014	37.5202
3761484	0.0298014	37.5204
3769404	0.0298014	37.5205
3771367	0.0298014	37.5206
3776883	0.0298014	37.5209
3785026	0.0298014	37.5209
3786969	0.0298014	37.5209
3787285	0.0298014	37.5212
3794567	0.0298014	37.5212
3796441	0.0298014	37.5212
3797499	0.0298014	37.5212
3797857	0.0298014	37.5213
3799202	0.0298014	37.5213
3800965	0.0298014	37.5215
3807465	0.0298014	37.5216
3810166	0.0298014	37.5216
3810675	0.0298014	37.5218
3816861	0.0298014	37.5218
3817703	0.0298014	37.522
3823151	0.0298014	37.522
3823156	0.0298014	37.5221
3825418	0.0298014	37.5222
3828130	0.0298014	37.5223
3831543	0.0298014	37.5225
3839623	0.0298014	37.5226
3844059	0.0298014	37.5227
3845138	0.0298014	37.5229
3852073	0.0298014	37.523
3855293	0.0298014	37.523
3856577	0.0298014	37.5231
3861284	0.0298014	37.5232
3862762	0.0298014	37.5233
3865528	0.0298014	37.5235
3872831	0.0298014	37.5235
3873579	0.0298014	37.5236
3875150	0.0298014	37.5236
3877987	0.0298014	37.5237
3880135	0.0298014	37.5238
3883174	0.0298014	37.524
3889530	0.0298014	37.524
3891221	0.0298014	37.524
3891416	0.0298014	37.5242
3897031	0.0298014	37.5242
3898452	0.0298014	37.5243
3899059	0.0298014	37.5243
3900248	0.0298014	37.5243
3901513	0.0298014	37.5244
3903100	0.0298014	37.5245
3907117	0.0298014	37.5246
3910835	0.0298014	37.5247
3913110	0.0298014	37.5247
3913664	0.0298014	37.5251
3926556	0.0298014	37.5254
3935943	0.0298014	37.5256
3944900	0.0298014	37.5257
3946902	0.0298014	37.5257
3947038	0.0298014	37.5258
3949859	0.0298014	37.5259
3953173	0.0298014	37.5261
3959829	0.0298014	37.5261
3961483	0.0298014	37.5261
3962055	0.0298014	37.5263
3966014	0.0298014	37.5263
3968523	0.0298014	37.5263
3968703	0.0298014	37.5265
3973041	0.0298014	37.5266
3976168	0.0298014	37.5266
3977129	0.0298014	37.5268
3985240	0.0403489	37.5269
3987298	0.0421957	37.527
3989126	0.0421957	37.527
3990428	0.0421957	37.5273
3996663	0.76703	37.5274
3996762	0.76703	37.5277
3997143	0.76703	37.528
3997619	0.76703	37.5312
4001689	5.72512	37.5367
4002647	36.8919	37.6758
4006420	36.8919	37.9985
4015167	36.8919	38.3234
4023972	36.8919	38.6262
4032180	36.8919	38.6942
4034023	36.8919	38.7955
4036769	36.8919	39.1254
4045711	36.8919	39.1903
4047472	36.8919	39.2557
4049245	36.8919	39.3265
4051164	36.8919	39.444
4054348	36.8919	39.7896
4063716	36.8919	39.886
4066328	36.8919	39.9298
4067516	36.8919	40.0282
4070184	36.8919	40.1003
4072138	36.8919	40.2588
4076434	36.8919	40.2767
4076919	36.8919	40.2768
4076921	36.8919	40.3229
4078171	36.8919	40.4181
4080751	36.8919	40.5962
4085579	36.8919	40.6276
4086431	36.8919	40.6869
4088037	36.8919	40.6976
4088328	36.8919	40.7319
4089259	36.8919	40.7462
4089646	36.8919	40.9182
4094308	36.8919	40.9559
4095331	36.8919	41.0821
4098752	36.8919	41.1677
4101072	36.8919	41.2441
4103141	36.8919	41.3114
4104966	36.8919	41.3215
4105241	36.8919	41.7298
4116308	36.8919	41.7911
4117970	36.8919	41.9892
4123340	36.8919	42.0537
4125086	36.8919	42.1284
4127113	36.8919	42.4662
4136269	36.8919	42.4991
4137159	36.8919	42.5524
4138604	36.8919	42.6455
4141128	36.8919	42.717
4143067	36.8919	42.739
4143663	36.8919	43.002
4150792	36.8919	43.0057
4150892	36.8919	43.1101
4153723	36.8919	43.3041
4158981	36.8919	43.3808
4161060	36.8919	43.3905
4161324	36.8919	43.4321
4162450	36.8919	43.453
4163016	36.8919	43.4882
4163970	36.8919	43.5302
4165109	36.8919	43.7996
4172411	36.8919	43.935
4176081	36.8919	44.0511
4179230	36.8919	44.2603
4184900	36.8919	44.3401
4187063	36.8919	44.3505
4187345	36.8919	44.5953
4193980	36.8919	44.6767
4196186	36.8919	44.7868
4199172	36.8919	44.8195
4200058	36.8919	44.8429
4200692	36.8919	44.8953
4202113	36.8919	45.111
4207958	36.8919	45.1224
4208269	36.8919	45.1734
4209651	36.8919	45.2963
4212981	36.8919	45.45
4217148	36.8919	45.6609
4222866	36.8919	45.6728
4223188	36.8919	45.8336
4227546	36.8919	46.0786
4234187	36.8919	46.2272
4238215	36.8919	46.2586
4239067	36.8919	46.2733
4239464	36.8919	46.3529
4241623	36.8919	46.4263
4243613	36.8919	46.5193
4246132	36.8919	46.5797
4247771	36.8919	46.7407
4252135	36.8919	46.8201
4254286	36.8919	47.0623
4260850	36.8919	47.0728
4261137	36.8919	47.1412
4262989	36.8919	47.1823
4264104	36.8919	47.6868
4277778	36.8919	47.7014
4278175	36.8919	47.7039
4278242	36.8919	47.7919
4280627	36.8919	48.0618
4287944	36.8919	48.1948
4291549	36.8919	48.5842
4302104	36.8919	49.0281
4314138	36.8919	49.058
4314947	36.8919	49.0757
4315428	36.8919	49.8586
4336649	36.8919	49.8815
4337268	36.8919	50.2949
4348476	36.8919	50.2993
4348595	36.8919	50.6417
4357875	36.8919	50.8464
4363423	36.8919	50.8721
4364121	36.8919	50.8986
4364838	36.8919	50.907
4365066	36.8919	51.0088
4367825	36.8919	51.07
4369485	36.8919	51.0872
4369951	36.8919	51.1325
4371179	36.8919	51.2504
4374375	36.8919	51.351
4377101	36.8919	51.4671
4380248	36.8919	51.8626
4390969	36.8919	52.1897
4399837	36.8919	52.3457
4404065	36.8919	52.3604
4404464	36.8919	52.6038
4411061	36.8919	52.6364
4411944	36.8919	52.7465
4414928	36.8919	52.7758
4415722	36.8919	52.8468
4417646	36.8919	52.991
4421555	36.8919	53.0796
4423958	36.8919	53.1727
4426481	36.8919	53.2534
4428669	36.8919	53.3177
4430412	36.8919	53.4225
4433253	36.8919	53.4301
4433458	36.8919	53.5799
4437520	36.8919	53.6626
4439760	36.8919	53.6641
4439802	36.8919	53.7539
4442235	36.8919	53.7577
4442339	36.8919	53.7785
4442903	36.8919	53.7965
4443391	36.8919	54.084
4451184	36.8919	54.1212
4452192	36.8919	54.1279
4452373	36.8919	54.2873
4456695	36.8919	54.3474
4458324	36.8919	54.4872
4462113	36.8919	55.4663
4488653	36.8919	55.5052
4489707	36.8919	55.587
4491924	36.8919	55.802
4497751	36.8919	56.1798
4507991	36.8919	56.3495
4512592	36.8919	56.3616
4512921	36.8919	56.38
4513419	36.8919	56.5537
4518127	36.8919	57.0926
4532735	36.8919	57.3847
4540652	36.8919	57.3918
4540845	36.8919	57.4376
4542087	36.8919	57.475
4543101	36.8919	57.524
4544428	36.8919	57.5298
4544586	36.8919	57.5513
4545169	36.8919	57.5568
4545318	36.8919	57.5652
4545544	36.8919	57.9363
4555604	36.8919	58.0216
4557917	36.8919	58.1936
4562579	36.8919	58.4238
4568819	36.8919	58.4913
4570648	36.8919	58.5086
4571118	36.8919	58.5974
4573523	36.8919	59.0538
4585895	36.8919	59.1787
4589280	36.8919	59.2753
4591899	36.8919	59.2792
4592004	36.8919	59.2802
4592031	36.8919	59.3888
4594975	36.8919	59.4107
4595570	36.8919	59.42
4595823	36.8919	59.4524
4596699	36.8919	59.5192
4598510	36.8919	59.6478
4601997	36.8919	59.6546
4602182	36.8919	59.6595
4602313	36.8919	59.7558
4604924	36.8919	59.7736
4605406	36.8919	59.8125
4606460	36.8919	60.1172
4614720	36.8919	60.1487
4615573	36.8919	60.1549
4615743	36.8919	60.4256
4623079	36.8919	60.4684
4624239	36.8919	60.5547
4626578	36.8919	60.5815
4627305	36.8919	60.606
4627971	36.8919	60.9264
4636654	36.8919	60.9681
4637785	36.8919	61.0777
4640755	36.8919	61.1326
4642244	36.8919	61.1631
4643071	36.8919	61.1832
4643616	36.8919	61.2156
4644494	36.8919	61.3312
4647627	36.8919	61.603
4654995	36.8919	61.6136
4655281	36.8919	61.769
4659494	36.8919	61.8024
4660399	36.8919	62.3765
4675962	36.8919	62.3963
4676498	36.8919	62.4319
4677463	36.8919	62.5157
4679735	36.8919	62.5369
4680310	36.8919	62.6105
4682305	36.8919	62.7357
4685698	36.8919	62.748
4686031	36.8919	62.7683
4686581	36.8919	62.935
4691100	36.8919	63.2105
4698569	36.8919	63.2344
4699217	36.8919	63.4341
4704630	36.8919	63.8428
4715706	36.8919	63.8866
4716895	36.8919	64.0721
4721922	36.8919	64.0966
4722586	36.8919	64.2063
4725560	36.8919	64.3762
4730166	36.8919	64.4492
4732145	36.8919	64.484
4733089	36.8919	64.7129
4739292	36.8919	64.7306
4739773	36.8919	64.7378
4739968	36.8919	64.7967
4741563	36.8919	64.8154
4742072	36.8919	64.8267
4742376	36.8919	64.8724
4743615	36.8919	64.9024
4744430	36.8919	64.9809
4746557	36.8919	65.0254
4747763	36.8919	65.0505
4748442	36.8919	65.0967
4749696	36.8919	65.4008
4757939	36.8919	65.5286
4761404	36.8919	65.5787
4762762	36.8919	65.5949
4763199	36.8919	65.6842
4765621	36.8919	65.9716
4773410	36.8919	66.045
4775400	36.8919	66.06
4775807	36.8919	66.2042
4779717	36.8919	66.5415
4788859	36.8919	66.6742
4792457	36.8919	66.7253
4793840	36.8919	67.117
4804458	36.8919	67.2538
4808166	36.8919	67.317
4809879	36.8919	67.3528
4810849	36.8919	67.449
4813457	36.8919	67.4498
4813479	36.8919	67.6153
4817964	36.8919	67.6239
4818198	36.8919	67.9474
4826966	36.8919	67.9626
4827380	36.8919	67.9783
4827804	36.8919	68.0176
4828871	36.8919	68.4109
4839530	36.8919	68.4281
4839998	36.8919	68.5103
4842226	36.8919	68.6453
4845884	36.8919	68.661
4846311	36.8919	68.6861
4846990	36.8919	68.8968
4852702	36.8919	68.9133
4853149	36.8919	69.0427
4856658	36.8919	69.3726
4865599	36.8919	69.3861
4865964	36.8919	69.3956
4866223	36.8919	69.5071
4869244	36.8919	69.6776
4873867	36.8919	69.7081
4874694	36.8919	69.7494
4875812	36.8919	69.826
4877889	36.8919	69.9449
4881112	36.8919	70.0913
4885079	36.8919	70.3442
4891935	36.8919	70.3735
4892730	36.8919	70.3945
4893298	36.8919	70.5801
4898331	36.8919	70.8081
4904510	36.8919	70.857
4905836	36.8919	71.1699
4914317	36.8919	71.1791
4914566	36.8919	71.3036
4917940	36.8919	71.4833
4922813	36.8919	71.5617
4924937	36.8919	71.6465
4927235	36.8919	71.7409
4929794	36.8919	71.877
4933483	36.8919	71.9654
4935879	36.8919	72.1174
4940001	36.8919	72.1608
4941177	36.8919	72.2095
4942498	36.8919	72.2211
4942811	36.8919	72.2254
4942927	36.8919	72.4675
4949491	36.8919	72.6694
4954963	36.8919	72.8637
4960229	36.8919	72.9285
4961986	36.8919	72.9674
4963041	36.8919	73.1287
4967414	36.8919	73.1573
4968187	36.8919	73.196
4969237	36.8919	73.2416
4970474	36.8919	73.2862
4971681	36.8919	73.3961
4974660	36.8919	73.4608
4976414	36.8919	73.5539
4978938	36.8919	73.8702
4987512	36.8919	73.9802
4990493	36.8919	74.1611
