10374	54.2324	0.120559
12597	54.2324	0.157274
13274	54.2324	0.23282
14667	54.2324	0.39465
17651	54.2324	0.40555
17852	54.2324	0.523072
20019	54.2324	0.596448
21372	54.2324	0.66912
22712	54.2324	0.682461
22958	54.2324	0.915173
27249	54.2324	1.39779
36148	54.2324	1.70838
41875	54.2324	1.71017
41908	54.2324	1.73679
42399	54.2324	1.88669
45163	54.2324	2.04879
48152	54.2324	2.50511
56566	54.2324	2.57864
57922	54.2324	2.62588
58793	54.2324	3.17027
68831	54.2324	3.3667
72453	54.2324	3.41941
73425	54.2324	3.71286
78836	54.2324	3.83608
81108	54.2324	3.90994
82470	54.2324	3.99812
84096	54.2324	4.08658
85727	54.2324	4.12145
86370	54.2324	4.25584
88848	54.2324	4.27422
89187	54.2324	5.04112
103328	54.2324	5.05539
103591	54.2324	5.06151
103704	54.2324	5.16526
105617	54.2324	5.20718
106390	54.2324	5.24818
107146	54.2324	5.35882
109186	54.2324	5.37482
109481	54.2324	5.46967
111230	54.2324	5.67553
115026	54.2324	5.71404
115736	54.2324	5.78839
117107	54.2324	5.86095
118445	54.2324	6.68306
133604	54.2324	6.92662
138095	54.2324	7.21959
143497	54.2324	7.8656
155409	54.2324	7.98817
157669	54.2324	8.17901
161188	54.2324	8.21112
161780	54.2324	8.28086
163066	54.2324	8.37924
164880	54.2324	8.44231
166043	54.2324	8.44394
166073	54.2324	8.55294
168083	54.2324	8.66841
170212	54.2324	8.69406
170685	54.2324	8.73137
171373	54.2324	8.96923
175759	54.2324	9.04923
177234	54.2324	9.16447
179359	54.2324	9.19782
179974	54.2324	9.33091
182428	54.2324	9.34333
182657	54.2324	9.42679
184196	54.2324	9.53873
186260	54.2324	9.65094
188329	54.2324	9.96218
194068	54.2324	10.0693
196043	54.2324	10.2402
199194	54.2324	11.0974
215001	54.2324	11.1833
216584	54.2324	11.305
218829	54.2324	11.4118
220797	54.2324	11.4869
222182	54.2324	11.7618
227252	54.2324	11.8525
228924	54.2324	12.352
238134	54.2324	12.3575
238235	54.2324	12.3879
238796	54.2324	12.4853
240593	54.2324	12.5087
241024	54.2324	12.7083
244704	54.2324	12.9111
248443	54.2324	13.1122
252152	54.2324	13.1331
252538	54.2324	13.2836
255313	54.2324	13.4405
258206	54.2324	13.6486
262043	54.2324	14.4729
277242	54.2324	14.4787
277349	54.2324	14.582
279253	54.2324	14.6222
279994	54.2324	14.6968
281371	54.2324	14.7473
282301	54.2324	14.7676
282676	54.2324	14.8071
283405	54.2324	14.8653
284478	54.2324	14.8736
284630	54.2324	14.91
285302	54.2324	14.9564
286158	54.2324	14.9978
286920	54.2324	15.2446
291471	54.2324	15.3553
293512	54.2324	15.4235
294771	54.2324	15.4264
294823	54.2324	15.5026
296229	54.2324	15.5296
296727	54.2324	15.541
296936	54.2324	15.7124
300098	54.2324	15.8435
302514	54.2324	15.9137
303809	54.2324	16.0208
305784	54.2324	16.1311
307817	54.2324	16.2321
309680	54.2324	16.308
311079	54.2324	16.8627
321308	54.2324	17.0251
324302	54.2324	17.0744
325212	54.2324	17.2376
328221	54.2324	17.5618
334198	54.2324	17.9059
340544	54.2324	18.044
343090	54.2324	18.3823
349328	54.2324	18.472
350981	54.2324	18.5256
351970	54.2324	18.6344
353977	54.2324	18.664
354522	54.2324	18.7534
356171	54.2324	18.7827
356711	54.2324	18.9173
359193	54.2324	19.1047
362649	54.2324	19.1438
363370	54.2324	19.3751
367635	54.2324	19.4695
369375	54.2324	19.4916
369783	54.2324	19.6101
371967	54.2324	19.656
372813	54.2324	19.7123
373852	54.2324	20.1754
382391	54.2324	20.2006
382855	54.2324	20.4987
388353	54.2324	21.1899
401097	54.2324	21.3183
403465	54.2324	21.9232
414619	54.2324	22.0136
416286	54.2324	22.3769
422985	54.2324	22.5611
426382	54.2324	22.5874
426866	54.2324	23.3046
440090	54.2324	23.3597
441106	54.2324	23.6333
446151	54.2324	23.7496
448296	54.2324	23.8107
449423	54.2324	23.8827
450751	54.2324	24.2824
458120	54.2324	24.283
458131	54.2324	24.6879
465598	54.2324	25.0536
472341	54.2324	25.2155
475327	54.2324	25.3683
478143	54.2324	25.3935
478609	54.2324	25.707
484389	54.2324	25.8126
486337	54.2324	26.1278
492148	54.2324	26.5067
499134	54.2324	26.5556
500036	54.2324	26.6343
501488	54.2324	26.6444
501674	54.2324	26.764
503879	54.2324	26.8049
504634	54.2324	27.5097
517629	54.2324	27.775
522522	54.2324	27.8685
524246	54.2324	27.8975
524780	54.2324	27.925
525288	54.2324	28.3756
533596	54.2324	28.5964
537668	54.2324	28.6295
538277	54.2324	28.7519
540535	54.2324	28.7909
541254	54.2324	29.2956
550559	54.2324	29.6897
557827	54.2324	30.0074
563685	54.2324	30.0454
564385	54.2324	30.2308
567804	54.2324	30.288
568859	54.2324	30.5312
573344	54.2324	30.5905
574436	54.2324	30.6409
575366	54.2324	30.9075
580281	54.2324	31.1354
584484	54.2324	31.4266
589853	54.2324	31.5374
591897	54.2324	31.8003
596744	54.2324	31.9168
598893	54.2324	32.0707
601731	54.2324	32.2424
604897	54.2324	32.3466
606817	54.2324	32.514
609904	54.2324	32.5567
610691	54.2324	32.8335
615796	54.2324	32.9636
618194	54.2324	33.0379
619565	54.2324	33.158
621780	54.2324	33.2245
623005	54.2324	33.2314
623133	54.2324	33.598
629892	54.2324	33.6586
631009	54.2324	33.8344
634252	54.2324	34.1901
640811	54.2324	34.3462
643688	54.2324	34.3767
644251	54.2324	34.5703
647820	54.2324	34.5987
648344	54.2324	34.6896
650021	54.2324	34.9457
654743	54.2324	35.2453
660267	54.2324	35.2623
660581	54.2324	35.3869
662879	54.2324	35.4653
664323	54.2324	35.5455
665803	54.2324	35.6614
667940	54.2324	35.7056
668755	54.2324	35.8095
670670	54.2324	35.8461
671345	54.2324	36.1607
677147	54.2324	36.2785
679319	54.2324	36.3074
679852	54.2324	36.4353
682210	54.2324	37.0471
693491	54.2324	37.0656
693832	54.2324	37.3662
699374	54.2324	37.5973
703637	54.2324	37.6847
705248	54.2324	37.7966
707311	54.2324	37.8903
709038	54.2324	38.0363
711731	54.2324	38.941
728412	54.2324	39.1459
732191	54.2324	39.3736
736390	54.2324	39.6467
741425	54.2324	39.8668
745484	54.2324	39.8998
746092	54.2324	39.9067
746220	54.2324	39.965
747294	54.2324	40.0171
748255	54.2324	40.098
749747	54.2324	40.13
750337	54.2324	40.3386
754184	54.2324	40.5911
758840	54.2324	40.7017
760879	54.2324	40.8064
762809	54.2324	40.9556
765561	54.2324	41.1985
770039	54.2324	41.2348
770709	54.2324	41.3651
773112	54.2324	41.6405
778189	54.2324	41.6929
779156	54.2324	41.8712
782444	54.2324	42.2447
789330	54.2324	42.4508
793130	54.2324	42.4564
793233	54.2324	42.6705
797181	54.2324	42.6752
797268	54.2324	42.6885
797514	54.2324	42.7271
798225	54.2324	42.9427
802201	54.2324	43.0295
803801	54.2324	43.2659
808161	54.2324	43.269
808218	54.2324	43.2785
808392	54.2324	43.485
812200	54.2324	43.9231
820278	54.2324	44.0517
822649	54.2324	44.2116
825599	54.2324	44.3008
827242	54.2324	44.5737
832275	54.2324	44.9116
838506	54.2324	44.9319
838880	54.2324	45.1332
842592	54.2324	45.139
842698	54.2324	45.5472
850225	54.2324	45.6613
852329	54.2324	45.6777
852632	54.2324	45.8145
855155	54.2324	45.8748
856266	54.2324	46.049
859478	54.2324	46.3414
864870	54.2324	46.4177
866276	54.2324	46.872
874653	54.2324	47.5536
887221	54.2324	47.6986
889896	54.2324	47.8324
892363	54.2324	48.0869
897056	54.2324	48.4604
903943	54.2324	48.5462
905525	54.2324	49.0109
914093	54.2324	49.2225
917995	54.2324	49.226
918060	54.2324	49.3512
920368	54.2324	49.3994
921256	54.2324	49.4523
922233	54.2324	49.5011
923132	54.2324	49.5346
923750	54.2324	49.7717
928122	54.2324	49.8211
929033	54.2324	49.8318
929230	54.2324	49.9247
930943	54.2324	49.9466
931347	54.2324	50.0608
933453	54.2324	50.0901
933992	54.2324	50.2024
936063	54.2324	50.444
940518	54.2324	50.4852
941278	54.2324	50.5734
942904	54.2324	50.7342
945869	54.2324	50.8686
948347	54.2324	50.9824
950446	54.2324	51.0403
951514	54.2324	51.2004
954465	54.2324	51.3957
958067	54.2324	51.4883
959774	54.2324	52.109
971219	54.2324	52.1637
972228	54.2324	52.5691
979704	54.2324	52.5942
980166	54.2324	52.5986
980247	54.2324	52.9603
986916	54.2324	53.1476
990370	54.2324	53.1812
990989	54.2324	53.2467
992198	54.2324	53.3376
993874	54.2324	53.5063
996984	54.2324	53.6915
1000400	54.2324	53.7993
1002387	54.2324	53.8811
1003895	54.2324	54.1438
1008739	54.2324	54.1804
1009414	54.2324	54.1971
1009723	54.2324	54.2439
1010586	54.2324	54.4952
1015219	54.2324	54.7817
1020501	54.2324	55.2614
1029347	54.2324	55.2835
1029755	54.2324	55.6051
1035684	54.2324	55.6923
1037293	54.2324	56.1028
1044862	54.2324	56.3741
1049865	54.2324	56.5853
1053758	54.2324	56.6153
1054312	54.2324	56.6745
1055403	54.2324	56.7634
1057043	54.2324	57.0977
1063206	54.2324	57.6393
1073194	54.2324	58.0275
1080352	54.2324	58.1498
1082607	54.2324	58.1566
1082732	54.2324	58.5947
1090811	54.2324	58.6883
1092537	54.2324	58.8385
1095305	54.2324	58.9656
1097649	54.2324	59.0328
1098888	54.2324	59.1859
1101711	54.2324	59.2562
1103008	54.2324	59.3215
1104212	54.2324	59.4242
1106105	54.2324	59.5451
1108335	54.2324	59.7963
1112966	54.2324	60.1825
1120087	54.2324	60.2282
1120931	54.2324	60.3122
1122479	54.2324	60.3779
1123691	54.2324	60.4081
1124248	54.2324	60.5486
1126838	54.2324	60.5817
1127448	54.2324	60.631
1128358	54.2324	60.658
1128855	54.2324	60.6784
1129232	54.2324	60.9131
1133560	54.2324	61.3063
1140810	54.2324	61.3406
1141443	54.2324	61.4329
1143145	54.2324	61.4697
1143822	54.2324	61.67
1147516	54.2324	61.6734
1147579	54.2324	61.711
1148272	54.2324	61.8657
1151124	54.2324	61.975
1153140	54.2324	62.2977
1159091	54.2324	62.3541
1160131	54.2324	62.3833
1160669	54.2324	62.4378
1161674	54.2324	62.4789
1162431	54.2324	62.7781
1167949	54.2324	62.8054
1168452	54.2324	62.8858
1169935	54.2324	63.0327
1172644	54.2324	63.6001
1183106	54.2324	63.7977
1186749	54.2324	63.8641
1187974	54.2324	64.1403
1193067	54.2324	64.1981
1194132	54.2324	64.8398
1205965	54.2324	64.8918
1206923	54.2324	64.9214
1207470	54.2324	65.0825
1210440	54.2324	65.24
1213343	54.2324	65.3435
1215253	54.2324	65.4286
1216821	54.2324	65.471
1217603	54.2324	66.4033
1234794	54.2324	66.6113
1238629	54.2324	66.6806
1239908	54.2324	67.1794
1249104	54.2324	67.3726
1252667	54.2324	67.4282
1253693	54.2324	67.8557
1261575	54.2324	68.2262
1268406	54.2324	68.2515
1268874	54.2324	68.3142
1270030	54.2324	68.3633
1270934	54.2324	68.3975
1271566	54.2324	68.4164
1271914	54.2324	68.538
1274157	54.2324	68.5584
1274532	54.2324	68.6463
1276154	54.2324	68.8011
1279008	54.2324	68.9059
1280940	54.2324	69.6865
1295333	54.2324	69.7134
1295830	54.2324	70.2363
1305472	54.2324	70.2671
1306039	54.2324	70.5513
1311280	54.2324	70.7079
1314167	54.2324	70.7769
1315440	54.2324	71.0841
1321105	54.2324	71.2598
1324343	54.2324	71.3638
1326261	54.2324	71.5136
1329023	54.2324	71.7106
1332657	54.2324	71.9583
1337223	54.2324	72.0825
1339514	54.2324	72.4234
1345799	54.2324	72.6118
1349273	54.2324	73.0998
1358271	54.2324	73.3614
1363096	54.2324	73.4817
1365313	54.2324	73.911
1373230	54.2324	73.9411
1373784	54.2324	74.0535
1375857	54.2324	74.1604
1377828	54.2324	74.2673
1379799	54.2324	74.373
1381749	54.2324	75.1879
1396774	54.2324	75.4115
1400897	54.2324	75.9157
1410195	54.2324	76.149
1414496	54.2324	76.2806
1416923	54.2324	76.6744
1424184	54.2324	76.7324
1425254	54.2324	76.7613
1425786	54.2324	77.0265
1430676	54.2324	77.3428
1436509	54.2324	77.3636
1436893	54.2324	77.4924
1439267	54.2324	77.5783
1440851	54.2324	77.6598
1442355	54.2324	77.8546
1445946	54.2324	78.5117
1458062	54.2324	78.5725
1459183	54.2324	78.6032
1459750	54.2324	78.6215
1460088	54.2324	78.6285
1460217	54.2324	78.6464
1460546	54.2324	78.7054
1461634	54.2324	78.7787
1462986	54.2324	78.9557
1466249	54.2324	78.9631
1466386	54.2324	79.0864
1468660	54.2324	79.2306
1471319	54.2324	79.348
1473484	54.2324	79.3904
1474265	54.2324	79.4409
1475196	54.2324	79.4426
1475227	54.2324	79.4576
1475504	54.2324	79.743
1480766	54.2324	80.0256
1485978	54.2324	80.3459
1491884	54.2324	80.3661
1492256	54.2324	80.5451
1495557	54.2324	80.6175
1496891	54.2324	80.8132
1500501	54.2324	80.9316
1502684	54.2324	80.9483
1502991	54.2324	80.9698
1503388	54.2324	81.0907
1505618	54.2324	81.2047
1507720	54.2324	81.2461
1508483	54.2324	81.3046
1509562	54.2324	82.1238
1524667	54.2324	82.7202
1535664	54.2324	82.8234
1537566	54.2324	82.8588
1538220	54.2324	82.8637
1538310	54.2324	83.0209
1541209	54.2324	83.187
1544272	54.2324	83.3656
1547564	54.2324	83.4054
1548299	54.2324	83.6534
1552872	54.2324	83.6863
1553477	54.2324	83.8107
1555772	54.2324	83.826
1556053	54.2324	83.9589
1558505	54.2324	84.2242
1563396	54.2324	84.267
1564186	54.2324	84.3936
1566519	54.2324	84.5004
1568490	54.2324	84.5163
1568783	54.2324	84.6824
1571845	54.2324	84.712
1572391	54.2324	84.9275
1576365	54.2324	85.2101
1581576	54.2324	85.2273
1581893	54.2324	85.3145
1583500	54.2324	85.39
1584893	54.2324	85.4377
1585773	54.2324	85.5926
1588628	54.2324	85.9809
1595788	54.2324	86.0564
1597180	54.2324	86.103
1598040	54.2324	86.7805
1610533	54.2324	86.9222
1613146	54.2324	86.943
1613528	54.2324	86.9952
1614491	54.2324	87.1058
1616530	54.2324	87.3766
1621524	54.2324	87.4945
1623697	54.2324	87.5318
1624386	54.2324	87.6103
1625833	54.2324	87.7242
1627933	54.2324	89.0511
1652401	54.2324	89.4908
1660508	54.2324	89.6092
1662691	54.2324	89.8328
1666815	54.2324	90.2683
1674844	54.2324	90.2863
1675177	54.2324	90.6806
1682447	54.2324	90.7435
1683607	54.2324	90.9476
1687370	54.2324	91.3343
1694501	54.2324	91.5543
1698557	54.2324	91.5699
1698844	54.2324	91.9537
1705922	54.2324	92.2435
1711266	54.2324	92.297
1712251	54.2324	92.6222
1718248	54.2324	92.8894
1723176	54.2324	93.1514
1728006	54.2324	93.2208
1729286	54.2324	93.2833
1730439	54.2324	93.3795
1732213	54.2324	93.4554
1733611	54.2324	93.5812
1735931	54.2324	93.6525
1737246	54.2324	93.6684
1737540	54.2324	93.8367
1740643	54.2324	94.0529
1744629	54.2324	94.3812
1750683	54.2324	94.3935
1750910	54.2324	94.4378
1751726	54.2324	95.0691
1763367	54.2324	96.0171
1780847	54.2324	96.3778
1787499	54.2324	96.4268
1788402	54.2324	96.4611
1789034	54.2324	96.6835
1793136	54.2324	97.164
1801995	54.2324	97.2445
1803479	54.2324	97.6105
1810228	54.2324	97.8525
1814691	54.2324	98.0366
1818086	54.2324	98.0909
1819086	54.2324	98.634
1829100	54.2324	98.7662
1831539	54.2324	98.9828
1835532	54.2324	99.0892
1837495	54.2324	99.3243
1841829	54.2324	99.6131
1847154	54.2324	99.6582
1847987	54.2324	99.9817
1853952	54.2324	100.112
1856352	54.2324	100.217
1858294	54.2324	100.289
1859611	54.2324	100.546
1864362	54.2324	100.699
1867186	54.2324	101.045
1873556	54.2324	101.54
1882687	54.2324	101.55
1882865	54.2324	101.605
1883876	54.2324	101.681
1885293	54.2324	101.744
1886444	54.2324	101.76
1886748	54.2324	101.974
1890696	54.2324	102.019
1891523	54.2324	102.094
1892901	54.2324	102.099
1892993	54.2324	102.149
1893913	54.2324	103.066
1910825	54.2324	103.289
1914941	54.2324	103.318
1915462	54.2324	103.591
1920506	54.2324	103.789
1924156	54.2324	103.84
1925101	54.2324	104.005
1928132	54.2324	104.151
1930833	54.2324	104.151
1930835	54.2324	104.205
1931830	54.2324	104.246
1932582	54.2324	104.316
1933878	54.2324	104.549
1938164	54.2324	104.564
1938452	54.2324	104.724
1941386	54.2324	105.002
1946517	54.2324	105.03
1947044	54.2324	105.507
1955835	54.2324	105.643
1958342	54.2324	105.847
1962102	54.2324	105.934
1963705	54.2324	106.32
1970829	54.2324	106.687
1977598	54.2324	107.33
1989445	54.2324	108.63
2013423	54.2324	108.743
2015506	54.2324	108.979
2019856	54.2324	109.174
2023441	54.2324	109.239
2024647	54.2324	109.681
2032799	54.2324	109.914
2037088	54.2324	110.285
2043929	54.2324	110.305
2044300	54.2324	110.406
2046166	54.2324	110.568
2049148	54.2324	110.776
2052989	54.2324	110.792
2053292	54.2324	110.884
2054988	54.2324	111.226
2061281	54.2324	111.227
2061303	54.2324	111.822
2072278	54.2324	112.117
2077713	54.2324	112.145
2078229	54.2324	112.201
2079267	54.2324	112.212
2079466	54.2324	112.223
2079664	54.2324	112.226
2079718	54.2324	112.508
2084919	54.2324	112.572
2086114	54.2324	112.709
2088628	54.2324	112.783
2089988	54.2324	112.917
2092470	54.2324	113.011
2094209	54.2324	113.303
2099581	54.2324	113.446
2102226	54.2324	113.486
2102967	54.2324	113.663
2106230	54.2324	113.704
2106972	54.2324	113.715
2107180	54.2324	113.732
2107492	54.2324	113.764
2108076	54.2324	113.881
2110240	54.2324	113.899
2110567	54.2324	113.966
2111805	54.2324	114.075
2113811	54.2324	114.12
2114653	54.2324	114.179
2115738	54.2324	114.295
2117875	54.2324	114.529
2122189	54.2324	115.057
2131926	54.2324	115.186
2134300	54.2324	115.309
2136572	54.2324	115.695
2143698	54.2324	115.757
2144842	54.2324	115.955
2148478	54.2324	115.994
2149202	54.2324	116.155
2152172	54.2324	116.403
2156737	54.2324	116.487
2158294	54.2324	116.635
2161021	54.2324	117.155
2170618	54.2324	117.501
2176995	54.2324	117.526
2177445	54.2324	117.588
2178595	54.2324	118.283
2191409	54.2324	118.991
2204469	54.2324	119.037
2205307	54.2324	119.362
2211309	54.2324	119.364
2211343	54.2324	119.406
2212112	54.2324	119.491
2213690	54.2324	120.257
2227808	54.2324	120.396
2230377	54.2324	120.48
2231915	54.2324	121.075
2242889	54.2324	121.076
2242912	54.2324	121.084
2243056	54.2324	121.414
2249145	54.2324	122.135
2262433	54.2324	122.193
2263513	54.2324	122.386
2267065	54.2324	122.862
2275852	54.2324	123.068
2279639	54.2324	123.079
2279841	54.2324	123.102
2280276	54.2324	123.48
2287244	54.2324	123.703
2291354	54.2324	123.849
2294037	54.2324	124.409
2304374	54.2324	124.46
2305315	54.2324	124.944
2314239	54.2324	125.019
2315622	54.2324	125.144
2317931	54.2324	125.2
2318955	54.2324	125.276
2320353	54.2324	126.249
2338302	54.2324	126.39
2340903	54.2324	126.834
2349088	54.2324	126.879
2349914	54.2324	126.973
2351653	54.2324	126.984
2351844	54.2324	127.31
2357856	54.2324	127.491
2361191	54.2324	127.765
2366244	54.2324	127.771
2366360	54.2324	127.88
2368378	54.2324	128.053
2371554	54.2324	128.134
2373056	54.2324	128.191
2374104	54.2324	128.881
2386835	54.2324	128.955
2388186	54.2324	128.968
2388433	54.2324	129.031
2389593	54.2324	129.324
2394995	54.2324	129.534
2398877	54.2324	129.628
2400598	54.2324	129.686
2401678	54.2324	129.937
2406297	54.2324	130.201
2411176	54.2324	130.298
2412965	54.2324	130.372
2414327	54.2324	130.659
2419615	54.2324	130.925
2424510	54.2324	131.031
2426465	54.2324	131.142
2428529	54.2324	131.194
2429471	54.2324	131.452
2434232	54.2324	131.545
2435957	54.2324	131.65
2437880	54.2324	131.743
2439599	54.2324	131.75
2439734	54.2324	131.8
2440662	54.2324	131.901
2442514	54.2324	133.142
2465396	54.2324	133.301
2468335	54.2324	133.422
2470553	54.2324	133.735
2476340	54.2324	133.872
2478858	54.2324	133.875
2478909	54.2324	133.971
2480687	54.2324	134.193
2484787	54.2324	134.253
2485883	54.2324	134.365
2487949	54.2324	134.475
2489977	54.2324	134.902
2497860	54.2324	135.14
2502241	54.2324	135.43
2507592	54.2324	135.463
2508188	54.2324	135.731
2513131	54.2324	135.937
2516941	54.2324	136.158
2521020	54.2324	136.469
2526755	54.2324	136.611
2529360	54.2324	136.799
2532832	54.2324	136.91
2534876	54.2324	137.089
2538179	54.2324	137.197
2540165	54.2324	137.265
2541416	54.2324	137.306
2542186	54.2324	137.477
2545338	54.2324	137.603
2547654	54.2324	137.757
2550489	54.2324	137.841
2552048	54.2324	138.229
2559195	54.2324	138.279
2560123	54.2324	138.37
2561795	54.2324	138.4
2562356	54.2324	138.601
2566050	54.2324	138.788
2569498	54.2324	139.195
2577003	54.2324	139.444
2581610	54.2324	139.681
2585975	54.2324	139.733
2586931	54.2324	139.803
2588214	54.2324	140.229
2596083	54.2324	140.289
2597184	54.2324	140.42
2599596	54.2324	140.575
2602463	54.2324	140.815
2606891	54.2324	140.961
2609571	54.2324	141.076
2611691	54.2324	141.138
2612846	54.2324	141.22
2614342	54.2324	141.364
2617008	54.2324	141.438
2618368	54.2324	141.487
2619267	54.2324	141.499
2619488	54.2324	142.058
2629806	54.2324	142.127
2631077	54.2324	142.833
2644098	54.2324	142.876
2644888	54.2324	142.952
2646290	54.2324	143.061
2648288	54.2324	143.583
2657914	54.2324	143.777
2661500	54.2324	144.684
2678216	54.2324	144.803
2680419	54.2324	144.892
2682050	54.2324	145.032
2684646	54.2324	145.161
2687011	54.2324	145.382
2691090	54.2324	145.394
2691315	54.2324	145.459
2692512	54.2324	145.65
2696029	54.2324	145.678
2696554	54.2324	145.747
2697831	54.2324	145.957
2701690	54.2324	146.08
2703964	54.2324	146.551
2712656	54.2324	146.708
2715553	54.2324	146.799
2717231	54.2324	147.668
2733241	54.2324	147.707
2733969	54.2324	147.725
2734294	54.2324	147.806
2735785	54.2324	147.902
2737557	54.2324	148.051
2740310	54.2324	148.115
2741486	54.2324	148.13
2741766	54.2324	148.158
2742287	54.2324	148.192
2742916	54.2324	148.211
2743258	54.2324	148.306
2745008	54.2324	148.624
2750870	54.2324	148.945
2756799	54.2324	149.028
2758322	54.2324	149.037
2758484	54.2324	149.092
2759508	54.2324	149.331
2763907	54.2324	149.398
2765150	54.2324	149.451
2766130	54.2324	150.048
2777138	54.2324	150.116
2778394	54.2324	150.2
2779927	54.2324	150.359
2782872	54.2324	150.434
2784243	54.2324	150.824
2791438	54.2324	150.848
2791874	54.2324	150.95
2793769	54.2324	151.589
2805541	54.2324	151.847
2810309	54.2324	151.867
2810670	54.2324	152.058
2814198	54.2324	152.075
2814507	54.2324	152.484
2822044	54.2324	152.701
2826045	54.2324	152.749
2826943	54.2324	152.98
2831188	54.2324	153.266
2836464	54.2324	153.272
2836576	54.2324	153.805
2846416	54.2324	153.823
2846732	54.2324	153.841
2847077	54.2324	153.888
2847929	54.2324	153.967
2849401	54.2324	154.367
2856762	54.2324	154.555
2860242	54.2324	154.556
2860261	54.2324	154.616
2861360	54.2324	154.663
2862232	54.2324	154.667
2862298	54.2324	154.67
2862363	54.2324	154.682
2862569	54.2324	154.918
2866936	54.2324	154.986
2868187	54.2324	155.287
2873737	54.2324	155.576
2879070	54.2324	155.621
2879888	54.2324	155.835
2883832	54.2324	155.901
2885063	54.2324	155.983
2886572	54.2324	156.027
2887377	54.2324	157.232
2909592	54.2324	157.271
2910317	54.2324	157.581
2916026	54.2324	157.598
2916342	54.2324	157.694
2918122	54.2324	158.015
2924033	54.2324	158.057
2924819	54.2324	158.572
2934309	54.2324	158.718
2937000	54.2324	158.73
2937214	54.2324	158.771
2937970	54.2324	159.37
2949016	54.2324	159.675
2954650	54.2324	159.702
2955139	54.2324	159.79
2956763	54.2324	160.086
2962219	54.2324	160.16
2963580	54.2324	160.191
2964156	54.2324	160.197
2964274	54.2324	160.232
2964908	54.2324	160.304
2966247	54.2324	160.349
2967081	54.2324	160.38
2967653	54.2324	160.397
2967959	54.2324	161.004
2979156	54.2324	161.117
2981242	54.2324	161.389
2986258	54.2324	161.8
2993820	54.2324	161.838
2994524	54.2324	163.118
3018132	54.2324	163.251
3020584	54.2324	163.316
3021789	54.2324	163.557
3026232	54.2324	163.84
3031443	54.2324	164.425
3042230	54.2324	164.722
3047715	54.2324	164.767
3048533	54.2324	164.833
3049748	54.2324	165.015
3053104	54.2324	165.376
3059770	54.2324	165.476
3061608	54.2324	165.664
3065085	54.2324	165.712
3065963	54.2324	165.938
3070137	54.2324	166.295
3076718	54.2324	166.341
3077565	54.2324	167.253
3094378	54.2324	167.305
3095341	54.2324	167.457
3098129	54.2324	167.486
3098681	54.2324	167.491
3098772	54.2324	167.6
3100768	54.2324	167.865
3105670	54.2324	167.959
3107386	54.2324	168.246
3112690	54.2324	168.38
3115155	54.2324	168.672
3120549	54.2324	168.721
3121454	54.2324	168.862
3124040	54.2324	169.099
3128414	54.2324	169.174
3129794	54.2324	169.215
3130556	54.2324	169.645
3138482	54.2324	169.977
3144596	54.2324	169.988
3144809	54.2324	170.495
3154156	54.2324	170.665
3157291	54.2324	170.789
3159569	54.2324	171.022
3163873	54.2324	171.024
3163902	54.2324	171.131
3165879	54.2324	171.14
3166056	54.2324	171.586
3174267	54.2324	172.125
3184203	54.2324	172.151
3184700	54.2324	172.194
3185487	54.2324	172.198
3185553	54.2324	172.255
3186600	54.2324	172.304
3187511	54.2324	172.518
3191455	54.2324	172.88
3198131	54.2324	173.026
3200834	54.2324	173.114
3202452	54.2324	173.173
3203545	54.2324	173.251
3204979	54.2324	173.327
3206367	54.2324	173.366
3207089	54.2324	173.544
3210370	54.2324	173.566
3210789	54.2324	174.153
3221610	54.2324	174.177
3222043	54.2324	174.23
3223022	54.2324	174.263
3223629	54.2324	174.266
3223685	54.2324	174.323
3224741	54.2324	174.351
3225265	54.2324	174.501
3228022	54.2324	174.63
3230399	54.2324	174.972
3236717	54.2324	175.077
3238641	54.2324	175.09
3238883	54.2324	176.171
3258813	54.2324	176.294
3261087	54.2324	176.394
3262924	54.2324	176.484
3264592	54.2324	176.588
3266512	54.2324	177.204
3277861	54.2324	177.272
3279118	54.2324	177.273
3279133	54.2324	177.355
3280645	54.2324	177.379
3281087	54.2324	177.412
3281707	54.2324	177.57
3284615	54.2324	177.571
3284632	54.2324	177.677
3286587	54.2324	177.706
3287127	54.2324	177.994
3292439	54.2324	178.197
3296172	54.2324	178.238
3296928	54.2324	178.247
3297088	54.2324	178.665
3304799	54.2324	179.244
3315487	54.2324	179.317
3316824	54.2324	179.394
3318254	54.2324	179.77
3325183	54.2324	180.216
3333409	54.2324	180.449
3337699	54.2324	180.452
3337748	54.2324	180.532
3339225	54.2324	180.562
3339781	54.2324	180.613
3340726	54.2324	180.628
3341005	54.2324	180.752
3343290	54.2324	180.922
3346424	54.2324	180.944
3346830	54.2324	181.09
3349520	54.2324	181.302
3353429	54.2324	181.305
3353488	54.2324	181.387
3354992	54.2324	181.432
3355819	54.2324	181.559
3358167	54.2324	181.634
3359555	54.2324	181.764
3361949	54.2324	182.035
3366942	54.2324	182.232
3370579	54.2324	182.376
3373235	54.2324	182.562
3376666	54.2324	182.566
3376727	54.2324	182.924
3383334	54.2324	182.986
3384473	54.2324	183.029
3385272	54.2324	183.063
3385902	54.2324	183.208
3388580	54.2324	183.221
3388806	54.2324	183.284
3389974	54.2324	183.316
3390571	54.2324	183.402
3392144	54.2324	183.432
3392708	54.2324	183.633
3396409	54.2324	183.817
3399795	54.2324	183.836
3400157	54.2324	183.875
3400868	54.2324	184.034
3403810	54.2324	184.546
3413244	54.2324	184.65
3415164	54.2324	185.14
3424196	54.2324	185.321
3427526	54.2324	185.565
3432041	54.2324	185.666
3433905	54.2324	185.767
3435761	54.2324	186.04
3440796	54.2324	186.116
3442187	54.2324	186.372
3446920	54.2324	186.546
3450131	54.2324	186.574
3450634	54.2324	186.732
3453560	54.2324	186.954
3457644	54.2324	187.043
3459295	54.2324	187.528
3468237	54.2324	187.621
3469939	54.2324	188.081
3478418	54.2324	188.15
3479701	54.2324	188.158
3479843	54.2324	188.171
3480089	54.2324	188.238
3481328	54.2324	188.427
3484811	54.2324	188.653
3488967	54.2324	188.755
3490847	54.2324	188.897
3493468	54.2324	189.254
3500058	54.2324	189.426
3503230	54.2324	189.482
3504261	54.2324	189.551
3505528	54.2324	189.56
3505697	54.2324	189.764
3509462	54.2324	189.775
3509660	54.2324	189.804
3510194	54.2324	189.986
3513559	54.2324	190.017
3514122	54.2324	190.153
3516630	54.2324	190.225
3517963	54.2324	190.237
3518173	54.2324	190.309
3519506	54.2324	190.436
3521860	54.2324	190.67
3526164	54.2324	190.706
3526838	54.2324	190.985
3531981	54.2324	191.013
3532487	54.2324	191.303
3537837	54.2324	191.516
3541769	54.2324	191.624
3543757	54.2324	191.888
3548617	54.2324	191.951
3549792	54.2324	192.137
3553222	54.2324	192.161
3553658	54.2324	192.231
3554945	54.2324	192.408
3558215	54.2324	192.708
3563742	54.2324	192.726
3564085	54.2324	192.995
3569035	54.2324	193.155
3571992	54.2324	193.31
3574843	54.2324	193.547
3579208	54.2324	193.853
3584856	54.2324	194.186
3590996	54.2324	194.802
3602357	54.2324	195.062
3607143	54.2324	195.171
3609156	54.2324	195.587
3616837	54.2324	195.78
3620381	54.2324	195.899
3622580	54.2324	196.01
3624633	54.2324	196.147
3627157	54.2324	196.164
3627462	54.2324	196.279
3629591	54.2324	196.327
3630480	54.2324	197.262
3647720	54.2324	197.477
3651685	54.2324	197.557
3653151	54.2324	197.612
3654177	54.2324	197.697
3655729	54.2324	198.21
3665195	54.2324	198.356
3667889	54.2324	198.599
3672378	54.2324	198.931
3678488	54.2324	199.625
3691297	54.2324	199.632
3691411	54.2324	199.799
3694501	54.2324	200.098
3700009	54.2324	200.216
3702183	54.2324	200.325
3704201	54.2324	200.86
3714058	54.2324	201.339
3722890	54.2324	201.538
3726555	54.2324	201.725
3730015	54.2324	201.878
3732836	54.2324	201.944
3734053	54.2324	201.985
3734809	54.2324	202.237
3739448	54.2324	202.257
3739814	54.2324	202.379
3742064	54.2324	202.413
3742694	54.2324	202.424
3742901	54.2324	202.515
3744569	54.2324	202.666
3747360	54.2324	202.953
3752647	54.2324	203.016
3753810	54.2324	203.119
3755710	54.2324	203.301
3759062	54.2324	204.005
3772054	54.2324	204.479
3780801	54.2324	204.489
3780980	54.2324	204.83
3787262	54.2324	204.875
3788085	54.2324	205.189
3793883	54.2324	205.223
3794507	54.2324	205.24
3794820	54.2324	205.301
3795956	54.2324	205.528
3800144	54.2324	205.534
3800237	54.2324	205.736
3803976	54.2324	205.77
3804589	54.2324	205.914
3807259	54.2324	206.227
3813021	54.2324	206.343
3815168	54.2324	206.523
3818484	54.2324	206.734
3822374	54.2324	207.212
3831180	54.2324	207.23
3831512	54.2324	207.65
3839261	54.2324	207.892
3843717	54.2324	207.917
3844177	54.2324	207.971
3845188	54.2324	207.975
3845258	54.2324	208.436
3853761	54.2324	208.621
3857175	54.2324	208.811
3860674	54.2324	208.904
3862392	54.2324	208.962
3863453	54.2324	209.177
3867421	54.2324	209.321
3870077	54.2324	209.353
3870662	54.2324	209.486
3873122	54.2324	209.536
3874036	54.2324	209.591
3875044	54.2324	209.612
3875437	54.2324	209.632
3875815	54.2324	209.732
3877658	54.2324	209.835
3879561	54.2324	209.916
3881050	54.2324	209.937
3881433	54.2324	209.965
3881943	54.2324	209.971
3882065	54.2324	210.037
3883284	54.2324	210.696
3895433	54.2324	210.764
3896686	54.2324	210.963
3900343	54.2324	211.235
3905364	54.2324	211.31
3906749	54.2324	211.338
3907271	54.2324	211.745
3914769	54.2324	211.907
3917765	54.2324	212.212
3923386	54.2324	212.44
3927580	54.2324	212.44
3927594	54.2324	212.525
3929152	54.2324	212.76
3933482	54.2324	212.898
3936033	54.2324	213.143
3940554	54.2324	213.397
3945224	54.2324	213.498
3947102	54.2324	213.723
3951237	54.2324	214.014
3956603	54.2324	214.026
3956833	54.2324	214.505
3965671	54.2324	214.603
3967467	54.2324	214.625
3967867	54.2324	214.635
3968066	54.2324	214.722
3969671	54.2324	214.979
3974411	54.2324	215.292
3980175	54.2324	215.34
3981056	54.2324	215.435
3982812	54.2324	215.468
3983425	54.2324	215.594
3985738	54.2324	215.644
3986672	54.2324	215.685
3987420	54.2324	215.761
3988831	54.2324	215.91
3991575	54.2324	216.109
3995238	54.2324	216.245
3997744	54.2324	216.351
3999706	54.2324	216.385
4000323	54.2324	216.744
4006950	54.2324	216.816
4008272	54.2324	216.867
4009222	54.2324	216.991
4011502	54.2324	217.207
4015491	54.2324	217.326
4017680	54.2324	217.364
4018384	54.2324	217.404
4019121	54.2324	217.426
4019519	54.2324	217.458
4020116	54.2324	217.504
4020970	54.2324	217.606
4022835	54.2324	217.824
4026866	54.2324	217.869
4027696	54.2324	218.161
4033085	54.2324	218.219
4034154	54.2324	218.248
4034681	54.2324	218.531
4039894	54.2324	218.539
4040050	54.2324	218.622
4041584	54.2324	218.863
4046016	54.2324	218.888
4046474	54.2324	218.983
4048231	54.2324	219.117
4050703	54.2324	219.275
4053617	54.2324	219.385
4055637	54.2324	219.508
4057914	54.2324	219.571
4059080	54.2324	219.722
4061856	54.2324	219.826
4063770	54.2324	219.833
4063898	54.2324	219.924
4065584	54.2324	220.169
4070099	54.2324	220.324
4072954	54.2324	220.583
4077731	54.2324	220.606
4078153	54.2324	220.678
4079495	54.2324	220.834
4082362	54.2324	221.546
4095484	54.2324	221.746
4099176	54.2324	221.822
4100575	54.2324	221.985
4103592	54.2324	222.001
4103884	54.2324	222.05
4104789	54.2324	222.112
4105937	54.2324	222.3
4109391	54.2324	222.753
4117745	54.2324	222.761
4117905	54.2324	222.767
4118010	54.2324	222.908
4120607	54.2324	222.965
4121655	54.2324	222.977
4121878	54.2324	223.009
4122465	54.2324	223.013
4122551	54.2324	223.043
4123093	54.2324	223.068
4123554	54.2324	223.325
4128304	54.2324	223.458
4130751	54.2324	223.525
4131989	54.2324	223.612
4133596	54.2324	223.683
4134899	54.2324	223.801
4137077	54.2324	223.82
4137426	54.2324	224.268
4145685	54.2324	224.364
4147455	54.2324	224.649
4152708	54.2324	224.761
4154771	54.2324	224.772
4154979	54.2324	224.79
4155308	54.2324	224.839
4156206	54.2324	225.011
4159388	54.2324	225.282
4164389	54.2324	225.331
4165293	54.2324	225.366
4165923	54.2324	225.511
4168607	54.2324	226
4177613	54.2324	226.284
4182855	54.2324	226.342
4183928	54.2324	226.578
4188287	54.2324	226.595
4188590	54.2324	226.631
4189255	54.2324	226.671
4189994	54.2324	226.688
4190305	54.2324	226.827
4192874	54.2324	227.052
4197013	54.2324	227.263
4200906	54.2324	227.553
4206252	54.2324	227.61
4207313	54.2324	227.788
4210588	54.2324	227.871
4212125	54.2324	227.903
4212710	54.2324	227.977
4214067	54.2324	228.108
4216499	54.2324	228.489
4223517	54.2324	228.733
4228012	54.2324	229.147
4235648	54.2324	229.428
4240839	54.2324	229.563
4243313	54.2324	229.65
4244932	54.2324	229.768
4247105	54.2324	229.991
4251210	54.2324	230.065
4252569	54.2324	230.147
4254095	54.2324	230.206
4255178	54.2324	230.249
4255977	54.2324	230.388
4258528	54.2324	230.565
4261803	54.2324	230.684
4263986	54.2324	231.072
4271136	54.2324	231.099
4271648	54.2324	231.131
4272231	54.2324	231.153
4272646	54.2324	231.303
4275403	54.2324	231.325
4275802	54.2324	231.395
4277091	54.2324	231.432
4277785	54.2324	231.507
4279174	54.2324	231.705
4282819	54.2324	231.714
4282985	54.2324	231.729
4283260	54.2324	231.887
4286171	54.2324	231.911
4286624	54.2324	231.915
4286697	54.2324	232.204
4292026	54.2324	232.226
4292416	54.2324	232.534
4298101	54.2324	232.721
4301553	54.2324	232.747
4302035	54.2324	232.753
4302144	54.2324	232.926
4305333	54.2324	232.954
4305854	54.2324	232.959
4305941	54.2324	233.088
4308318	54.2324	233.134
4309174	54.2324	233.161
4309665	54.2324	233.491
4315743	54.2324	233.578
4317356	54.2324	233.791
4321278	54.2324	233.822
4321843	54.2324	233.829
4321987	54.2324	234.145
4327806	54.2324	234.148
4327857	54.2324	234.148
4327869	54.2324	234.318
4330993	54.2324	234.351
4331613	54.2324	234.457
4333567	54.2324	234.815
4340170	54.2324	235.007
4343698	54.2324	235.454
4351941	54.2324	235.458
4352020	54.2324	235.482
4352460	54.2324	235.771
4357799	54.2324	235.913
4360402	54.2324	236.081
4363502	54.2324	236.33
4368103	54.2324	236.367
4368779	54.2324	236.37
4368832	54.2324	236.395
4369298	54.2324	236.416
4369690	54.2324	236.505
4371320	54.2324	236.608
4373217	54.2324	236.667
4374309	54.2324	237.029
4380984	54.2324	237.058
4381520	54.2324	237.232
4384725	54.2324	237.925
4397499	54.2324	237.947
4397916	54.2324	237.975
4398429	54.2324	238.151
4401682	54.2324	238.228
4403099	54.2324	238.228
4403103	54.2324	238.239
4403295	54.2324	238.258
4403648	54.2324	238.608
4410107	54.2324	238.631
4410530	54.2324	238.771
4413109	54.2324	238.982
4417002	54.2324	239.123
4419593	54.2324	239.342
4423632	54.2324	239.634
4429012	54.2324	239.795
4431983	54.2324	240.014
4436022	54.2324	240.058
4436836	54.2324	240.09
4437425	54.2324	240.143
4438399	54.2324	240.259
4440552	54.2324	240.549
4445889	54.2324	240.558
4446066	54.2324	240.659
4447915	54.2324	240.766
4449893	54.2324	240.777
4450105	54.2324	240.923
4452797	54.2324	241.021
4454592	54.2324	241.457
4462627	54.2324	241.634
4465899	54.2324	241.718
4467451	54.2324	241.778
4468559	54.2324	242.051
4473582	54.2324	242.319
4478531	54.2324	243.04
4491831	54.2324	243.095
4492839	54.2324	243.5
4500313	54.2324	243.646
4502992	54.2324	243.813
4506076	54.2324	243.908
4507835	54.2324	244.003
4509578	54.2324	244.099
4511350	54.2324	244.123
4511789	54.2324	244.125
4511838	54.2324	244.136
4512030	54.2324	244.296
4514984	54.2324	244.654
4521592	54.2324	244.664
4521767	54.2324	245.038
4528664	54.2324	245.085
4529530	54.2324	245.172
4531135	54.2324	245.178
4531246	54.2324	245.203
4531705	54.2324	245.303
4533554	54.2324	245.429
4535874	54.2324	245.701
4540884	54.2324	246.433
4554394	54.2324	246.504
4555703	54.2324	246.857
4562215	54.2324	247.001
4564870	54.2324	247.069
4566119	54.2324	247.233
4569133	54.2324	247.499
4574044	54.2324	247.662
4577044	54.2324	248.122
4585530	54.2324	248.453
4591634	54.2324	248.539
4593222	54.2324	249.002
4601760	54.2324	249.123
4603996	54.2324	249.126
4604049	54.2324	249.401
4609120	54.2324	249.555
4611948	54.2324	249.647
4613659	54.2324	249.803
4616519	54.2324	250.232
4624445	54.2324	250.858
4635976	54.2324	251.108
4640587	54.2324	251.203
4642341	54.2324	251.405
4646068	54.2324	252.177
4660296	54.2324	252.302
4662616	54.2324	252.455
4665426	54.2324	252.501
4666284	54.2324	252.518
4666596	54.2324	252.757
4670994	54.2324	252.821
4672181	54.2324	253.142
4678103	54.2324	253.167
4678561	54.2324	253.233
4679777	54.2324	253.557
4685757	54.2324	253.695
4688298	54.2324	253.769
4689653	54.2324	253.899
4692052	54.2324	254.059
4695004	54.2324	254.287
4699202	54.2324	254.361
4700580	54.2324	254.804
4708749	54.2324	255.225
4716506	54.2324	255.598
4723389	54.2324	255.803
4727165	54.2324	255.855
4728125	54.2324	256.046
4731648	54.2324	256.132
4733236	54.2324	256.189
4734285	54.2324	256.344
4737135	54.2324	256.426
4738648	54.2324	256.586
4741609	54.2324	256.774
4745067	54.2324	256.818
4745884	54.2324	256.953
4748367	54.2324	256.975
4748779	54.2324	257.277
4754346	54.2324	257.313
4755001	54.2324	257.704
4762224	54.2324	257.773
4763481	54.2324	257.875
4765360	54.2324	257.96
4766938	54.2324	258.054
4768678	54.2324	258.095
4769424	54.2324	258.321
4773584	54.2324	258.477
4776474	54.2324	258.638
4779445	54.2324	258.667
4779965	54.2324	258.743
4781383	54.2324	258.799
4782415	54.2324	258.976
4785679	54.2324	259.374
4793001	54.2324	259.489
4795127	54.2324	259.659
4798263	54.2324	259.676
4798570	54.2324	259.825
4801325	54.2324	259.991
4804391	54.2324	260.087
4806148	54.2324	260.216
4808534	54.2324	260.517
4814084	54.2324	260.697
4817406	54.2324	261.11
4825019	54.2324	261.131
4825415	54.2324	261.408
4830509	54.2324	261.622
4834460	54.2324	261.671
4835358	54.2324	261.808
4837881	54.2324	262.263
4846273	54.2324	262.306
4847064	54.2324	262.308
4847103	54.2324	262.448
4849699	54.2324	262.505
4850740	54.2324	262.844
4857002	54.2324	262.896
4857954	54.2324	262.931
4858604	54.2324	263.379
4866858	54.2324	263.431
4867809	54.2324	263.507
4869219	54.2324	263.597
4870870	54.2324	263.605
4871032	54.2324	263.663
4872098	54.2324	263.772
4874107	54.2324	263.78
4874254	54.2324	263.787
4874387	54.2324	263.988
4878081	54.2324	264.203
4882059	54.2324	264.384
4885385	54.2324	264.556
4888553	54.2324	264.734
4891839	54.2324	264.818
4893399	54.2324	264.834
4893687	54.2324	264.997
4896701	54.2324	265.06
4897849	54.2324	265.128
4899101	54.2324	265.175
4899970	54.2324	265.337
4902963	54.2324	265.482
4905633	54.2324	265.707
4909775	54.2324	265.748
4910537	54.2324	265.829
4912041	54.2324	265.901
4913363	54.2324	265.974
4914701	54.2324	266.03
4915740	54.2324	266.391
4922394	54.2324	266.659
4927331	54.2324	266.784
4929635	54.2324	266.999
4933604	54.2324	267.225
4937766	54.2324	267.317
4939465	54.2324	267.381
4940652	54.2324	267.382
4940667	54.2324	267.958
4951299	54.2324	267.991
4951907	54.2324	268.149
4954815	54.2324	268.387
4959208	54.2324	268.4
4959442	54.2324	268.57
4962570	54.2324	268.784
4966524	54.2324	268.865
4968012	54.2324	269.5
4979732	54.2324	269.529
4980260	54.2324	269.688
4983198	54.2324	269.901
4987114	54.2324	269.975
4988476	54.2324	270.065
4990148	54.2324	270.313
4994713	54.2324	270.498
4998130	54.2324	270.544
