1058 52.2764 0.10863
3136 52.2764 0.424276
9174 52.2764 0.528201
11162 52.2764 0.668093
13838 52.2764 0.78331
16042 52.2764 0.977726
19761 52.2764 1.1321
22714 52.2764 1.23184
24622 52.2764 1.23906
24760 52.2764 1.26969
25346 52.2764 1.40049
27848 52.2764 1.4869
29501 52.2764 1.50389
29826 52.2764 1.70212
33618 52.2764 2.04939
40261 52.2764 2.13398
41879 52.2764 2.1769
42700 52.2764 2.28249
44720 52.2764 2.2895
44854 52.2764 3.0118
58671 52.2764 3.08813
60131 52.2764 3.3494
65129 52.2764 3.77253
73223 52.2764 4.12681
80000 52.2764 4.1392
80237 52.2764 4.54167
87936 52.2764 4.7697
92298 52.2764 4.83186
93487 52.2764 4.83662
93578 52.2764 4.84948
93824 52.2764 4.93427
95446 52.2764 4.99496
96607 52.2764 5.02748
97229 52.2764 5.07379
98115 52.2764 5.22268
100963 52.2764 5.28264
102110 52.2764 5.4034
104420 52.2764 5.45092
105329 52.2764 5.58788
107949 52.2764 6.01848
116186 52.2764 6.04504
116694 52.2764 6.04802
116751 52.2764 6.08702
117497 52.2764 6.09768
117701 52.2764 6.37516
123009 52.2764 6.64794
128227 52.2764 6.95235
134050 52.2764 7.16767
138169 52.2764 7.88527
151896 52.2764 8.05047
155056 52.2764 8.07044
155438 52.2764 8.10165
156035 52.2764 8.10504
156100 52.2764 8.12998
156577 52.2764 8.2108
158123 52.2764 8.43616
162434 52.2764 8.96729
172594 52.2764 9.22214
177469 52.2764 9.23578
177730 52.2764 9.40798
181024 52.2764 9.45968
182013 52.2764 9.50814
182940 52.2764 9.52879
183335 52.2764 9.58839
184475 52.2764 9.6025
184745 52.2764 9.71589
186914 52.2764 9.99661
192284 52.2764 10.0637
193568 52.2764 10.0749
193781 52.2764 10.2706
197526 52.2764 10.6341
204478 52.2764 10.717
206065 52.2764 10.9492
210507 52.2764 10.965
210809 52.2764 11.1597
214532 52.2764 11.2095
215486 52.2764 11.2465
216193 52.2764 11.638
223682 52.2764 11.8126
227023 52.2764 11.8728
228173 52.2764 11.8799
228310 52.2764 11.8893
228490 52.2764 11.9392
229443 52.2764 12.3797
237871 52.2764 12.4095
238441 52.2764 12.5037
240243 52.2764 12.5181
240518 52.2764 12.7649
245238 52.2764 12.9723
249207 52.2764 13.154
252682 52.2764 13.2464
254449 52.2764 13.3818
257039 52.2764 13.6108
261420 52.2764 13.8181
265386 52.2764 13.836
265728 52.2764 13.9935
268741 52.2764 14.0332
269501 52.2764 14.0607
270027 52.2764 14.0746
270292 52.2764 14.0797
270389 52.2764 14.0937
270658 52.2764 14.1758
272228 52.2764 14.6286
280890 52.2764 14.6331
280976 52.2764 14.682
281912 52.2764 15.0006
288006 52.2764 15.0753
289435 52.2764 15.2571
292912 52.2764 15.2917
293574 52.2764 15.3002
293737 52.2764 15.4818
297211 52.2764 15.4876
297321 52.2764 15.8427
304115 52.2764 16.0059
307237 52.2764 16.0409
307905 52.2764 16.1228
309473 52.2764 16.6558
319669 52.2764 17.0877
327930 52.2764 17.2551
331132 52.2764 17.6052
337830 52.2764 17.7801
341174 52.2764 17.8244
342022 52.2764 17.843
342378 52.2764 17.8774
343037 52.2764 17.9703
344813 52.2764 17.9867
345126 52.2764 17.9983
345348 52.2764 18.0734
346785 52.2764 18.1101
347488 52.2764 18.4843
354645 52.2764 18.7476
359682 52.2764 18.8784
362184 52.2764 19.018
364854 52.2764 19.0982
366388 52.2764 19.3222
370674 52.2764 19.7048
377993 52.2764 19.8355
380492 52.2764 19.9272
382247 52.2764 20.0965
385485 52.2764 20.3272
389899 52.2764 20.5319
393815 52.2764 20.681
396667 52.2764 20.7299
397601 52.2764 20.8348
399609 52.2764 20.8739
400357 52.2764 21.0262
403270 52.2764 21.1824
406257 52.2764 21.201
406614 52.2764 21.2879
408275 52.2764 21.922
420406 52.2764 22.0695
423228 52.2764 22.3198
428015 52.2764 22.5928
433238 52.2764 22.6059
433488 52.2764 22.7008
435303 52.2764 23.0349
441694 52.2764 23.1247
443413 52.2764 23.1377
443660 52.2764 23.3446
447618 52.2764 23.5298
451161 52.2764 23.636
453193 52.2764 23.6468
453399 52.2764 23.6541
453539 52.2764 23.6938
454299 52.2764 23.7374
455132 52.2764 24.0362
460849 52.2764 24.0622
461346 52.2764 24.2404
464754 52.2764 24.2691
465304 52.2764 24.3204
466285 52.2764 24.3926
467665 52.2764 24.5239
470177 52.2764 24.5819
471287 52.2764 25.1945
483005 52.2764 25.2669
484391 52.2764 25.5938
490644 52.2764 25.6178
491103 52.2764 25.7789
494184 52.2764 25.931
497094 52.2764 26.1487
501259 52.2764 26.3595
505290 52.2764 26.4247
506539 52.2764 26.5038
508051 52.2764 26.5562
509053 52.2764 26.6948
511705 52.2764 26.812
513947 52.2764 26.9138
515894 52.2764 27.052
518538 52.2764 27.2692
522693 52.2764 27.4176
525532 52.2764 27.4324
525814 52.2764 27.4587
526318 52.2764 27.581
528657 52.2764 27.5933
528892 52.2764 27.6558
530088 52.2764 27.8956
534676 52.2764 27.9256
535248 52.2764 28.1429
539405 52.2764 28.4345
544984 52.2764 28.4946
546134 52.2764 28.7511
551040 52.2764 28.9507
554858 52.2764 29.5421
566171 52.2764 29.7204
569582 52.2764 29.7719
570566 52.2764 29.7787
570697 52.2764 29.8543
572144 52.2764 29.9995
574921 52.2764 30.5837
586095 52.2764 30.9197
592524 52.2764 31.3176
600134 52.2764 31.6641
606763 52.2764 31.6772
607013 52.2764 31.6774
607018 52.2764 31.8037
609433 52.2764 31.9303
611856 52.2764 31.9517
612265 52.2764 32.261
618181 52.2764 32.3802
620462 52.2764 32.3806
620469 52.2764 32.9468
631299 52.2764 33.0568
633404 52.2764 33.2362
636836 52.2764 33.2598
637287 52.2764 33.316
638362 52.2764 33.3959
639890 52.2764 33.4634
641182 52.2764 33.6687
645110 52.2764 33.8528
648630 52.2764 34.2261
655772 52.2764 34.2725
656660 52.2764 34.6171
663252 52.2764 34.7847
666458 52.2764 34.816
667056 52.2764 34.8579
667857 52.2764 35.102
672526 52.2764 35.1893
674196 52.2764 35.2025
674449 52.2764 35.4452
679092 52.2764 35.4831
679817 52.2764 35.7478
684880 52.2764 35.918
688137 52.2764 36.0775
691187 52.2764 36.3211
695847 52.2764 36.4036
697425 52.2764 36.5312
699866 52.2764 36.6522
702181 52.2764 36.7557
704160 52.2764 36.7569
704183 52.2764 37.0166
709151 52.2764 37.0269
709348 52.2764 37.0323
709451 52.2764 37.2261
713158 52.2764 37.2384
713394 52.2764 37.2752
714099 52.2764 37.4558
717552 52.2764 37.5381
719127 52.2764 37.5857
720037 52.2764 37.7098
722412 52.2764 37.9664
727321 52.2764 38.0765
729427 52.2764 38.1084
730037 52.2764 38.2064
731911 52.2764 38.5024
737573 52.2764 38.6752
740878 52.2764 38.8605
744424 52.2764 38.9137
745442 52.2764 39.183
750592 52.2764 39.1888
750703 52.2764 39.4299
755316 52.2764 39.4581
755855 52.2764 39.8397
763155 52.2764 39.8736
763804 52.2764 40.1171
768462 52.2764 40.1429
768955 52.2764 40.2192
770415 52.2764 40.2932
771829 52.2764 40.4711
775232 52.2764 40.5245
776254 52.2764 40.5496
776735 52.2764 40.5879
777467 52.2764 40.6739
779112 52.2764 40.7349
780279 52.2764 40.8118
781750 52.2764 40.9449
784296 52.2764 41.3736
792497 52.2764 41.3889
792789 52.2764 41.719
799103 52.2764 41.8569
801741 52.2764 41.9641
803793 52.2764 42.7421
818674 52.2764 43.1057
825630 52.2764 43.2794
828953 52.2764 43.4473
832165 52.2764 43.5283
833715 52.2764 43.8179
839253 52.2764 43.8388
839654 52.2764 43.8566
839995 52.2764 44.0121
842969 52.2764 44.1015
844678 52.2764 44.2132
846816 52.2764 44.3119
848704 52.2764 44.3287
849025 52.2764 44.5663
853570 52.2764 44.6633
855426 52.2764 44.8136
858300 52.2764 44.9909
861693 52.2764 45.063
863071 52.2764 45.07
863205 52.2764 45.1455
864649 52.2764 45.2479
866608 52.2764 45.3337
868250 52.2764 45.5094
871610 52.2764 45.5831
873020 52.2764 45.6131
873595 52.2764 45.7481
876176 52.2764 45.7728
876650 52.2764 46.1503
883870 52.2764 46.1525
883913 52.2764 46.214
885090 52.2764 46.3828
888318 52.2764 46.5155
890856 52.2764 46.5821
892131 52.2764 46.8634
897511 52.2764 47.0016
900155 52.2764 47.0725
901512 52.2764 47.3641
907089 52.2764 47.9133
917595 52.2764 48.129
921722 52.2764 48.4123
927141 52.2764 48.4547
927952 52.2764 48.667
932012 52.2764 49.0519
939375 52.2764 49.2098
942396 52.2764 49.6806
951402 52.2764 49.8684
954995 52.2764 50.1983
961305 52.2764 50.2257
961830 52.2764 50.2688
962654 52.2764 50.4402
965932 52.2764 50.505
967172 52.2764 50.7423
971712 52.2764 50.8228
973252 52.2764 51.013
976889 52.2764 51.0939
978438 52.2764 51.3703
983725 52.2764 51.3795
983900 52.2764 51.497
986148 52.2764 51.5692
987530 52.2764 51.9629
995061 52.2764 52.0349
996437 52.2764 52.0391
996518 52.2764 52.0819
997336 52.2764 52.1651
998928 52.2764 52.1754
999125 52.2764 52.4475
1004331 52.2764 52.581
1006884 52.2764 52.995
1014804 52.2764 53.8618
1031385 52.2764 54.3968
1041619 52.2764 54.4639
1042902 52.2764 54.6482
1046427 52.2764 55.28
1058513 52.2764 55.3906
1060629 52.2764 55.6886
1066330 52.2764 55.7055
1066652 52.2764 55.8782
1069957 52.2764 56.0193
1072656 52.2764 56.4667
1081214 52.2764 56.7944
1087483 52.2764 56.841
1088374 52.2764 57.0453
1092281 52.2764 57.184
1094936 52.2764 57.4531
1100083 52.2764 57.6256
1103382 52.2764 57.8583
1107833 52.2764 57.9229
1109069 52.2764 58.3926
1118055 52.2764 58.4616
1119374 52.2764 58.5243
1120574 52.2764 58.5508
1121081 52.2764 58.7553
1124992 52.2764 58.9518
1128752 52.2764 59.1572
1132681 52.2764 59.2094
1133680 52.2764 59.6336
1141793 52.2764 59.6342
1141805 52.2764 59.6971
1143009 52.2764 59.8431
1145801 52.2764 60.3775
1156024 52.2764 60.4997
1158362 52.2764 60.6018
1160314 52.2764 60.6451
1161143 52.2764 60.6995
1162183 52.2764 60.7991
1164088 52.2764 60.843
1164928 52.2764 60.8809
1165653 52.2764 60.9159
1166323 52.2764 60.9528
1167029 52.2764 61.4304
1176165 52.2764 61.4318
1176192 52.2764 61.5439
1178335 52.2764 61.6817
1180972 52.2764 61.8042
1183315 52.2764 62.1507
1189943 52.2764 62.2485
1191814 52.2764 62.6221
1198961 52.2764 62.7772
1201927 52.2764 62.7871
1202117 52.2764 62.8477
1203277 52.2764 63.2853
1211648 52.2764 63.4285
1214386 52.2764 63.4342
1214495 52.2764 63.4669
1215121 52.2764 63.4685
1215152 52.2764 63.4698
1215177 52.2764 63.5372
1216465 52.2764 63.5731
1217153 52.2764 63.6799
1219196 52.2764 63.826
1221990 52.2764 63.8303
1222072 52.2764 64.0309
1225909 52.2764 64.052
1226313 52.2764 64.0893
1227028 52.2764 64.2485
1230073 52.2764 64.2626
1230342 52.2764 64.4621
1234158 52.2764 64.5768
1236353 52.2764 64.5869
1236546 52.2764 64.6652
1238044 52.2764 64.6697
1238129 52.2764 64.6712
1238158 52.2764 64.7144
1238985 52.2764 64.7417
1239506 52.2764 64.7814
1240266 52.2764 64.8068
1240752 52.2764 64.8694
1241949 52.2764 64.9451
1243397 52.2764 64.9567
1243619 52.2764 65.1723
1247744 52.2764 65.4578
1253205 52.2764 65.5437
1254849 52.2764 65.6017
1255957 52.2764 65.6879
1257607 52.2764 65.73
1258413 52.2764 65.9845
1263281 52.2764 66.1161
1265797 52.2764 66.1407
1266268 52.2764 66.4609
1272394 52.2764 66.5656
1274397 52.2764 66.7894
1278677 52.2764 66.8846
1280499 52.2764 66.9039
1280868 52.2764 67.3819
1290012 52.2764 67.6033
1294246 52.2764 67.733
1296727 52.2764 67.7359
1296784 52.2764 67.8088
1298178 52.2764 67.9475
1300830 52.2764 68.0629
1303038 52.2764 68.2621
1306848 52.2764 68.4668
1310765 52.2764 68.499
1311380 52.2764 68.5121
1311631 52.2764 68.5681
1312703 52.2764 68.7204
1315615 52.2764 68.9252
1319534 52.2764 68.9304
1319632 52.2764 69.2807
1326333 52.2764 69.5537
1331556 52.2764 70.3879
1347513 52.2764 70.6969
1353424 52.2764 70.8134
1355653 52.2764 70.8825
1356975 52.2764 70.9716
1358679 52.2764 71.2409
1363831 52.2764 71.7358
1373298 52.2764 71.7458
1373488 52.2764 71.9951
1378257 52.2764 72.2422
1382984 52.2764 72.3573
1385187 52.2764 72.6234
1390276 52.2764 73.0899
1399200 52.2764 73.2487
1402238 52.2764 73.7351
1411542 52.2764 73.7809
1412418 52.2764 73.9981
1416573 52.2764 74.4926
1426033 52.2764 74.6158
1428389 52.2764 74.8495
1432859 52.2764 75.1406
1438429 52.2764 75.2555
1440626 52.2764 75.4935
1445178 52.2764 75.8175
1451377 52.2764 76.3588
1461731 52.2764 76.6679
1467644 52.2764 76.9799
1473612 52.2764 77.2776
1479307 52.2764 77.2863
1479473 52.2764 77.2956
1479652 52.2764 77.3238
1480191 52.2764 77.325
1480214 52.2764 78.3073
1499004 52.2764 78.5555
1503753 52.2764 78.5806
1504232 52.2764 78.7468
1507412 52.2764 78.8002
1508433 52.2764 78.9797
1511866 52.2764 79.0887
1513951 52.2764 79.3605
1519151 52.2764 79.468
1521207 52.2764 79.5582
1522933 52.2764 79.9534
1530493 52.2764 80.002
1531422 52.2764 80.094
1533183 52.2764 80.1427
1534113 52.2764 80.2544
1536251 52.2764 80.3
1537122 52.2764 80.3618
1538305 52.2764 80.3699
1538459 52.2764 80.7585
1545894 52.2764 80.7969
1546628 52.2764 80.8098
1546874 52.2764 80.9454
1549468 52.2764 81.0405
1551287 52.2764 81.4261
1558665 52.2764 81.491
1559905 52.2764 81.5371
1560788 52.2764 81.587
1561741 52.2764 81.6212
1562396 52.2764 81.9594
1568865 52.2764 82.1458
1572431 52.2764 82.2586
1574589 52.2764 82.2851
1575096 52.2764 82.5247
1579679 52.2764 82.5429
1580028 52.2764 82.5827
1580789 52.2764 82.6297
1581688 52.2764 82.9025
1586907 52.2764 83.05
1589728 52.2764 83.229
1593152 52.2764 83.342
1595314 52.2764 83.3818
1596074 52.2764 83.5037
1598407 52.2764 83.6107
1600453 52.2764 83.7503
1603124 52.2764 84.0054
1608004 52.2764 84.1647
1611051 52.2764 84.1955
1611640 52.2764 84.7093
1621469 52.2764 84.7326
1621915 52.2764 85.0332
1627665 52.2764 85.1448
1629799 52.2764 85.2255
1631344 52.2764 85.2409
1631638 52.2764 85.3459
1633646 52.2764 85.6322
1639123 52.2764 85.9554
1645305 52.2764 86.0161
1646466 52.2764 86.1565
1649152 52.2764 86.1796
1649595 52.2764 86.1869
1649734 52.2764 86.2477
1650897 52.2764 86.3453
1652763 52.2764 86.3558
1652964 52.2764 86.4341
1654462 52.2764 86.4838
1655413 52.2764 86.5435
1656556 52.2764 87.0959
1667123 52.2764 87.1934
1668988 52.2764 87.5532
1675869 52.2764 87.968
1683804 52.2764 88.1171
1686656 52.2764 88.1913
1688077 52.2764 88.4664
1693339 52.2764 88.5356
1694663 52.2764 88.5436
1694815 52.2764 88.7677
1699102 52.2764 88.8049
1699814 52.2764 89.0004
1703553 52.2764 89.1416
1706254 52.2764 89.2367
1708073 52.2764 89.2439
1708211 52.2764 89.294
1709170 52.2764 89.3123
1709520 52.2764 89.4375
1711915 52.2764 89.882
1720417 52.2764 89.9007
1720776 52.2764 90.1274
1725111 52.2764 90.1751
1726024 52.2764 90.3142
1728686 52.2764 90.4748
1731757 52.2764 90.7541
1737101 52.2764 90.8004
1737985 52.2764 90.876
1739432 52.2764 90.9875
1741564 52.2764 91.4622
1750645 52.2764 91.613
1753530 52.2764 91.709
1755366 52.2764 92.3092
1766847 52.2764 92.3737
1768082 52.2764 92.3859
1768314 52.2764 92.4636
1769802 52.2764 92.5614
1771673 52.2764 92.8928
1778012 52.2764 92.9414
1778942 52.2764 93.0819
1781628 52.2764 93.1452
1782839 52.2764 93.2562
1784963 52.2764 93.5467
1790519 52.2764 93.7928
1795227 52.2764 93.8461
1796248 52.2764 94.1356
1801785 52.2764 94.2438
1803855 52.2764 94.2477
1803929 52.2764 94.3684
1806239 52.2764 94.4757
1808291 52.2764 94.875
1815930 52.2764 95.2201
1822530 52.2764 95.4501
1826931 52.2764 95.6467
1830691 52.2764 95.6638
1831018 52.2764 95.8585
1834743 52.2764 96.3155
1843484 52.2764 96.376
1844642 52.2764 96.796
1852676 52.2764 97.0708
1857933 52.2764 97.1184
1858844 52.2764 97.2555
1861466 52.2764 97.5407
1866922 52.2764 97.7911
1871712 52.2764 98.0336
1876351 52.2764 98.0611
1876876 52.2764 98.0761
1877164 52.2764 98.4851
1884987 52.2764 98.7088
1889266 52.2764 98.902
1892962 52.2764 98.9575
1894023 52.2764 98.9926
1894695 52.2764 99.0474
1895744 52.2764 99.1135
1897007 52.2764 99.1653
1897999 52.2764 99.1687
1898064 52.2764 99.2054
1898765 52.2764 99.3958
1902407 52.2764 99.5253
1904885 52.2764 99.6998
1908224 52.2764 100.146
1916761 52.2764 100.441
1922403 52.2764 100.592
1925293 52.2764 100.635
1926122 52.2764 100.637
1926154 52.2764 100.72
1927734 52.2764 100.879
1930775 52.2764 100.896
1931114 52.2764 100.94
1931941 52.2764 101.138
1935739 52.2764 101.175
1936448 52.2764 101.347
1939736 52.2764 101.35
1939793 52.2764 101.504
1942741 52.2764 101.7
1946487 52.2764 101.825
1948885 52.2764 102.072
1953597 52.2764 102.123
1954580 52.2764 102.254
1957087 52.2764 102.356
1959026 52.2764 102.489
1961574 52.2764 102.523
1962225 52.2764 102.553
1962795 52.2764 102.725
1966089 52.2764 102.742
1966411 52.2764 102.772
1966999 52.2764 102.836
1968221 52.2764 103.045
1972220 52.2764 103.327
1977606 52.2764 103.464
1980228 52.2764 103.481
1980546 52.2764 103.496
1980848 52.2764 103.555
1981972 52.2764 103.67
1984167 52.2764 103.672
1984215 52.2764 103.935
1989238 52.2764 104.011
1990688 52.2764 104.249
1995239 52.2764 104.256
1995370 52.2764 104.269
1995625 52.2764 104.408
1998295 52.2764 104.413
1998383 52.2764 104.923
2008144 52.2764 104.961
2008867 52.2764 105.088
2011288 52.2764 105.29
2015159 52.2764 105.346
2016231 52.2764 105.441
2018043 52.2764 105.464
2018496 52.2764 105.494
2019067 52.2764 105.529
2019722 52.2764 105.991
2028572 52.2764 106.08
2030272 52.2764 106.399
2036365 52.2764 106.517
2038637 52.2764 106.575
2039734 52.2764 106.585
2039936 52.2764 106.631
2040812 52.2764 106.721
2042538 52.2764 106.763
2043330 52.2764 107.07
2049207 52.2764 107.144
2050628 52.2764 107.936
2065773 52.2764 108.307
2072880 52.2764 108.348
2073652 52.2764 108.375
2074175 52.2764 108.445
2075519 52.2764 108.561
2077725 52.2764 108.609
2078654 52.2764 108.633
2079110 52.2764 108.961
2085378 52.2764 109.046
2087011 52.2764 109.109
2088204 52.2764 109.112
2088266 52.2764 109.25
2090914 52.2764 109.282
2091518 52.2764 109.327
2092375 52.2764 109.367
2093142 52.2764 109.389
2093573 52.2764 109.614
2097879 52.2764 109.686
2099244 52.2764 109.983
2104932 52.2764 109.987
2105008 52.2764 110.024
2105724 52.2764 110.203
2109145 52.2764 110.245
2109950 52.2764 110.351
2111965 52.2764 110.363
2112202 52.2764 110.503
2114886 52.2764 110.909
2122641 52.2764 111.041
2125178 52.2764 111.205
2128302 52.2764 111.749
2138707 52.2764 111.84
2140447 52.2764 111.843
2140514 52.2764 111.904
2141679 52.2764 112.431
2151751 52.2764 112.993
2162506 52.2764 113.274
2167890 52.2764 113.543
2173025 52.2764 114
2181778 52.2764 114.084
2183387 52.2764 114.778
2196657 52.2764 114.859
2198195 52.2764 114.967
2200274 52.2764 115.058
2202013 52.2764 115.261
2205897 52.2764 115.322
2207052 52.2764 115.368
2207938 52.2764 116.25
2224811 52.2764 116.308
2225921 52.2764 116.519
2229960 52.2764 116.958
2238352 52.2764 117.192
2242841 52.2764 117.999
2258263 52.2764 118.109
2260371 52.2764 118.189
2261898 52.2764 118.413
2266195 52.2764 118.567
2269139 52.2764 118.635
2270438 52.2764 118.723
2272128 52.2764 118.983
2277095 52.2764 119.125
2279800 52.2764 119.179
2280844 52.2764 119.266
2282505 52.2764 119.35
2284113 52.2764 119.952
2295631 52.2764 120.156
2299522 52.2764 120.324
2302736 52.2764 120.726
2310435 52.2764 120.803
2311911 52.2764 120.838
2312575 52.2764 120.876
2313299 52.2764 120.952
2314766 52.2764 120.981
2315304 52.2764 121.026
2316173 52.2764 121.354
2322452 52.2764 121.48
2324857 52.2764 121.489
2325035 52.2764 122.071
2336160 52.2764 122.091
2336537 52.2764 122.097
2336657 52.2764 122.1
2336717 52.2764 122.255
2339692 52.2764 122.329
2341094 52.2764 122.496
2344284 52.2764 122.72
2348570 52.2764 122.885
2351732 52.2764 123.134
2356502 52.2764 123.157
2356944 52.2764 123.213
2358015 52.2764 123.315
2359962 52.2764 123.944
2371985 52.2764 124.016
2373379 52.2764 124.054
2374094 52.2764 124.448
2381625 52.2764 124.588
2384308 52.2764 124.605
2384633 52.2764 124.644
2385374 52.2764 124.91
2390471 52.2764 124.968
2391573 52.2764 125.086
2393829 52.2764 125.247
2396911 52.2764 125.256
2397091 52.2764 125.364
2399147 52.2764 125.809
2407664 52.2764 126.029
2411868 52.2764 126.184
2414847 52.2764 126.221
2415548 52.2764 126.438
2419703 52.2764 126.461
2420138 52.2764 126.547
2421790 52.2764 126.593
2422674 52.2764 127.305
2436283 52.2764 127.372
2437562 52.2764 128.008
2449724 52.2764 128.058
2450687 52.2764 128.204
2453478 52.2764 128.529
2459690 52.2764 128.538
2459875 52.2764 128.56
2460298 52.2764 128.72
2463358 52.2764 128.914
2467073 52.2764 128.929
2467347 52.2764 129.018
2469061 52.2764 129.209
2472710 52.2764 129.432
2476967 52.2764 129.912
2486163 52.2764 129.995
2487737 52.2764 130.31
2493764 52.2764 130.56
2498544 52.2764 130.697
2501170 52.2764 130.744
2502061 52.2764 130.771
2502594 52.2764 130.851
2504108 52.2764 130.854
2504181 52.2764 130.857
2504231 52.2764 131.124
2509345 52.2764 131.148
2509802 52.2764 131.269
2512110 52.2764 131.286
2512429 52.2764 131.539
2517269 52.2764 131.912
2524413 52.2764 131.917
2524499 52.2764 132.435
2534421 52.2764 132.437
2534455 52.2764 132.637
2538286 52.2764 132.777
2540956 52.2764 132.785
2541112 52.2764 132.815
2541678 52.2764 132.869
2542714 52.2764 133.049
2546153 52.2764 133.057
2546312 52.2764 133.35
2551914 52.2764 133.456
2553945 52.2764 133.488
2554554 52.2764 133.714
2558885 52.2764 133.759
2559740 52.2764 133.785
2560251 52.2764 133.832
2561135 52.2764 133.922
2562866 52.2764 133.965
2563678 52.2764 134.192
2568023 52.2764 134.402
2572035 52.2764 134.522
2574345 52.2764 134.553
2574932 52.2764 135.001
2583497 52.2764 135.193
2587181 52.2764 135.461
2592298 52.2764 135.749
2597808 52.2764 135.767
2598161 52.2764 135.998
2602581 52.2764 136.112
2604757 52.2764 136.254
2607470 52.2764 136.354
2609382 52.2764 136.517
2612502 52.2764 136.648
2615014 52.2764 136.714
2616271 52.2764 136.801
2617931 52.2764 136.85
2618876 52.2764 136.984
2621434 52.2764 137.031
2622327 52.2764 137.175
2625096 52.2764 137.219
2625937 52.2764 137.423
2629831 52.2764 137.601
2633233 52.2764 137.843
2637871 52.2764 137.854
2638081 52.2764 137.871
2638399 52.2764 137.897
2638894 52.2764 138.945
2658947 52.2764 138.953
2659093 52.2764 138.969
2659403 52.2764 139.064
2661224 52.2764 139.148
2662833 52.2764 139.215
2664112 52.2764 139.246
2664698 52.2764 139.298
2665700 52.2764 139.41
2667850 52.2764 139.533
2670202 52.2764 139.577
2671044 52.2764 139.63
2672050 52.2764 139.649
2672416 52.2764 139.698
2673343 52.2764 139.925
2677699 52.2764 140.197
2682893 52.2764 140.274
2684371 52.2764 140.398
2686749 52.2764 140.524
2689150 52.2764 140.646
2691485 52.2764 141.095
2700079 52.2764 141.179
2701683 52.2764 141.434
2706552 52.2764 141.858
2714666 52.2764 142.061
2718548 52.2764 142.159
2720427 52.2764 142.215
2721499 52.2764 142.301
2723138 52.2764 142.58
2728487 52.2764 143.192
2740194 52.2764 143.257
2741432 52.2764 143.27
2741680 52.2764 143.452
2745156 52.2764 143.47
2745515 52.2764 143.522
2746510 52.2764 143.558
2747189 52.2764 143.707
2750046 52.2764 143.823
2752259 52.2764 143.968
2755035 52.2764 143.968
2755036 52.2764 144.036
2756339 52.2764 144.137
2758260 52.2764 144.212
2759702 52.2764 144.266
2760736 52.2764 144.467
2764582 52.2764 144.559
2766335 52.2764 144.847
2771848 52.2764 144.939
2773609 52.2764 144.987
2774528 52.2764 145.06
2775928 52.2764 145.392
2782271 52.2764 145.957
2793087 52.2764 146.119
2796171 52.2764 146.214
2798000 52.2764 147.151
2815924 52.2764 147.458
2821798 52.2764 147.494
2822491 52.2764 147.632
2825131 52.2764 147.778
2827924 52.2764 148.065
2833398 52.2764 148.247
2836888 52.2764 148.407
2839945 52.2764 148.572
2843105 52.2764 149.327
2857552 52.2764 149.451
2859912 52.2764 149.92
2868886 52.2764 150.015
2870700 52.2764 150.267
2875534 52.2764 150.275
2875676 52.2764 150.28
2875782 52.2764 150.444
2878909 52.2764 150.558
2881100 52.2764 150.638
2882629 52.2764 150.688
2883588 52.2764 150.731
2884405 52.2764 151.032
2890165 52.2764 151.81
2905051 52.2764 151.942
2907575 52.2764 152.154
2911621 52.2764 152.325
2914900 52.2764 152.725
2922541 52.2764 152.731
2922655 52.2764 153.018
2928160 52.2764 153.296
2933467 52.2764 153.302
2933583 52.2764 153.348
2934468 52.2764 153.374
2934969 52.2764 153.526
2937870 52.2764 153.585
2938990 52.2764 153.728
2941738 52.2764 153.734
2941856 52.2764 153.989
2946723 52.2764 154.044
2947773 52.2764 154.18
2950385 52.2764 154.245
2951624 52.2764 154.263
2951969 52.2764 154.275
2952197 52.2764 154.629
2958964 52.2764 154.828
2962773 52.2764 154.983
2965743 52.2764 155.002
2966112 52.2764 155.165
2969214 52.2764 155.328
2972333 52.2764 155.363
2973007 52.2764 155.43
2974283 52.2764 155.511
2975839 52.2764 155.641
2978333 52.2764 155.822
2981788 52.2764 155.891
2983117 52.2764 155.982
2984845 52.2764 156.099
2987084 52.2764 156.472
2994223 52.2764 156.616
2996969 52.2764 156.873
3001891 52.2764 156.924
3002860 52.2764 157.142
3007040 52.2764 157.524
3014347 52.2764 157.663
3016996 52.2764 158.092
3025219 52.2764 158.454
3032144 52.2764 158.468
3032399 52.2764 158.629
3035485 52.2764 158.878
3040247 52.2764 159.087
3044249 52.2764 159.215
3046685 52.2764 159.477
3051702 52.2764 159.595
3053955 52.2764 159.915
3060085 52.2764 160.129
3064178 52.2764 160.509
3071446 52.2764 160.572
3072655 52.2764 160.758
3076203 52.2764 160.994
3080715 52.2764 161.374
3088003 52.2764 161.385
3088195 52.2764 161.5
3090397 52.2764 161.577
3091870 52.2764 161.977
3099519 52.2764 162.144
3102728 52.2764 162.161
3103040 52.2764 162.618
3111788 52.2764 162.722
3113779 52.2764 162.968
3118479 52.2764 162.991
3118932 52.2764 163.184
3122621 52.2764 163.771
3133845 52.2764 164.451
3146853 52.2764 164.515
3148087 52.2764 164.742
3152414 52.2764 165.144
3160104 52.2764 165.241
3161973 52.2764 165.294
3162986 52.2764 165.545
3167790 52.2764 165.566
3168190 52.2764 165.6
3168829 52.2764 165.606
3168942 52.2764 165.766
3172007 52.2764 166.086
3178131 52.2764 166.258
3181424 52.2764 166.471
3185490 52.2764 167.054
3196655 52.2764 167.258
3200557 52.2764 167.993
3214617 52.2764 168.061
3215905 52.2764 168.076
3216188 52.2764 168.304
3220555 52.2764 168.413
3222634 52.2764 168.466
3223665 52.2764 168.739
3228887 52.2764 168.799
3230018 52.2764 168.808
3230203 52.2764 168.851
3231025 52.2764 168.986
3233600 52.2764 169.138
3236507 52.2764 169.219
3238052 52.2764 169.276
3239154 52.2764 169.325
3240098 52.2764 169.638
3246067 52.2764 169.791
3248996 52.2764 169.982
3252652 52.2764 169.998
3252964 52.2764 170.033
3253635 52.2764 170.138
3255637 52.2764 170.276
3258280 52.2764 170.486
3262307 52.2764 170.535
3263229 52.2764 170.603
3264529 52.2764 170.703
3266449 52.2764 170.751
3267371 52.2764 170.754
3267419 52.2764 170.878
3269804 52.2764 171.055
3273178 52.2764 171.075
3273573 52.2764 171.762
3286714 52.2764 171.823
3287873 52.2764 171.859
3288561 52.2764 171.94
3290109 52.2764 171.95
3290300 52.2764 172.669
3304065 52.2764 172.883
3308154 52.2764 173.095
3312197 52.2764 173.134
3312946 52.2764 173.294
3316007 52.2764 173.41
3318223 52.2764 173.417
3318363 52.2764 173.431
3318637 52.2764 173.913
3327857 52.2764 174.435
3337836 52.2764 174.471
3338519 52.2764 174.531
3339681 52.2764 174.829
3345374 52.2764 175.083
3350225 52.2764 175.113
3350804 52.2764 175.46
3357437 52.2764 175.863
3365147 52.2764 175.913
3366105 52.2764 176.081
3369318 52.2764 176.185
3371321 52.2764 176.523
3377783 52.2764 176.564
3378561 52.2764 176.635
3379925 52.2764 176.725
3381639 52.2764 176.912
3385228 52.2764 176.978
3386481 52.2764 177.475
3395995 52.2764 177.839
3402958 52.2764 177.865
3403460 52.2764 177.939
3404872 52.2764 178.618
3417852 52.2764 178.914
3423519 52.2764 179.135
3427745 52.2764 179.267
3430268 52.2764 179.313
3431144 52.2764 179.489
3434511 52.2764 179.583
3436319 52.2764 179.692
3438401 52.2764 179.826
3440962 52.2764 180.085
3445913 52.2764 180.204
3448195 52.2764 180.349
3450959 52.2764 180.392
3451791 52.2764 180.526
3454359 52.2764 180.576
3455314 52.2764 180.619
3456128 52.2764 180.865
3460844 52.2764 180.916
3461807 52.2764 181.363
3470365 52.2764 181.38
3470691 52.2764 181.599
3474871 52.2764 181.754
3477836 52.2764 181.867
3480013 52.2764 182.301
3488313 52.2764 182.395
3490106 52.2764 182.421
3490609 52.2764 182.612
3494255 52.2764 182.633
3494665 52.2764 182.667
3495307 52.2764 182.764
3497161 52.2764 182.91
3499966 52.2764 182.961
3500941 52.2764 183.064
3502912 52.2764 183.131
3504188 52.2764 183.319
3507779 52.2764 183.419
3509701 52.2764 183.447
3510236 52.2764 183.677
3514625 52.2764 184.103
3522772 52.2764 184.876
3537565 52.2764 184.891
3537849 52.2764 184.918
3538375 52.2764 185.217
3544097 52.2764 185.426
3548077 52.2764 185.534
3550150 52.2764 185.658
3552530 52.2764 185.876
3556689 52.2764 186.258
3564008 52.2764 186.533
3569257 52.2764 186.682
3572116 52.2764 186.689
3572253 52.2764 187.34
3584695 52.2764 187.666
3590941 52.2764 188.053
3598335 52.2764 188.122
3599658 52.2764 188.173
3600637 52.2764 188.19
3600966 52.2764 188.221
3601551 52.2764 188.27
3602492 52.2764 188.392
3604826 52.2764 188.745
3611566 52.2764 188.78
3612253 52.2764 188.859
3613757 52.2764 188.931
3615143 52.2764 188.997
3616387 52.2764 189.156
3619431 52.2764 189.254
3621304 52.2764 189.333
3622817 52.2764 189.707
3629987 52.2764 189.979
3635183 52.2764 190.121
3637906 52.2764 190.186
3639146 52.2764 190.193
3639277 52.2764 190.585
3646777 52.2764 190.676
3648520 52.2764 190.735
3649634 52.2764 190.735
3649641 52.2764 190.957
3653898 52.2764 191.186
3658274 52.2764 191.218
3658882 52.2764 191.312
3660678 52.2764 191.315
3660730 52.2764 191.482
3663939 52.2764 191.486
3664009 52.2764 191.636
3666870 52.2764 192.16
3676903 52.2764 192.199
3677648 52.2764 192.369
3680895 52.2764 192.596
3685236 52.2764 192.721
3687632 52.2764 193.116
3695191 52.2764 193.212
3697032 52.2764 193.463
3701821 52.2764 193.663
3705661 52.2764 193.717
3706677 52.2764 193.912
3710422 52.2764 193.978
3711682 52.2764 194.202
3715971 52.2764 194.39
3719564 52.2764 194.495
3721573 52.2764 194.68
3725115 52.2764 194.81
3727593 52.2764 194.904
3729399 52.2764 195.247
3735954 52.2764 195.31
3737163 52.2764 195.612
3742927 52.2764 196.201
3754208 52.2764 196.214
3754451 52.2764 196.217
3754501 52.2764 196.353
3757114 52.2764 196.798
3765631 52.2764 196.893
3767439 52.2764 196.92
3767952 52.2764 197.326
3775722 52.2764 197.488
3778823 52.2764 197.751
3783849 52.2764 197.871
3786156 52.2764 197.886
3786437 52.2764 198.167
3791812 52.2764 198.435
3796930 52.2764 198.602
3800127 52.2764 198.835
3804588 52.2764 198.905
3805927 52.2764 198.984
3807445 52.2764 199.001
3807770 52.2764 199.27
3812910 52.2764 199.306
3813589 52.2764 199.563
3818511 52.2764 199.6
3819214 52.2764 199.822
3823466 52.2764 200.063
3828081 52.2764 200.154
3829815 52.2764 200.202
3830741 52.2764 200.299
3832590 52.2764 200.309
3832783 52.2764 200.31
3832797 52.2764 200.408
3834677 52.2764 200.53
3837011 52.2764 200.792
3842025 52.2764 200.952
3845084 52.2764 201.128
3848448 52.2764 201.211
3850039 52.2764 201.589
3857273 52.2764 201.62
3857871 52.2764 201.633
3858106 52.2764 201.776
3860852 52.2764 202.02
3865516 52.2764 202.252
3869943 52.2764 202.397
3872729 52.2764 202.408
3872943 52.2764 202.421
3873187 52.2764 202.509
3874874 52.2764 202.606
3876728 52.2764 202.669
3877925 52.2764 202.685
3878237 52.2764 202.888
3882112 52.2764 203.146
3887049 52.2764 203.217
3888403 52.2764 203.28
3889618 52.2764 203.501
3893848 52.2764 203.685
3897364 52.2764 203.713
3897897 52.2764 203.717
3897968 52.2764 203.77
3898987 52.2764 203.94
3902248 52.2764 204.019
3903761 52.2764 204.045
3904252 52.2764 204.055
3904441 52.2764 204.138
3906027 52.2764 204.319
3909485 52.2764 204.516
3913252 52.2764 205.333
3928894 52.2764 205.405
3930261 52.2764 205.414
3930434 52.2764 205.531
3932681 52.2764 205.832
3938443 52.2764 205.885
3939454 52.2764 205.986
3941377 52.2764 206.016
3941962 52.2764 206.174
3944978 52.2764 206.328
3947914 52.2764 206.794
3956845 52.2764 207.072
3962151 52.2764 207.271
3965959 52.2764 207.492
3970179 52.2764 207.548
3971258 52.2764 207.872
3977454 52.2764 207.954
3979020 52.2764 208.053
3980922 52.2764 208.103
3981881 52.2764 208.523
3989919 52.2764 208.83
3995777 52.2764 208.914
3997387 52.2764 209.024
3999499 52.2764 209.044
3999883 52.2764 209.101
4000974 52.2764 209.573
4009988 52.2764 209.663
4011721 52.2764 209.84
4015099 52.2764 209.991
4017991 52.2764 209.999
4018152 52.2764 210.184
4021690 52.2764 210.366
4025162 52.2764 210.538
4028450 52.2764 210.617
4029960 52.2764 211.028
4037830 52.2764 211.209
4041286 52.2764 211.36
4044186 52.2764 211.4
4044954 52.2764 211.666
4050035 52.2764 211.68
4050307 52.2764 211.765
4051921 52.2764 211.83
4053175 52.2764 211.927
4055025 52.2764 212.006
4056541 52.2764 212.135
4058997 52.2764 212.18
4059869 52.2764 212.311
4062375 52.2764 212.515
4066281 52.2764 212.63
4068483 52.2764 212.992
4075406 52.2764 213.186
4079118 52.2764 213.316
4081601 52.2764 213.53
4085691 52.2764 213.945
4093620 52.2764 214.253
4099525 52.2764 214.413
4102583 52.2764 214.519
4104599 52.2764 214.594
4106043 52.2764 215.308
4119708 52.2764 215.336
4120236 52.2764 215.36
4120689 52.2764 215.506
4123491 52.2764 215.738
4127931 52.2764 215.862
4130303 52.2764 216.17
4136188 52.2764 216.245
4137618 52.2764 216.264
4137983 52.2764 216.475
4142032 52.2764 216.709
4146493 52.2764 216.725
4146802 52.2764 216.765
4147581 52.2764 216.775
4147756 52.2764 216.798
4148199 52.2764 217.081
4153625 52.2764 217.165
4155232 52.2764 217.238
4156622 52.2764 217.499
4161621 52.2764 217.505
4161737 52.2764 217.556
4162712 52.2764 217.741
4166241 52.2764 217.785
4167083 52.2764 217.985
4170903 52.2764 217.994
4171086 52.2764 218.073
4172594 52.2764 218.513
4181009 52.2764 218.591
4182511 52.2764 218.932
4189032 52.2764 219.026
4190824 52.2764 219.249
4195092 52.2764 219.271
4195501 52.2764 219.312
4196292 52.2764 219.449
4198922 52.2764 219.51
4200086 52.2764 220.549
4219954 52.2764 220.713
4223095 52.2764 220.767
4224125 52.2764 220.784
4224444 52.2764 220.817
4225080 52.2764 221.082
4230144 52.2764 221.246
4233289 52.2764 221.289
4234120 52.2764 221.296
4234251 52.2764 221.382
4235882 52.2764 221.432
4236847 52.2764 221.499
4238134 52.2764 221.82
4244269 52.2764 221.979
4247310 52.2764 222.31
4253649 52.2764 222.414
4255630 52.2764 222.576
4258728 52.2764 222.951
4265907 52.2764 223.039
4267587 52.2764 223.187
4270421 52.2764 223.249
4271607 52.2764 223.305
4272670 52.2764 223.418
4274833 52.2764 223.454
4275523 52.2764 223.528
4276935 52.2764 223.582
4277977 52.2764 223.741
4281022 52.2764 223.742
4281027 52.2764 223.828
4282681 52.2764 224.439
4294378 52.2764 224.609
4297621 52.2764 225.227
4309445 52.2764 225.233
4309556 52.2764 225.261
4310084 52.2764 225.262
4310113 52.2764 225.63
4317148 52.2764 226.008
4324373 52.2764 226.202
4328090 52.2764 226.228
4328598 52.2764 226.731
4338218 52.2764 227.119
4345644 52.2764 227.345
4349957 52.2764 227.696
4356668 52.2764 227.71
4356947 52.2764 228.195
4366219 52.2764 228.381
4369780 52.2764 228.511
4372262 52.2764 228.62
4374341 52.2764 229.11
4383726 52.2764 229.122
4383951 52.2764 229.227
4385968 52.2764 229.254
4386467 52.2764 229.288
4387125 52.2764 229.467
4390542 52.2764 229.499
4391169 52.2764 230.017
4401063 52.2764 230.302
4406521 52.2764 230.368
4407777 52.2764 230.374
4407901 52.2764 230.525
4410797 52.2764 230.548
4411229 52.2764 230.792
4415897 52.2764 231.045
4420740 52.2764 231.23
4424280 52.2764 231.378
4427112 52.2764 231.52
4429826 52.2764 231.631
4431939 52.2764 231.793
4435040 52.2764 231.818
4435529 52.2764 232.025
4439481 52.2764 232.33
4445318 52.2764 232.332
4445359 52.2764 232.348
4445651 52.2764 232.349
4445682 52.2764 232.371
4446109 52.2764 232.561
4449729 52.2764 232.626
4450976 52.2764 232.663
4451678 52.2764 232.786
4454048 52.2764 233.345
4464741 52.2764 233.396
4465709 52.2764 233.424
4466250 52.2764 233.452
4466781 52.2764 233.64
4470370 52.2764 233.682
4471178 52.2764 233.909
4475526 52.2764 233.985
4476966 52.2764 234.084
4478861 52.2764 234.116
4479479 52.2764 234.217
4481417 52.2764 234.533
4487450 52.2764 234.898
4494432 52.2764 235.002
4496426 52.2764 235.096
4498221 52.2764 235.418
4504394 52.2764 235.716
4510088 52.2764 235.731
4510367 52.2764 235.864
4512922 52.2764 235.879
4513204 52.2764 236.166
4518693 52.2764 236.229
4519905 52.2764 236.275
4520773 52.2764 236.333
4521890 52.2764 236.496
4525002 52.2764 236.738
4529628 52.2764 236.839
4531576 52.2764 236.884
4532436 52.2764 237.038
4535381 52.2764 237.416
4542608 52.2764 237.574
4545635 52.2764 237.648
4547041 52.2764 237.678
4547625 52.2764 237.918
4552213 52.2764 238.064
4555011 52.2764 238.117
4556025 52.2764 238.367
4560799 52.2764 238.526
4563840 52.2764 238.558
4564444 52.2764 239.167
4576099 52.2764 239.299
4578633 52.2764 239.456
4581631 52.2764 239.528
4582999 52.2764 239.686
4586028 52.2764 239.81
4588393 52.2764 239.903
4590178 52.2764 240.144
4594789 52.2764 240.313
4598027 52.2764 240.547
4602491 52.2764 240.654
4604539 52.2764 240.762
4606620 52.2764 240.844
4608183 52.2764 241.223
4615425 52.2764 241.728
4625086 52.2764 242.192
4633962 52.2764 242.379
4637553 52.2764 242.38
4637561 52.2764 242.448
4638857 52.2764 242.522
4640282 52.2764 242.549
4640788 52.2764 242.571
4641210 52.2764 242.622
4642194 52.2764 242.788
4645369 52.2764 242.872
4646969 52.2764 242.955
4648569 52.2764 242.982
4649086 52.2764 243.165
4652572 52.2764 243.21
4653449 52.2764 243.307
4655289 52.2764 243.499
4658976 52.2764 243.548
4659914 52.2764 243.581
4660541 52.2764 243.595
4660801 52.2764 243.613
4661143 52.2764 244.035
4669221 52.2764 244.041
4669328 52.2764 244.136
4671152 52.2764 244.233
4673018 52.2764 244.348
4675207 52.2764 244.457
4677285 52.2764 244.572
4679502 52.2764 244.593
4679897 52.2764 244.768
4683249 52.2764 244.791
4683680 52.2764 245.115
4689872 52.2764 245.153
4690599 52.2764 245.347
4694318 52.2764 245.401
4695358 52.2764 245.576
4698696 52.2764 245.594
4699036 52.2764 245.683
4700746 52.2764 245.95
4705851 52.2764 245.962
4706090 52.2764 246.104
4708794 52.2764 246.108
4708876 52.2764 246.166
4709983 52.2764 246.202
4710680 52.2764 246.207
4710775 52.2764 246.421
4714873 52.2764 246.72
4720589 52.2764 246.739
4720951 52.2764 246.815
4722395 52.2764 246.916
4724332 52.2764 247.064
4727170 52.2764 247.134
4728509 52.2764 247.162
4729036 52.2764 247.297
4731628 52.2764 247.388
4733361 52.2764 247.433
4734214 52.2764 247.648
4738332 52.2764 247.801
4741260 52.2764 247.821
4741639 52.2764 248.005
4745155 52.2764 248.048
4745979 52.2764 248.302
4750851 52.2764 248.347
4751699 52.2764 248.911
4762505 52.2764 248.915
4762568 52.2764 249.012
4764432 52.2764 249.089
4765907 52.2764 249.235
4768689 52.2764 249.539
4774501 52.2764 249.539
4774512 52.2764 249.549
4774708 52.2764 249.671
4777026 52.2764 249.765
4778825 52.2764 249.77
4778918 52.2764 249.779
4779099 52.2764 250.139
4785989 52.2764 250.207
4787283 52.2764 250.213
4787400 52.2764 250.398
4790944 52.2764 250.463
4792191 52.2764 250.557
4793973 52.2764 250.557
4793980 52.2764 250.742
4797516 52.2764 250.944
4801381 52.2764 250.955
4801599 52.2764 251.282
4807855 52.2764 251.297
4808131 52.2764 251.304
4808277 52.2764 251.416
4810415 52.2764 251.456
4811178 52.2764 251.473
4811497 52.2764 251.557
4813103 52.2764 251.739
4816589 52.2764 251.968
4820978 52.2764 251.982
4821249 52.2764 252.136
4824178 52.2764 252.197
4825355 52.2764 252.552
4832141 52.2764 252.707
4835102 52.2764 252.711
4835181 52.2764 252.867
4838167 52.2764 252.886
4838527 52.2764 253.052
4841716 52.2764 253.227
4845053 52.2764 253.304
4846530 52.2764 253.751
4855085 52.2764 254.226
4864170 52.2764 254.231
4864271 52.2764 254.336
4866272 52.2764 254.345
4866451 52.2764 254.41
4867693 52.2764 254.418
4867844 52.2764 254.679
4872837 52.2764 254.794
4875031 52.2764 254.794
4875039 52.2764 254.937
4877762 52.2764 254.941
4877852 52.2764 255.088
4880647 52.2764 255.168
4882181 52.2764 255.24
4883555 52.2764 255.284
4884398 52.2764 255.412
4886857 52.2764 255.932
4896805 52.2764 256.092
4899863 52.2764 256.154
4901052 52.2764 256.173
4901416 52.2764 256.211
4902145 52.2764 256.221
4902334 52.2764 256.629
4910140 52.2764 256.656
4910651 52.2764 256.94
4916077 52.2764 257.372
4924347 52.2764 257.379
4924483 52.2764 257.408
4925041 52.2764 257.49
4926596 52.2764 257.894
4934332 52.2764 257.962
4935634 52.2764 258.084
4937970 52.2764 258.166
4939533 52.2764 258.208
4940331 52.2764 258.247
4941080 52.2764 258.344
4942933 52.2764 258.354
4943123 52.2764 258.379
4943617 52.2764 258.585
4947555 52.2764 258.635
4948498 52.2764 259.57
4966396 52.2764 259.82
4971184 52.2764 260.014
4974888 52.2764 260.261
4979601 52.2764 260.292
4980212 52.2764 260.587
4985841 52.2764 260.667
4987376 52.2764 260.794
4989813 52.2764 261.239
