1200 71.1707 0.132876
3067 71.1707 0.576127
9295 71.1707 1.16834
17616 71.1707 1.37153
20471 71.1707 1.4484
21551 71.1707 1.47402
21911 71.1707 1.50455
22340 71.1707 2.20444
32174 71.1707 2.27355
33145 71.1707 2.54756
36995 71.1707 2.67794
38827 71.1707 2.7711
40136 71.1707 2.79893
40527 71.1707 3.17578
45822 71.1707 3.22752
46549 71.1707 3.8487
55277 71.1707 4.10377
58861 71.1707 4.6103
65978 71.1707 4.76986
68220 71.1707 5.0376
71982 71.1707 5.32898
76076 71.1707 5.5484
79159 71.1707 5.60377
79937 71.1707 5.61409
80082 71.1707 5.74469
81917 71.1707 6.22196
88623 71.1707 6.73303
95804 71.1707 6.73901
95888 71.1707 7.10889
101085 71.1707 7.49299
106482 71.1707 7.97439
113246 71.1707 8.29879
117804 71.1707 8.3084
117939 71.1707 8.39124
119103 71.1707 8.3916
119108 71.1707 8.49536
120566 71.1707 8.60867
122158 71.1707 9.08487
128849 71.1707 9.14757
129730 71.1707 9.19775
130435 71.1707 9.49118
134558 71.1707 9.78825
138732 71.1707 9.89643
140252 71.1707 10.0173
141951 71.1707 10.2451
145151 71.1707 10.4279
147720 71.1707 10.7586
152366 71.1707 10.7801
152668 71.1707 11.0433
156366 71.1707 11.3129
160154 71.1707 11.5136
162975 71.1707 11.9222
168716 71.1707 12.0419
170398 71.1707 12.2216
172922 71.1707 12.2819
173770 71.1707 12.3255
174382 71.1707 12.695
179574 71.1707 12.8661
181978 71.1707 13.0947
185190 71.1707 13.1074
185369 71.1707 13.6988
193678 71.1707 13.7399
194256 71.1707 13.9594
197340 71.1707 14.0601
198754 71.1707 14.1106
199464 71.1707 14.3474
202791 71.1707 14.6614
207203 71.1707 14.751
208462 71.1707 14.9999
211959 71.1707 15.0642
212863 71.1707 15.6173
220634 71.1707 16.2448
229451 71.1707 16.2686
229786 71.1707 16.3269
230605 71.1707 16.8762
238323 71.1707 17.181
242605 71.1707 17.2635
243764 71.1707 17.8814
252446 71.1707 17.9364
253220 71.1707 17.945
253340 71.1707 18.142
256108 71.1707 18.1735
256551 71.1707 18.5197
261415 71.1707 18.5254
261495 71.1707 18.8431
265959 71.1707 19.2942
272297 71.1707 19.5248
275538 71.1707 19.5297
275606 71.1707 19.6119
276761 71.1707 19.6142
276794 71.1707 19.742
278590 71.1707 20.1341
284098 71.1707 20.4333
288303 71.1707 20.595
290575 71.1707 20.9614
295723 71.1707 21.3395
301035 71.1707 21.4472
302548 71.1707 21.8994
308902 71.1707 21.8999
308909 71.1707 22.4004
315942 71.1707 22.4839
317115 71.1707 22.5499
318043 71.1707 22.9835
324135 71.1707 22.9861
324172 71.1707 23.1288
326177 71.1707 23.3364
329094 71.1707 23.6043
332857 71.1707 23.8247
335955 71.1707 23.8757
336671 71.1707 23.8984
336990 71.1707 23.9012
337029 71.1707 24.1079
339934 71.1707 24.4264
344408 71.1707 24.5357
345945 71.1707 24.5977
346816 71.1707 24.6936
348163 71.1707 24.7272
348635 71.1707 24.7947
349583 71.1707 25.0613
353329 71.1707 25.1752
354930 71.1707 25.1774
354961 71.1707 25.2201
355561 71.1707 25.51
359634 71.1707 25.5427
360094 71.1707 25.6436
361511 71.1707 25.7628
363186 71.1707 25.8247
364056 71.1707 26.0586
367342 71.1707 26.0907
367793 71.1707 26.1142
368124 71.1707 26.6108
375101 71.1707 27.0715
381574 71.1707 27.1165
382207 71.1707 27.37
385768 71.1707 28.0146
394826 71.1707 28.0926
395921 71.1707 28.1091
396153 71.1707 28.2474
398097 71.1707 28.3938
400154 71.1707 28.5212
401943 71.1707 28.6778
404144 71.1707 28.9629
408150 71.1707 29.2914
412765 71.1707 29.7676
419456 71.1707 29.8221
420222 71.1707 29.9223
421630 71.1707 29.9331
421782 71.1707 30.111
424282 71.1707 30.1237
424460 71.1707 30.1318
424573 71.1707 30.2982
426911 71.1707 30.3877
428169 71.1707 30.7188
432822 71.1707 30.7594
433392 71.1707 30.8885
435206 71.1707 31.16
439020 71.1707 31.3957
442332 71.1707 31.463
443278 71.1707 31.5256
444157 71.1707 31.5577
444608 71.1707 31.7248
446956 71.1707 31.7283
447005 71.1707 31.7646
447515 71.1707 32.2992
455027 71.1707 32.3079
455149 71.1707 32.5464
458500 71.1707 32.7204
460945 71.1707 33.1001
466281 71.1707 33.2315
468126 71.1707 33.3155
469307 71.1707 33.3715
470094 71.1707 33.7632
475598 71.1707 34.2429
482337 71.1707 34.3005
483147 71.1707 34.6944
488681 71.1707 34.7095
488893 71.1707 34.8521
490897 71.1707 35.1047
494447 71.1707 35.149
495069 71.1707 35.3652
498106 71.1707 35.8962
505568 71.1707 35.9054
505697 71.1707 36.318
511494 71.1707 36.4838
513824 71.1707 36.6237
515790 71.1707 37.1779
523577 71.1707 37.2871
525111 71.1707 37.6808
530643 71.1707 37.8353
532814 71.1707 38.2792
539050 71.1707 38.4901
542014 71.1707 38.9608
548628 71.1707 39.8174
560663 71.1707 39.9315
562267 71.1707 40.0532
563977 71.1707 40.0739
564267 71.1707 40.2059
566122 71.1707 40.2305
566467 71.1707 40.721
573359 71.1707 40.8326
574927 71.1707 40.845
575102 71.1707 40.9032
575919 71.1707 41.0424
577876 71.1707 41.0699
578262 71.1707 41.3678
582448 71.1707 41.5414
584887 71.1707 41.7548
587885 71.1707 41.8376
589048 71.1707 41.9179
590177 71.1707 42.0153
591545 71.1707 42.0674
592277 71.1707 42.1205
593023 71.1707 42.412
597120 71.1707 42.732
601615 71.1707 43.0171
605621 71.1707 43.2236
608523 71.1707 43.2992
609585 71.1707 43.492
612294 71.1707 43.868
617577 71.1707 44.4037
625104 71.1707 44.4246
625398 71.1707 44.4818
626202 71.1707 44.5123
626630 71.1707 45.1804
636018 71.1707 45.305
637768 71.1707 45.5166
640741 71.1707 45.5416
641092 71.1707 45.7253
643673 71.1707 45.8421
645315 71.1707 46.0218
647839 71.1707 46.4365
653667 71.1707 46.5141
654757 71.1707 46.6219
656271 71.1707 46.8116
658937 71.1707 46.8463
659424 71.1707 47.0166
661817 71.1707 47.0327
662043 71.1707 47.0716
662590 71.1707 47.4167
667439 71.1707 47.4562
667994 71.1707 47.8941
674147 71.1707 47.9409
674805 71.1707 48.1678
677993 71.1707 48.2512
679164 71.1707 48.5858
683866 71.1707 48.9292
688691 71.1707 49.2333
692963 71.1707 49.6962
699468 71.1707 49.7626
700401 71.1707 49.7867
700739 71.1707 50.1771
706225 71.1707 50.2782
707645 71.1707 51.0337
718261 71.1707 51.1441
719811 71.1707 51.1598
720032 71.1707 51.2884
721839 71.1707 51.4248
723755 71.1707 51.4264
723778 71.1707 51.553
725557 71.1707 51.6711
727217 71.1707 51.7548
728393 71.1707 51.8047
729093 71.1707 51.9298
730852 71.1707 51.9662
731363 71.1707 52.2698
735628 71.1707 52.3021
736082 71.1707 52.3631
736939 71.1707 52.7253
742028 71.1707 52.8435
743689 71.1707 53.4964
752863 71.1707 53.6361
754826 71.1707 53.975
759588 71.1707 54.1844
762530 71.1707 54.2124
762924 71.1707 54.4974
766928 71.1707 54.5277
767354 71.1707 54.9593
773418 71.1707 55.5798
782137 71.1707 55.5904
782285 71.1707 55.7795
784943 71.1707 55.989
787886 71.1707 56.2069
790947 71.1707 56.2157
791072 71.1707 56.7085
797995 71.1707 56.7887
799122 71.1707 57.235
805393 71.1707 57.3079
806418 71.1707 57.4547
808480 71.1707 57.473
808737 71.1707 57.5062
809204 71.1707 57.5809
810254 71.1707 57.902
814765 71.1707 57.9261
815104 71.1707 58.1839
818726 71.1707 58.3058
820439 71.1707 58.6045
824635 71.1707 58.7781
827075 71.1707 58.7883
827218 71.1707 58.8592
828215 71.1707 59.3101
834550 71.1707 59.7765
841103 71.1707 59.801
841448 71.1707 59.8158
841656 71.1707 60.1147
845855 71.1707 60.3303
848885 71.1707 60.7328
854540 71.1707 61.0204
858581 71.1707 61.8138
869728 71.1707 61.8417
870121 71.1707 61.947
871600 71.1707 62.0355
872844 71.1707 62.1444
874374 71.1707 62.3016
876582 71.1707 62.9715
885995 71.1707 63.0957
887741 71.1707 63.2398
889765 71.1707 63.4157
892236 71.1707 63.4433
892624 71.1707 63.7974
897599 71.1707 63.9782
900140 71.1707 64.005
900516 71.1707 64.1815
902997 71.1707 64.2683
904216 71.1707 64.5423
908066 71.1707 65.245
917939 71.1707 65.3314
919153 71.1707 65.4904
921388 71.1707 65.5125
921698 71.1707 65.562
922393 71.1707 65.6254
923284 71.1707 66.0119
928715 71.1707 66.2715
932362 71.1707 66.2853
932557 71.1707 66.3224
933078 71.1707 66.3837
933939 71.1707 66.5606
936425 71.1707 66.7342
938864 71.1707 66.7586
939207 71.1707 66.7628
939266 71.1707 66.9212
941491 71.1707 66.9858
942399 71.1707 67.0585
943420 71.1707 67.0745
943645 71.1707 67.1753
945062 71.1707 67.252
946140 71.1707 67.4343
948701 71.1707 67.6715
952034 71.1707 68.6928
966384 71.1707 68.8378
968421 71.1707 69.1823
973262 71.1707 69.475
977374 71.1707 69.4843
977505 71.1707 69.7464
981188 71.1707 69.7484
981215 71.1707 69.795
981871 71.1707 69.817
982179 71.1707 70.0459
985395 71.1707 70.1676
987106 71.1707 70.4377
990901 71.1707 70.9096
997531 71.1707 71.0846
999990 71.1707 71.4072
1004523 71.1707 72.1846
1015446 71.1707 72.7711
1023686 71.1707 72.7849
1023880 71.1707 73.0484
1027583 71.1707 73.09
1028167 71.1707 73.1414
1028889 71.1707 73.2957
1031058 71.1707 73.3314
1031560 71.1707 73.4423
1033117 71.1707 73.4852
1033721 71.1707 73.8156
1038362 71.1707 73.8276
1038531 71.1707 73.9363
1040058 71.1707 74.0085
1041073 71.1707 74.1021
1042388 71.1707 74.1952
1043697 71.1707 74.2532
1044511 71.1707 74.6338
1049859 71.1707 74.6559
1050169 71.1707 74.7328
1051250 71.1707 75.2748
1058866 71.1707 75.3152
1059433 71.1707 75.3887
1060466 71.1707 75.7808
1065975 71.1707 75.897
1067608 71.1707 75.8995
1067643 71.1707 76.2035
1071915 71.1707 76.2151
1072078 71.1707 76.738
1079425 71.1707 76.7981
1080269 71.1707 76.9945
1083028 71.1707 77.0096
1083240 71.1707 77.0572
1083909 71.1707 77.2966
1087273 71.1707 77.6225
1091853 71.1707 77.7474
1093608 71.1707 77.8689
1095315 71.1707 77.8966
1095704 71.1707 78.0138
1097351 71.1707 78.1617
1099428 71.1707 78.1934
1099874 71.1707 78.2467
1100623 71.1707 78.4026
1102813 71.1707 79.0968
1112567 71.1707 79.1072
1112713 71.1707 79.1284
1113011 71.1707 79.207
1114116 71.1707 79.3185
1115682 71.1707 79.3874
1116651 71.1707 79.5964
1119587 71.1707 80.0159
1125482 71.1707 80.1237
1126996 71.1707 80.1342
1127144 71.1707 80.257
1128869 71.1707 80.4675
1131826 71.1707 80.5776
1133374 71.1707 80.6481
1134364 71.1707 80.7299
1135514 71.1707 80.8162
1136726 71.1707 81.4685
1145891 71.1707 81.5915
1147619 71.1707 82.0094
1153492 71.1707 82.3451
1158208 71.1707 82.4627
1159861 71.1707 82.7194
1163468 71.1707 83.2832
1171390 71.1707 83.339
1172174 71.1707 84.2973
1185638 71.1707 84.461
1187938 71.1707 85.812
1206921 71.1707 85.8243
1207093 71.1707 85.8249
1207102 71.1707 86.353
1214522 71.1707 86.3968
1215137 71.1707 86.5624
1217464 71.1707 86.5722
1217602 71.1707 86.5903
1217857 71.1707 86.6993
1219388 71.1707 86.7572
1220202 71.1707 86.9618
1223077 71.1707 87.3582
1228646 71.1707 87.5374
1231164 71.1707 87.6499
1232744 71.1707 87.7233
1233776 71.1707 87.8139
1235049 71.1707 87.8463
1235504 71.1707 87.8464
1235505 71.1707 88.2326
1240932 71.1707 88.2704
1241463 71.1707 88.3528
1242621 71.1707 88.6559
1246880 71.1707 89.2219
1254832 71.1707 89.4631
1258222 71.1707 89.7934
1262862 71.1707 89.8269
1263333 71.1707 90.3101
1270123 71.1707 90.4121
1271555 71.1707 90.5391
1273340 71.1707 90.6076
1274303 71.1707 90.8268
1277382 71.1707 90.9134
1278599 71.1707 91.032
1280266 71.1707 91.3013
1284049 71.1707 91.5272
1287223 71.1707 91.9133
1292649 71.1707 91.9714
1293465 71.1707 91.9877
1293694 71.1707 92.3593
1298915 71.1707 92.5012
1300909 71.1707 93.0907
1309192 71.1707 93.3863
1313345 71.1707 93.9737
1321599 71.1707 94.34
1326746 71.1707 94.5416
1329578 71.1707 94.7738
1332840 71.1707 94.8328
1333670 71.1707 95.1396
1337980 71.1707 95.1409
1337999 71.1707 95.1678
1338377 71.1707 95.5027
1343082 71.1707 95.9266
1349038 71.1707 96.0088
1350193 71.1707 96.1559
1352260 71.1707 96.4994
1357087 71.1707 96.6367
1359016 71.1707 96.7689
1360873 71.1707 97.0854
1365320 71.1707 97.1418
1366112 71.1707 97.2482
1367608 71.1707 97.3121
1368506 71.1707 97.3753
1369394 71.1707 97.5012
1371163 71.1707 97.5953
1372485 71.1707 97.6119
1372718 71.1707 98.3441
1383006 71.1707 98.3709
1383382 71.1707 98.7373
1388530 71.1707 99.5011
1399263 71.1707 99.7812
1403198 71.1707 100.099
1407659 71.1707 100.782
1417257 71.1707 100.832
1417958 71.1707 100.836
1418021 71.1707 101.082
1421476 71.1707 101.375
1425599 71.1707 101.674
1429789 71.1707 102.249
1437875 71.1707 102.509
1441532 71.1707 102.714
1444412 71.1707 102.747
1444870 71.1707 102.839
1446169 71.1707 103.288
1452472 71.1707 103.481
1455183 71.1707 103.6
1456853 71.1707 103.745
1458890 71.1707 104.037
1462989 71.1707 104.156
1464668 71.1707 104.157
1464681 71.1707 104.479
1469203 71.1707 105.325
1481087 71.1707 105.437
1482663 71.1707 105.538
1484079 71.1707 105.712
1486534 71.1707 105.924
1489505 71.1707 105.966
1490094 71.1707 106.307
1494894 71.1707 106.567
1498538 71.1707 106.76
1501250 71.1707 107.034
1505104 71.1707 107.359
1509674 71.1707 107.443
1510853 71.1707 107.514
1511850 71.1707 107.641
1513637 71.1707 107.648
1513733 71.1707 107.67
1514040 71.1707 107.765
1515383 71.1707 107.907
1517378 71.1707 108.242
1522080 71.1707 108.341
1523471 71.1707 108.37
1523882 71.1707 108.775
1529565 71.1707 108.832
1530362 71.1707 110.009
1546902 71.1707 110.059
1547602 71.1707 110.901
1559443 71.1707 111
1560835 71.1707 111.155
1563008 71.1707 111.183
1563397 71.1707 111.427
1566830 71.1707 111.77
1571645 71.1707 111.837
1572590 71.1707 112.247
1578355 71.1707 112.383
1580262 71.1707 112.494
1581825 71.1707 112.572
1582924 71.1707 112.755
1585489 71.1707 112.999
1588923 71.1707 113.209
1591875 71.1707 113.314
1593348 71.1707 113.323
1593465 71.1707 113.339
1593697 71.1707 113.447
1595216 71.1707 113.633
1597829 71.1707 113.718
1599021 71.1707 113.83
1600596 71.1707 113.901
1601595 71.1707 114.323
1607522 71.1707 114.49
1609869 71.1707 114.708
1612933 71.1707 115.049
1617718 71.1707 115.075
1618091 71.1707 115.157
1619233 71.1707 115.161
1619300 71.1707 115.766
1627798 71.1707 116.184
1633666 71.1707 116.206
1633984 71.1707 116.241
1634468 71.1707 116.269
1634867 71.1707 116.396
1636647 71.1707 116.533
1638577 71.1707 116.651
1640227 71.1707 116.672
1640526 71.1707 116.686
1640717 71.1707 116.833
1642783 71.1707 116.888
1643561 71.1707 117.079
1646248 71.1707 117.608
1653678 71.1707 118.638
1668149 71.1707 118.816
1670644 71.1707 119.02
1673513 71.1707 119.443
1679465 71.1707 119.612
1681839 71.1707 119.855
1685256 71.1707 120.051
1688004 71.1707 120.088
1688520 71.1707 120.904
1699989 71.1707 120.918
1700192 71.1707 121.146
1703395 71.1707 121.164
1703640 71.1707 121.846
1713229 71.1707 121.911
1714143 71.1707 122.305
1719668 71.1707 122.346
1720252 71.1707 122.455
1721785 71.1707 122.562
1723288 71.1707 123.107
1730940 71.1707 123.123
1731170 71.1707 123.321
1733948 71.1707 123.323
1733982 71.1707 123.583
1737630 71.1707 124.047
1744149 71.1707 124.473
1750135 71.1707 125.187
1760172 71.1707 125.272
1761360 71.1707 125.374
1762792 71.1707 125.387
1762979 71.1707 125.564
1765471 71.1707 125.808
1768896 71.1707 126.19
1774258 71.1707 126.212
1774567 71.1707 126.256
1775183 71.1707 126.263
1775286 71.1707 126.29
1775670 71.1707 126.292
1775690 71.1707 126.461
1778063 71.1707 127.078
1786743 71.1707 127.48
1792390 71.1707 127.515
1792878 71.1707 127.661
1794935 71.1707 128.11
1801235 71.1707 128.384
1805085 71.1707 128.603
1808163 71.1707 128.777
1810606 71.1707 128.79
1810796 71.1707 128.993
1813651 71.1707 129.083
1814907 71.1707 129.176
1816210 71.1707 129.22
1816828 71.1707 129.287
1817780 71.1707 129.752
1824312 71.1707 130.064
1828697 71.1707 130.279
1831709 71.1707 130.306
1832089 71.1707 130.574
1835860 71.1707 130.574
1835866 71.1707 130.864
1839932 71.1707 131.081
1842980 71.1707 131.255
1845425 71.1707 131.316
1846290 71.1707 131.649
1850958 71.1707 131.95
1855191 71.1707 131.951
1855203 71.1707 132.051
1856618 71.1707 132.141
1857874 71.1707 132.418
1861772 71.1707 132.468
1862467 71.1707 132.554
1863679 71.1707 132.635
1864818 71.1707 132.742
1866327 71.1707 133.079
1871056 71.1707 133.126
1871719 71.1707 133.149
1872033 71.1707 133.707
1879887 71.1707 133.994
1883909 71.1707 134.333
1888670 71.1707 134.78
1894951 71.1707 134.948
1897319 71.1707 135.019
1898314 71.1707 135.238
1901392 71.1707 135.253
1901606 71.1707 135.535
1905570 71.1707 135.828
1909688 71.1707 135.905
1910769 71.1707 136.169
1914480 71.1707 136.173
1914528 71.1707 136.3
1916312 71.1707 136.363
1917192 71.1707 136.462
1918586 71.1707 136.546
1919767 71.1707 136.783
1923102 71.1707 136.912
1924916 71.1707 137.049
1926842 71.1707 137.779
1937088 71.1707 137.979
1939907 71.1707 138.195
1942934 71.1707 138.689
1949878 71.1707 138.698
1950006 71.1707 138.851
1952162 71.1707 138.854
1952202 71.1707 139.223
1957385 71.1707 139.296
1958416 71.1707 139.427
1960244 71.1707 139.478
1960973 71.1707 139.833
1965955 71.1707 139.847
1966145 71.1707 140.344
1973135 71.1707 140.5
1975328 71.1707 140.902
1980981 71.1707 141.611
1990937 71.1707 142.074
1997444 71.1707 142.115
1998019 71.1707 142.173
1998827 71.1707 142.25
1999920 71.1707 142.258
2000032 71.1707 143.062
2011326 71.1707 143.524
2017822 71.1707 143.585
2018678 71.1707 143.682
2020037 71.1707 143.699
2020280 71.1707 143.776
2021356 71.1707 143.985
2024288 71.1707 144.391
2029999 71.1707 145.031
2038985 71.1707 145.158
2040777 71.1707 145.175
2041020 71.1707 145.203
2041414 71.1707 145.43
2044598 71.1707 145.526
2045940 71.1707 145.593
2046884 71.1707 145.684
2048164 71.1707 145.769
2049367 71.1707 145.871
2050787 71.1707 146.061
2053466 71.1707 146.138
2054540 71.1707 146.169
2054985 71.1707 146.265
2056333 71.1707 146.939
2065806 71.1707 147.524
2074015 71.1707 148.044
2081327 71.1707 148.12
2082395 71.1707 148.316
2085148 71.1707 148.401
2086344 71.1707 148.457
2087125 71.1707 148.676
2090202 71.1707 149.215
2097775 71.1707 149.264
2098470 71.1707 149.411
2100532 71.1707 150.223
2111935 71.1707 150.852
2120777 71.1707 151.18
2125385 71.1707 151.395
2128404 71.1707 151.564
2130784 71.1707 151.779
2133801 71.1707 151.839
2134643 71.1707 152.281
2140853 71.1707 152.497
2143898 71.1707 152.768
2147708 71.1707 153.484
2157767 71.1707 153.703
2160832 71.1707 154.168
2167375 71.1707 154.413
2170810 71.1707 154.413
2170811 71.1707 154.777
2175925 71.1707 155.026
2179423 71.1707 155.233
2182334 71.1707 155.437
2185206 71.1707 156.102
2194548 71.1707 156.403
2198778 71.1707 156.484
2199918 71.1707 156.767
2203895 71.1707 156.779
2204058 71.1707 157.431
2213216 71.1707 157.826
2218769 71.1707 157.892
2219692 71.1707 158.129
2223029 71.1707 158.447
2227489 71.1707 158.509
2228364 71.1707 158.719
2231313 71.1707 158.862
2233324 71.1707 158.928
2234256 71.1707 159.278
2239173 71.1707 159.362
2240347 71.1707 159.417
2241129 71.1707 159.419
2241146 71.1707 159.435
2241371 71.1707 159.571
2243291 71.1707 159.619
2243957 71.1707 159.633
2244160 71.1707 160.075
2250376 71.1707 160.37
2254509 71.1707 160.431
2255366 71.1707 160.61
2257881 71.1707 160.689
2259002 71.1707 161.262
2267044 71.1707 161.298
2267555 71.1707 161.609
2271919 71.1707 162.376
2282698 71.1707 162.552
2285177 71.1707 162.894
2289973 71.1707 163.333
2296145 71.1707 163.361
2296537 71.1707 163.372
2296701 71.1707 163.374
2296717 71.1707 163.536
2299000 71.1707 163.779
2302414 71.1707 163.864
2303614 71.1707 163.905
2304179 71.1707 164.265
2309245 71.1707 164.282
2309480 71.1707 164.365
2310654 71.1707 164.417
2311371 71.1707 164.633
2314416 71.1707 164.973
2319189 71.1707 165.426
2325555 71.1707 165.487
2326406 71.1707 165.816
2331032 71.1707 165.935
2332701 71.1707 165.968
2333168 71.1707 166.215
2336641 71.1707 166.416
2339460 71.1707 166.553
2341393 71.1707 167.259
2351307 71.1707 167.591
2355980 71.1707 167.796
2358861 71.1707 168.016
2361953 71.1707 168.213
2364718 71.1707 168.331
2366375 71.1707 168.354
2366690 71.1707 168.423
2367664 71.1707 168.749
2372241 71.1707 169.049
2376466 71.1707 169.105
2377245 71.1707 169.541
2383379 71.1707 170.1
2391227 71.1707 170.256
2393415 71.1707 170.33
2394462 71.1707 170.421
2395736 71.1707 170.987
2403696 71.1707 171.277
2407763 71.1707 171.388
2409329 71.1707 171.651
2413014 71.1707 171.86
2415961 71.1707 171.933
2416980 71.1707 172.493
2424855 71.1707 172.546
2425591 71.1707 172.548
2425626 71.1707 173.022
2432289 71.1707 173.108
2433493 71.1707 173.295
2436117 71.1707 173.395
2437530 71.1707 173.755
2442589 71.1707 173.815
2443433 71.1707 174.068
2446977 71.1707 174.137
2447954 71.1707 174.367
2451184 71.1707 175.007
2460172 71.1707 175.447
2466356 71.1707 175.93
2473146 71.1707 176.016
2474347 71.1707 176.556
2481933 71.1707 176.801
2485384 71.1707 177.468
2494748 71.1707 177.607
2496706 71.1707 177.775
2499063 71.1707 178.438
2508383 71.1707 178.485
2509048 71.1707 178.508
2509360 71.1707 178.724
2512396 71.1707 178.86
2514310 71.1707 179.254
2519854 71.1707 179.572
2524322 71.1707 179.725
2526468 71.1707 180.063
2531215 71.1707 180.071
2531330 71.1707 180.093
2531640 71.1707 180.646
2539414 71.1707 181.655
2553586 71.1707 181.924
2557357 71.1707 182.203
2561285 71.1707 182.229
2561654 71.1707 182.654
2567628 71.1707 182.789
2569522 71.1707 182.965
2571992 71.1707 183.014
2572684 71.1707 183.225
2575640 71.1707 183.294
2576615 71.1707 183.373
2577727 71.1707 183.416
2578326 71.1707 183.536
2580013 71.1707 183.809
2583850 71.1707 183.912
2585298 71.1707 183.941
2585711 71.1707 184.542
2594142 71.1707 184.856
2598565 71.1707 184.865
2598694 71.1707 185.222
2603700 71.1707 185.502
2607643 71.1707 185.616
2609236 71.1707 185.729
2610823 71.1707 185.771
2611414 71.1707 185.818
2612074 71.1707 186.182
2617193 71.1707 186.784
2625647 71.1707 186.855
2626652 71.1707 186.94
2627840 71.1707 187.274
2632537 71.1707 187.413
2634484 71.1707 187.616
2637334 71.1707 187.616
2637344 71.1707 187.879
2641040 71.1707 187.9
2641331 71.1707 188.275
2646606 71.1707 188.401
2648373 71.1707 188.494
2649680 71.1707 188.52
2650045 71.1707 188.578
2650855 71.1707 188.584
2650941 71.1707 188.598
2651144 71.1707 189.318
2661257 71.1707 189.375
2662057 71.1707 189.688
2666448 71.1707 189.737
2667136 71.1707 189.892
2669317 71.1707 189.97
2670420 71.1707 190.542
2678460 71.1707 191.149
2686982 71.1707 191.175
2687349 71.1707 191.278
2688792 71.1707 191.456
2691301 71.1707 191.669
2694293 71.1707 191.696
2694674 71.1707 191.737
2695241 71.1707 191.82
2696417 71.1707 191.858
2696944 71.1707 192.835
2710669 71.1707 193.247
2716465 71.1707 193.411
2718768 71.1707 193.904
2725686 71.1707 194.465
2733571 71.1707 194.617
2735706 71.1707 194.788
2738117 71.1707 195.159
2743322 71.1707 195.232
2744356 71.1707 195.35
2746010 71.1707 195.434
2747195 71.1707 195.704
2750981 71.1707 196.036
2755646 71.1707 196.217
2758195 71.1707 196.348
2760037 71.1707 196.421
2761056 71.1707 196.532
2762611 71.1707 197.064
2770088 71.1707 197.455
2775585 71.1707 197.717
2779271 71.1707 198.278
2787152 71.1707 198.578
2791369 71.1707 198.778
2794168 71.1707 198.778
2794177 71.1707 198.922
2796200 71.1707 198.988
2797127 71.1707 199.406
2803001 71.1707 199.424
2803257 71.1707 199.533
2804779 71.1707 199.656
2806516 71.1707 199.862
2809412 71.1707 200.259
2814985 71.1707 200.832
2823035 71.1707 200.849
2823268 71.1707 200.897
2823947 71.1707 200.981
2825133 71.1707 201.008
2825512 71.1707 201.49
2832286 71.1707 201.523
2832743 71.1707 201.568
2833374 71.1707 201.625
2834184 71.1707 202.036
2839954 71.1707 202.067
2840387 71.1707 202.261
2843114 71.1707 202.332
2844107 71.1707 202.417
2845307 71.1707 202.525
2846820 71.1707 202.546
2847113 71.1707 202.591
2847744 71.1707 202.659
2848707 71.1707 202.881
2851819 71.1707 202.988
2853327 71.1707 203.008
2853610 71.1707 203.069
2854469 71.1707 203.236
2856816 71.1707 203.956
2866924 71.1707 204.23
2870774 71.1707 204.417
2873409 71.1707 204.61
2876115 71.1707 204.727
2877760 71.1707 204.817
2879023 71.1707 205.329
2886227 71.1707 205.582
2889776 71.1707 205.867
2893780 71.1707 206.033
2896107 71.1707 206.087
2896874 71.1707 206.468
2902221 71.1707 206.625
2904432 71.1707 206.785
2906679 71.1707 206.867
2907831 71.1707 207.293
2913814 71.1707 207.323
2914236 71.1707 207.427
2915697 71.1707 207.556
2917510 71.1707 207.613
2918309 71.1707 207.858
2921754 71.1707 207.897
2922308 71.1707 207.917
2922591 71.1707 208.068
2924701 71.1707 208.099
2925138 71.1707 208.3
2927965 71.1707 208.424
2929710 71.1707 208.551
2931496 71.1707 208.72
2933864 71.1707 209.087
2939019 71.1707 209.233
2941077 71.1707 209.278
2941710 71.1707 209.515
2945036 71.1707 209.712
2947804 71.1707 209.901
2950456 71.1707 210.217
2954907 71.1707 210.369
2957041 71.1707 210.388
2957300 71.1707 210.399
2957460 71.1707 210.569
2959843 71.1707 210.783
2962854 71.1707 210.872
2964104 71.1707 210.961
2965349 71.1707 211.356
2970902 71.1707 211.677
2975415 71.1707 211.985
2979747 71.1707 211.99
2979808 71.1707 212.274
2983801 71.1707 212.548
2987648 71.1707 212.589
2988224 71.1707 212.659
2989212 71.1707 212.799
2991174 71.1707 212.818
2991441 71.1707 212.848
2991863 71.1707 212.959
2993422 71.1707 213.229
2997224 71.1707 213.408
2999731 71.1707 213.611
3002592 71.1707 213.641
3003014 71.1707 213.7
3003836 71.1707 214.066
3008982 71.1707 214.098
3009432 71.1707 214.197
3010829 71.1707 214.407
3013776 71.1707 214.412
3013838 71.1707 214.414
3013867 71.1707 215.004
3022166 71.1707 215.178
3024610 71.1707 215.196
3024856 71.1707 215.415
3027942 71.1707 215.424
3028058 71.1707 215.525
3029481 71.1707 215.845
3033978 71.1707 216.016
3036381 71.1707 216.135
3038054 71.1707 216.177
3038649 71.1707 216.18
3038681 71.1707 216.351
3041092 71.1707 217.009
3050334 71.1707 217.06
3051045 71.1707 217.088
3051447 71.1707 217.31
3054566 71.1707 217.629
3059039 71.1707 217.854
3062206 71.1707 218.611
3072847 71.1707 218.657
3073484 71.1707 218.709
3074214 71.1707 218.821
3075791 71.1707 219.046
3078961 71.1707 219.293
3082430 71.1707 219.471
3084920 71.1707 219.673
3087765 71.1707 219.678
3087833 71.1707 219.706
3088235 71.1707 219.749
3088834 71.1707 219.826
3089909 71.1707 219.877
3090634 71.1707 219.945
3091585 71.1707 220.009
3092492 71.1707 220.025
3092716 71.1707 220.342
3097170 71.1707 220.684
3101965 71.1707 221.058
3107232 71.1707 221.064
3107306 71.1707 221.165
3108723 71.1707 221.347
3111285 71.1707 221.407
3112129 71.1707 221.428
3112426 71.1707 221.546
3114084 71.1707 221.583
3114605 71.1707 221.638
3115368 71.1707 221.848
3118320 71.1707 222.14
3122434 71.1707 222.63
3129317 71.1707 222.771
3131290 71.1707 222.814
3131900 71.1707 222.838
3132239 71.1707 222.905
3133170 71.1707 222.967
3134041 71.1707 222.979
3134221 71.1707 223.302
3138751 71.1707 223.368
3139683 71.1707 223.649
3143636 71.1707 223.65
3143644 71.1707 223.66
3143779 71.1707 223.881
3146894 71.1707 224.245
3152000 71.1707 224.276
3152446 71.1707 224.51
3155733 71.1707 225.189
3165266 71.1707 225.328
3167226 71.1707 225.339
3167375 71.1707 225.692
3172338 71.1707 225.82
3174131 71.1707 226.059
3177487 71.1707 226.088
3177905 71.1707 226.186
3179281 71.1707 226.187
3179289 71.1707 226.296
3180822 71.1707 226.313
3181067 71.1707 226.589
3184944 71.1707 226.795
3187834 71.1707 226.798
3187870 71.1707 227.254
3194288 71.1707 227.475
3197390 71.1707 227.558
3198549 71.1707 228.392
3210279 71.1707 228.621
3213490 71.1707 228.64
3213762 71.1707 228.907
3217506 71.1707 229.092
3220103 71.1707 229.18
3221346 71.1707 229.27
3222605 71.1707 229.459
3225266 71.1707 229.658
3228062 71.1707 229.717
3228889 71.1707 231.018
3247169 71.1707 231.625
3255698 71.1707 231.637
3255863 71.1707 231.836
3258657 71.1707 231.946
3260206 71.1707 232.106
3262462 71.1707 232.233
3264247 71.1707 232.595
3269322 71.1707 232.792
3272094 71.1707 232.976
3274679 71.1707 233.069
3275991 71.1707 233.782
3286002 71.1707 233.812
3286434 71.1707 233.851
3286981 71.1707 234.058
3289891 71.1707 234.327
3293664 71.1707 234.484
3295875 71.1707 234.506
3296178 71.1707 234.866
3301243 71.1707 234.938
3302252 71.1707 235.063
3303999 71.1707 235.086
3304323 71.1707 235.647
3312217 71.1707 235.672
3312568 71.1707 235.738
3313493 71.1707 235.847
3315015 71.1707 236.199
3319972 71.1707 236.298
3321355 71.1707 237.586
3339456 71.1707 237.615
3339867 71.1707 237.646
3340304 71.1707 237.914
3344058 71.1707 238.609
3353829 71.1707 238.757
3355907 71.1707 238.78
3356235 71.1707 238.833
3356979 71.1707 238.913
3358106 71.1707 239.021
3359616 71.1707 239.081
3360456 71.1707 239.652
3368479 71.1707 239.887
3371793 71.1707 239.978
3373062 71.1707 240.206
3376275 71.1707 240.686
3383015 71.1707 240.761
3384067 71.1707 240.85
3385320 71.1707 241.058
3388238 71.1707 241.146
3389478 71.1707 241.186
3390040 71.1707 241.19
3390095 71.1707 241.361
3392495 71.1707 241.363
3392522 71.1707 241.528
3394842 71.1707 241.814
3398861 71.1707 241.856
3399447 71.1707 242.061
3402336 71.1707 242.131
3403315 71.1707 242.223
3404605 71.1707 242.978
3415214 71.1707 243.285
3419530 71.1707 243.372
3420749 71.1707 243.381
3420877 71.1707 244.004
3429635 71.1707 244.08
3430699 71.1707 244.162
3431855 71.1707 244.339
3434335 71.1707 244.895
3442156 71.1707 244.924
3442555 71.1707 245.079
3444743 71.1707 245.118
3445286 71.1707 245.718
3453713 71.1707 245.725
3453821 71.1707 245.967
3457221 71.1707 246.085
3458868 71.1707 246.348
3462569 71.1707 246.393
3463197 71.1707 246.546
3465355 71.1707 246.708
3467623 71.1707 247.115
3473340 71.1707 247.287
3475767 71.1707 247.436
3477856 71.1707 247.66
3481002 71.1707 247.764
3482466 71.1707 247.885
3484165 71.1707 247.901
3484383 71.1707 248.03
3486201 71.1707 248.171
3488176 71.1707 248.225
3488946 71.1707 248.307
3490096 71.1707 248.538
3493346 71.1707 248.743
3496223 71.1707 249.073
3500861 71.1707 249.193
3502545 71.1707 249.222
3502950 71.1707 249.229
3503054 71.1707 249.581
3507997 71.1707 249.657
3509059 71.1707 249.729
3510075 71.1707 249.788
3510908 71.1707 249.803
3511115 71.1707 250.21
3516831 71.1707 250.229
3517097 71.1707 250.79
3524985 71.1707 250.945
3527159 71.1707 251.441
3534131 71.1707 251.512
3535126 71.1707 251.811
3539329 71.1707 251.948
3541254 71.1707 252.164
3544282 71.1707 252.218
3545040 71.1707 252.553
3549747 71.1707 252.598
3550391 71.1707 252.675
3551472 71.1707 252.755
3552590 71.1707 253.084
3557219 71.1707 253.129
3557850 71.1707 253.169
3558404 71.1707 254.066
3571006 71.1707 254.115
3571696 71.1707 254.255
3573666 71.1707 254.341
3574875 71.1707 254.672
3579523 71.1707 254.829
3581728 71.1707 254.83
3581751 71.1707 254.848
3581994 71.1707 254.947
3583397 71.1707 255.236
3587451 71.1707 255.284
3588119 71.1707 255.558
3591974 71.1707 255.586
3592362 71.1707 255.61
3592700 71.1707 255.636
3593072 71.1707 255.71
3594116 71.1707 255.95
3597478 71.1707 256.433
3604270 71.1707 256.515
3605424 71.1707 256.565
3606127 71.1707 256.637
3607137 71.1707 257.432
3618302 71.1707 257.513
3619441 71.1707 257.557
3620060 71.1707 257.568
3620224 71.1707 257.739
3622616 71.1707 257.769
3623047 71.1707 258.391
3631775 71.1707 258.941
3639503 71.1707 259.106
3641823 71.1707 259.29
3644418 71.1707 260.085
3655585 71.1707 260.538
3661945 71.1707 260.705
3664291 71.1707 260.766
3665150 71.1707 261.028
3668833 71.1707 261.186
3671046 71.1707 261.677
3677953 71.1707 261.908
3681193 71.1707 261.998
3682458 71.1707 262.109
3684021 71.1707 262.516
3689747 71.1707 262.61
3691055 71.1707 262.718
3692579 71.1707 263.018
3696791 71.1707 263.316
3700979 71.1707 263.325
3701107 71.1707 263.37
3701743 71.1707 263.836
3708280 71.1707 263.867
3708723 71.1707 264.177
3713075 71.1707 264.208
3713514 71.1707 264.258
3714223 71.1707 264.601
3719042 71.1707 264.848
3722500 71.1707 264.873
3722855 71.1707 265
3724647 71.1707 265.826
3736244 71.1707 265.941
3737861 71.1707 266.067
3739638 71.1707 266.312
3743073 71.1707 266.314
3743102 71.1707 266.321
3743202 71.1707 266.461
3745167 71.1707 266.646
3747772 71.1707 266.757
3749323 71.1707 266.772
3749538 71.1707 267.249
3756248 71.1707 267.285
3756750 71.1707 267.369
3757932 71.1707 267.941
3765962 71.1707 268.249
3770293 71.1707 268.269
3770572 71.1707 268.352
3771743 71.1707 268.487
3773641 71.1707 268.681
3776362 71.1707 268.986
3780650 71.1707 269.187
3783470 71.1707 269.228
3784051 71.1707 269.437
3786988 71.1707 269.574
3788909 71.1707 269.583
3789034 71.1707 269.618
3789524 71.1707 269.94
3794046 71.1707 270.377
3800193 71.1707 270.672
3804344 71.1707 271.122
3810666 71.1707 271.294
3813075 71.1707 271.782
3819935 71.1707 272.158
3825217 71.1707 272.381
3828350 71.1707 272.721
3833121 71.1707 272.857
3835035 71.1707 273.013
3837230 71.1707 273.295
3841194 71.1707 273.495
3844001 71.1707 273.67
3846462 71.1707 273.782
3848036 71.1707 273.805
3848357 71.1707 274.428
3857119 71.1707 274.681
3860663 71.1707 274.692
3860826 71.1707 274.793
3862246 71.1707 274.806
3862421 71.1707 274.812
3862502 71.1707 275.396
3870718 71.1707 275.623
3873903 71.1707 276.087
3880416 71.1707 276.302
3883438 71.1707 276.345
3884041 71.1707 276.754
3889792 71.1707 277.357
3898260 71.1707 277.468
3899826 71.1707 277.679
3902786 71.1707 277.75
3903789 71.1707 277.97
3906880 71.1707 278.022
3907605 71.1707 278.036
3907811 71.1707 278.069
3908272 71.1707 278.155
3909479 71.1707 278.368
3912471 71.1707 278.562
3915194 71.1707 279.089
3922601 71.1707 279.136
3923267 71.1707 279.439
3927517 71.1707 279.472
3927990 71.1707 280.349
3940310 71.1707 280.446
3941664 71.1707 281.017
3949690 71.1707 281.19
3952125 71.1707 281.405
3955140 71.1707 281.708
3959397 71.1707 281.724
3959625 71.1707 282.449
3969811 71.1707 282.698
3973310 71.1707 283.095
3978889 71.1707 283.479
3984289 71.1707 283.577
3985663 71.1707 283.68
3987111 71.1707 283.93
3990621 71.1707 284.248
3995092 71.1707 284.305
3995889 71.1707 284.376
3996893 71.1707 284.392
3997115 71.1707 284.515
3998838 71.1707 284.711
4001599 71.1707 284.864
4003744 71.1707 284.875
4003896 71.1707 284.921
4004542 71.1707 285.001
4005672 71.1707 285.177
4008145 71.1707 285.202
4008495 71.1707 285.567
4013626 71.1707 285.583
4013850 71.1707 285.74
4016052 71.1707 285.785
4016685 71.1707 285.816
4017119 71.1707 285.961
4019153 71.1707 286.075
4020767 71.1707 286.084
4020882 71.1707 287.161
4036026 71.1707 287.223
4036895 71.1707 287.271
4037560 71.1707 287.556
4041571 71.1707 287.746
4044243 71.1707 287.862
4045876 71.1707 288.017
4048042 71.1707 288.244
4051235 71.1707 288.744
4058265 71.1707 289.208
4064779 71.1707 289.835
4073595 71.1707 289.972
4075515 71.1707 290.564
4083829 71.1707 290.779
4086859 71.1707 291.134
4091841 71.1707 291.45
4096283 71.1707 291.595
4098323 71.1707 291.598
4098368 71.1707 291.791
4101080 71.1707 292.569
4112008 71.1707 292.781
4114984 71.1707 292.858
4116065 71.1707 293.266
4121802 71.1707 293.31
4122421 71.1707 293.946
4131349 71.1707 294.561
4139998 71.1707 294.737
4142472 71.1707 294.746
4142599 71.1707 294.799
4143341 71.1707 295.108
4147675 71.1707 295.387
4151596 71.1707 295.463
4152674 71.1707 295.633
4155061 71.1707 296.159
4162450 71.1707 296.644
4169261 71.1707 297.021
4174559 71.1707 297.169
4176641 71.1707 297.447
4180548 71.1707 297.506
4181376 71.1707 297.544
4181904 71.1707 297.55
4182000 71.1707 297.712
4184267 71.1707 298.053
4189057 71.1707 298.512
4195506 71.1707 298.749
4198837 71.1707 299.836
4214107 71.1707 299.911
4215160 71.1707 300.029
4216823 71.1707 300.257
4220029 71.1707 300.273
4220257 71.1707 300.414
4222229 71.1707 300.451
4222757 71.1707 300.539
4223993 71.1707 300.644
4225468 71.1707 300.915
4229271 71.1707 300.945
4229695 71.1707 300.983
4230233 71.1707 301.178
4232974 71.1707 301.459
4236924 71.1707 301.515
4237707 71.1707 301.674
4239932 71.1707 302.184
4247099 71.1707 302.386
4249944 71.1707 302.519
4251805 71.1707 302.613
4253126 71.1707 303.198
4261345 71.1707 303.304
4262842 71.1707 303.315
4262989 71.1707 303.492
4265485 71.1707 303.606
4267090 71.1707 303.689
4268244 71.1707 303.776
4269471 71.1707 304.014
4272816 71.1707 304.163
4274908 71.1707 304.268
4276390 71.1707 304.414
4278443 71.1707 305.034
4287142 71.1707 305.085
4287859 71.1707 305.408
4292409 71.1707 305.884
4299085 71.1707 305.96
4300163 71.1707 306.24
4304088 71.1707 306.47
4307322 71.1707 306.516
4307967 71.1707 306.537
4308269 71.1707 307.09
4316039 71.1707 307.613
4323392 71.1707 307.658
4324013 71.1707 307.822
4326329 71.1707 307.983
4328590 71.1707 308.043
4329433 71.1707 308.201
4331650 71.1707 308.338
4333579 71.1707 308.345
4333672 71.1707 308.714
4338851 71.1707 309.131
4344718 71.1707 309.866
4355047 71.1707 310.007
4357024 71.1707 310.023
4357253 71.1707 310.255
4360502 71.1707 310.263
4360613 71.1707 310.433
4363012 71.1707 310.5
4363953 71.1707 310.651
4366074 71.1707 310.964
4370468 71.1707 311.102
4372406 71.1707 311.344
4375806 71.1707 311.443
4377201 71.1707 311.966
4384551 71.1707 312.025
4385383 71.1707 312.051
4385741 71.1707 312.277
4388924 71.1707 312.592
4393350 71.1707 313.013
4399264 71.1707 313.015
4399285 71.1707 313.134
4400961 71.1707 313.144
4401095 71.1707 313.198
4401853 71.1707 313.443
4405304 71.1707 313.964
4412622 71.1707 314.041
4413699 71.1707 314.576
4421215 71.1707 314.721
4423258 71.1707 314.934
4426257 71.1707 314.952
4426510 71.1707 315.17
4429571 71.1707 316.268
4444991 71.1707 316.286
4445247 71.1707 316.528
4448650 71.1707 316.587
4449478 71.1707 316.772
4452079 71.1707 318.039
4469873 71.1707 318.217
4472375 71.1707 318.278
4473231 71.1707 319.206
4486282 71.1707 319.378
4488688 71.1707 319.615
4492021 71.1707 319.651
4492522 71.1707 320.003
4497479 71.1707 320.128
4499224 71.1707 320.406
4503136 71.1707 320.661
4506717 71.1707 320.751
4507982 71.1707 320.759
4508096 71.1707 320.762
4508139 71.1707 320.896
4510015 71.1707 320.953
4510823 71.1707 321.448
4517783 71.1707 321.596
4519859 71.1707 321.727
4521696 71.1707 321.908
4524246 71.1707 321.968
4525086 71.1707 321.999
4525523 71.1707 322.351
4530467 71.1707 322.607
4534061 71.1707 322.835
4537265 71.1707 323.261
4543248 71.1707 323.266
4543320 71.1707 323.282
4543545 71.1707 323.321
4544088 71.1707 323.916
4552452 71.1707 323.991
4553507 71.1707 324.118
4555296 71.1707 324.278
4557538 71.1707 324.28
4557571 71.1707 324.385
4559049 71.1707 324.426
4559617 71.1707 324.714
4563666 71.1707 324.912
4566449 71.1707 325.163
4569974 71.1707 325.267
4571441 71.1707 325.829
4579331 71.1707 326.255
4585317 71.1707 326.391
4587227 71.1707 326.548
4589432 71.1707 326.651
4590887 71.1707 326.664
4591060 71.1707 326.899
4594374 71.1707 327.116
4597423 71.1707 327.802
4607053 71.1707 327.839
4607582 71.1707 327.891
4608309 71.1707 328.243
4613257 71.1707 328.338
4614582 71.1707 328.355
4614821 71.1707 328.523
4617184 71.1707 328.583
4618030 71.1707 328.903
4622525 71.1707 328.921
4622779 71.1707 329.004
4623941 71.1707 329.101
4625301 71.1707 329.292
4627991 71.1707 329.603
4632363 71.1707 329.647
4632974 71.1707 329.689
4633566 71.1707 329.798
4635095 71.1707 329.825
4635476 71.1707 329.874
4636168 71.1707 330.478
4644662 71.1707 330.561
4645828 71.1707 330.564
4645858 71.1707 331.07
4652980 71.1707 331.627
4660793 71.1707 331.714
4662028 71.1707 332.108
4667553 71.1707 332.609
4674604 71.1707 332.945
4679312 71.1707 333.123
4681824 71.1707 333.39
4685569 71.1707 333.455
4686479 71.1707 333.632
4688965 71.1707 333.657
4689324 71.1707 333.831
4691771 71.1707 334.119
4695813 71.1707 334.406
4699843 71.1707 334.859
4706216 71.1707 334.915
4706995 71.1707 335.735
4718525 71.1707 335.766
4718952 71.1707 335.877
4720521 71.1707 335.882
4720588 71.1707 335.92
4721126 71.1707 336.129
4724053 71.1707 336.174
4724690 71.1707 336.652
4731407 71.1707 336.669
4731649 71.1707 336.728
4732475 71.1707 337.29
4740365 71.1707 337.314
4740707 71.1707 337.766
4747054 71.1707 337.789
4747377 71.1707 337.984
4750126 71.1707 338.046
4750996 71.1707 338.32
4754842 71.1707 338.373
4755582 71.1707 338.412
4756129 71.1707 338.481
4757100 71.1707 338.664
4759677 71.1707 338.78
4761304 71.1707 339.019
4764661 71.1707 339.311
4768772 71.1707 339.759
4775055 71.1707 339.971
4778039 71.1707 340.228
4781650 71.1707 340.323
4782991 71.1707 340.409
4784189 71.1707 340.515
4785684 71.1707 341.512
4799688 71.1707 342.433
4812636 71.1707 342.461
4813026 71.1707 342.599
4814968 71.1707 342.765
4817298 71.1707 342.981
4820334 71.1707 343.212
4823571 71.1707 343.248
4824081 71.1707 343.854
4832599 71.1707 343.928
4833631 71.1707 343.99
4834512 71.1707 344.133
4836511 71.1707 344.43
4840695 71.1707 344.544
4842299 71.1707 344.7
4844486 71.1707 344.977
4848372 71.1707 345.293
4852811 71.1707 345.315
4853128 71.1707 345.473
4855352 71.1707 345.776
4859598 71.1707 345.969
4862319 71.1707 346.476
4869438 71.1707 346.674
4872221 71.1707 346.911
4875550 71.1707 347.097
4878160 71.1707 347.145
4878843 71.1707 347.55
4884531 71.1707 347.624
4885571 71.1707 347.645
4885858 71.1707 347.81
4888186 71.1707 347.904
4889503 71.1707 348.024
4891195 71.1707 348.463
4897356 71.1707 348.479
4897584 71.1707 348.803
4902140 71.1707 348.837
4902606 71.1707 348.84
4902653 71.1707 349.022
4905216 71.1707 349.102
4906340 71.1707 349.115
4906513 71.1707 349.272
4908723 71.1707 349.433
4910992 71.1707 349.476
4911586 71.1707 349.749
4915423 71.1707 349.815
4916357 71.1707 349.845
4916771 71.1707 350.812
4930358 71.1707 351.02
4933285 71.1707 351.062
4933878 71.1707 351.448
4939305 71.1707 351.499
4940010 71.1707 351.51
4940175 71.1707 351.603
4941474 71.1707 351.783
4944009 71.1707 352.313
4951447 71.1707 352.578
4955179 71.1707 352.682
4956637 71.1707 352.694
4956802 71.1707 352.731
4957332 71.1707 352.758
4957702 71.1707 353.327
4965703 71.1707 353.485
4967917 71.1707 353.773
4971971 71.1707 353.862
4973218 71.1707 354.601
4983607 71.1707 354.877
4987473 71.1707 354.935
4988289 71.1707 355.272
4993027 71.1707 355.337
4993941 71.1707 355.475
4995881 71.1707 355.491
4996109 71.1707 355.629
4998046 71.1707 355.719
