17840	40.1325	0.05149
19123	40.1325	0.0729207
19657	40.1325	0.134805
21199	40.1325	0.142069
21380	40.1325	0.159206
21807	40.1325	0.261905
24366	40.1325	0.328645
26029	40.1325	0.365326
26943	40.1325	0.412482
28118	40.1325	0.465376
29436	40.1325	0.479222
29781	40.1325	0.488733
30018	40.1325	0.498606
30264	40.1325	0.605479
32927	40.1325	0.676995
34709	40.1325	0.688714
35001	40.1325	0.711709
35574	40.1325	0.758825
36748	40.1325	0.760751
36796	40.1325	0.947488
41449	40.1325	1.20333
47824	40.1325	1.28187
49781	40.1325	1.34199
51279	40.1325	1.3511
51506	40.1325	1.65839
59163	40.1325	1.88655
64848	40.1325	1.94466
66296	40.1325	2.26279
74223	40.1325	3.05966
94079	40.1325	3.2171
98002	40.1325	3.69588
109932	40.1325	3.77558
111918	40.1325	3.92849
115728	40.1325	3.96902
116738	40.1325	4.06791
119202	40.1325	4.29068
124753	40.1325	4.48994
129718	40.1325	4.56965
131704	40.1325	4.82681
138112	40.1325	4.87112
139216	40.1325	5.00865
142643	40.1325	5.09767
144861	40.1325	5.14414
146019	40.1325	5.26181
148951	40.1325	5.30154
149941	40.1325	5.52211
155437	40.1325	5.58062
156895	40.1325	5.67237
159181	40.1325	5.79654
162275	40.1325	5.9661
166500	40.1325	5.98066
166863	40.1325	5.98187
166893	40.1325	6.00783
167540	40.1325	6.07831
169296	40.1325	6.30983
175065	40.1325	6.46691
178979	40.1325	6.65031
183549	40.1325	6.75394
186131	40.1325	6.77035
186540	40.1325	7.01765
192702	40.1325	7.14619
195905	40.1325	7.28344
199325	40.1325	7.46059
203739	40.1325	7.73835
210660	40.1325	7.94768
215876	40.1325	8.11575
220064	40.1325	8.35687
226072	40.1325	8.41341
227481	40.1325	8.43677
228063	40.1325	8.65581
233521	40.1325	8.84287
238182	40.1325	8.92607
240255	40.1325	9.15534
245968	40.1325	9.20808
247282	40.1325	9.46697
253733	40.1325	9.5852
256679	40.1325	9.58898
256773	40.1325	9.59331
256881	40.1325	9.60856
257261	40.1325	9.6688
258762	40.1325	9.69067
259307	40.1325	9.83872
262996	40.1325	9.84378
263122	40.1325	10.1545
270865	40.1325	10.5352
280351	40.1325	10.5857
281609	40.1325	10.6594
283445	40.1325	11.2112
297194	40.1325	11.8581
313313	40.1325	11.8794
313844	40.1325	11.9608
315873	40.1325	12.1699
321083	40.1325	12.2057
321976	40.1325	12.3029
324398	40.1325	12.3866
326482	40.1325	12.4369
327735	40.1325	12.6116
332089	40.1325	12.682
333844	40.1325	12.6841
333896	40.1325	12.7128
334612	40.1325	12.827
337457	40.1325	12.8964
339185	40.1325	12.8966
339191	40.1325	12.9176
339715	40.1325	13.5248
354844	40.1325	13.8726
363510	40.1325	13.8962
364099	40.1325	13.9067
364360	40.1325	14.0453
367813	40.1325	14.0987
369145	40.1325	14.4805
378657	40.1325	14.4847
378763	40.1325	14.5192
379622	40.1325	14.6667
383297	40.1325	14.8066
386782	40.1325	14.883
388687	40.1325	14.8843
388718	40.1325	14.9204
389619	40.1325	14.9534
390441	40.1325	15.0235
392187	40.1325	15.208
396786	40.1325	15.2662
398234	40.1325	15.3176
399516	40.1325	15.3425
400137	40.1325	15.597
406479	40.1325	15.6321
407352	40.1325	15.6698
408291	40.1325	16.1327
419827	40.1325	16.1606
420521	40.1325	16.26
422999	40.1325	16.2732
423326	40.1325	16.2773
423428	40.1325	16.2992
423975	40.1325	16.415
426860	40.1325	16.679
433438	40.1325	16.7446
435072	40.1325	16.8173
436884	40.1325	17.1854
446057	40.1325	17.244
447517	40.1325	17.3459
450056	40.1325	17.4674
453083	40.1325	17.4846
453511	40.1325	17.496
453797	40.1325	17.6073
456569	40.1325	18.0121
466657	40.1325	18.0522
467655	40.1325	18.4055
476458	40.1325	18.4505
477581	40.1325	18.475
478191	40.1325	18.5427
479876	40.1325	18.5878
481002	40.1325	18.6
481306	40.1325	18.719
484271	40.1325	18.761
485316	40.1325	18.8939
488629	40.1325	18.9632
490354	40.1325	19.0025
491334	40.1325	19.0712
493045	40.1325	19.1217
494304	40.1325	19.1307
494529	40.1325	19.1509
495032	40.1325	19.4747
503100	40.1325	19.521
504255	40.1325	19.5215
504266	40.1325	19.5791
505701	40.1325	19.7882
510911	40.1325	20.0291
516915	40.1325	20.0375
517123	40.1325	20.0406
517202	40.1325	20.4243
526761	40.1325	20.4385
527116	40.1325	20.4865
528311	40.1325	20.5211
529174	40.1325	20.6346
532003	40.1325	20.6558
532530	40.1325	20.7361
534531	40.1325	20.752
534927	40.1325	20.9762
540515	40.1325	21.1032
543678	40.1325	21.1462
544751	40.1325	21.205
546215	40.1325	21.2624
547645	40.1325	21.3634
550161	40.1325	21.3659
550223	40.1325	21.4858
553212	40.1325	21.5851
555687	40.1325	21.8677
562728	40.1325	21.92
564030	40.1325	22.1156
568905	40.1325	22.1836
570598	40.1325	22.2839
573099	40.1325	22.671
582744	40.1325	22.8418
587001	40.1325	22.8477
587146	40.1325	22.9562
589851	40.1325	22.9847
590561	40.1325	23.0144
591301	40.1325	23.6821
607938	40.1325	23.8717
612663	40.1325	23.9508
614634	40.1325	24.1512
619627	40.1325	24.2166
621257	40.1325	24.3472
624510	40.1325	24.4008
625847	40.1325	24.6399
631803	40.1325	24.6483
632014	40.1325	24.8662
637444	40.1325	24.8722
637592	40.1325	25.1935
645599	40.1325	25.2234
646343	40.1325	25.2296
646499	40.1325	25.3158
648646	40.1325	25.4014
650778	40.1325	25.8662
662360	40.1325	25.9294
663936	40.1325	26.3689
674886	40.1325	26.5407
679167	40.1325	26.5964
680554	40.1325	26.7453
684265	40.1325	26.8389
686598	40.1325	27.04
691608	40.1325	27.1506
694365	40.1325	27.166
694747	40.1325	27.2828
697658	40.1325	27.4822
702627	40.1325	27.6212
706090	40.1325	27.7334
708886	40.1325	27.8046
710660	40.1325	27.8073
710728	40.1325	28.0075
715717	40.1325	28.0722
717329	40.1325	28.1021
718074	40.1325	28.3883
725205	40.1325	28.4422
726547	40.1325	28.5719
729779	40.1325	28.647
731650	40.1325	28.7489
734190	40.1325	28.7676
734655	40.1325	28.9672
739630	40.1325	29.1094
743172	40.1325	29.2483
746634	40.1325	29.2892
747654	40.1325	29.3164
748331	40.1325	29.3925
750226	40.1325	29.4615
751945	40.1325	29.636
756293	40.1325	29.7398
758881	40.1325	29.7766
759798	40.1325	30.0991
767833	40.1325	30.167
769526	40.1325	30.2161
770750	40.1325	30.282
772391	40.1325	30.5068
777992	40.1325	30.579
779791	40.1325	30.6027
780383	40.1325	30.6402
781317	40.1325	30.9393
788769	40.1325	31.0032
790362	40.1325	31.023
790855	40.1325	31.0285
790991	40.1325	31.2392
796242	40.1325	31.2744
797120	40.1325	31.3088
797975	40.1325	31.4959
802639	40.1325	31.7787
809685	40.1325	31.9961
815101	40.1325	32.1157
818082	40.1325	32.1298
818433	40.1325	32.1908
819954	40.1325	33.2085
845313	40.1325	33.3069
847763	40.1325	33.4482
851284	40.1325	33.4558
851474	40.1325	33.4624
851639	40.1325	33.4753
851959	40.1325	33.5189
853047	40.1325	33.635
855940	40.1325	33.7506
858820	40.1325	33.8182
860505	40.1325	33.9345
863402	40.1325	34.254
871364	40.1325	34.3324
873316	40.1325	34.477
876919	40.1325	34.5401
878493	40.1325	34.6461
881134	40.1325	34.6766
881894	40.1325	34.7344
883334	40.1325	34.7998
884964	40.1325	34.8006
884984	40.1325	34.9846
889568	40.1325	35.0178
890395	40.1325	35.1612
893968	40.1325	35.1749
894309	40.1325	35.2341
895785	40.1325	35.2745
896791	40.1325	35.2933
897260	40.1325	35.4138
900263	40.1325	35.5034
902496	40.1325	35.5349
903280	40.1325	35.6124
905211	40.1325	35.629
905625	40.1325	35.6611
906425	40.1325	35.6928
907214	40.1325	35.7552
908769	40.1325	35.7636
908979	40.1325	35.7811
909414	40.1325	35.8108
910155	40.1325	35.8494
911116	40.1325	35.8962
912282	40.1325	36.0029
914942	40.1325	36.0158
915262	40.1325	36.1696
919096	40.1325	36.2145
920213	40.1325	36.4284
925544	40.1325	36.489
927054	40.1325	36.6779
931760	40.1325	36.6836
931902	40.1325	36.7253
932942	40.1325	36.7549
933680	40.1325	36.7554
933692	40.1325	36.7871
934482	40.1325	37.1007
942296	40.1325	37.1833
944355	40.1325	37.4431
950827	40.1325	37.4556
951139	40.1325	37.5759
954136	40.1325	37.58
954239	40.1325	37.5975
954674	40.1325	37.6669
956403	40.1325	37.702
957279	40.1325	37.8097
959962	40.1325	37.8111
959997	40.1325	37.8802
961719	40.1325	37.8847
961831	40.1325	37.941
963233	40.1325	38.0729
966521	40.1325	38.1263
967850	40.1325	38.2946
972045	40.1325	38.378
974122	40.1325	38.379
974148	40.1325	38.5965
979568	40.1325	38.6857
981790	40.1325	38.6897
981890	40.1325	38.8816
986672	40.1325	38.9379
988075	40.1325	38.9554
988510	40.1325	38.9908
989393	40.1325	39.0028
989690	40.1325	39.2903
996854	40.1325	39.4165
1000000	1.23239	39.4188
1001866	1.23239	39.4231
1005319	1.23239	39.424
1006046	0.358132	39.4262
1012296	0.358132	39.4265
1013117	0.182097	39.427
1015822	0.0804644	39.4275
1022087	0.0804644	39.4279
1027490	0.0804644	39.4285
1034179	0.0804644	39.4285
1034860	0.0804644	39.4288
1038416	0.0804644	39.4289
1039093	0.0512941	39.429
1042154	0.0433508	39.4293
1048303	0.0433508	39.4297
1056677	0.0433508	39.4297
1056893	0.0433508	39.4298
1060492	0.0433508	39.43
1063446	0.0433508	39.4306
1077700	0.0433508	39.4308
1082886	0.0433508	39.4312
1091981	0.0433508	39.4312
1092923	0.0433508	39.4316
1101830	0.0433508	39.4319
1108865	0.0433508	39.4319
1109063	0.0433508	39.432
1111231	0.0433508	39.4321
1112748	0.0433508	39.4324
1120825	0.0433508	39.4325
1121165	0.0433508	39.4328
1128692	0.0433508	39.4328
1128882	0.0433508	39.4329
1131873	0.0433508	39.433
1134389	0.0433508	39.433
1134631	0.0433508	39.4332
1138173	0.0433508	39.4334
1142951	0.0433508	39.4336
1146576	0.0433508	39.4336
1147003	0.0433508	39.4336
1148296	0.0433508	39.4338
1152264	0.0433508	39.4338
1153071	0.0433508	39.4339
1153769	0.0433508	39.434
1157488	0.0433508	39.4341
1158527	0.0433508	39.4342
1160876	0.0433508	39.4343
1163984	0.0433508	39.4344
1165217	0.0433508	39.4345
1168148	0.0433508	39.4348
1174509	0.0433508	39.435
1180036	0.0433508	39.4352
1184632	0.0433508	39.4352
1185352	0.0433508	39.4354
1188141	0.0433508	39.4355
1190614	0.0433508	39.4357
1195912	0.0433508	39.4358
1198269	0.0433508	39.4358
1198660	0.0433508	39.4359
1201143	0.0433508	39.4359
1201388	0.0433508	39.4362
1207402	0.0433508	39.4362
1207638	0.0433508	39.4365
1213815	0.0433508	39.4367
1218722	0.0433508	39.4368
1220741	0.0433508	39.4368
1221217	0.0433508	39.4369
1223488	0.0433508	39.4369
1223872	0.0433508	39.437
1225019	0.0433508	39.4371
1228869	0.0433508	39.4371
1228957	0.0433508	39.4372
1229581	0.0433508	39.4372
1229948	0.0433508	39.4373
1231865	0.0433508	39.4373
1232494	0.0433508	39.4374
1235873	0.0433508	39.4376
1240847	0.0433508	39.4377
1242916	0.0433508	39.4383
1255435	0.0433508	39.4383
1257049	0.0433508	39.4384
1257595	0.0433508	39.4384
1257612	0.0433508	39.4385
1260938	0.0433508	39.4386
1261910	0.0433508	39.4386
1263290	0.0433508	39.4386
1263737	0.0433508	39.4387
1264518	0.0433508	39.4391
1273712	0.0433508	39.4391
1274268	0.0433508	39.4391
1274539	0.0433508	39.4393
1279364	0.0433508	39.4393
1279536	0.0433508	39.4395
1283811	0.0433508	39.4396
1285943	0.0433508	39.4397
1287337	0.0433508	39.4399
1291874	0.0433508	39.44
1294737	0.0433508	39.44
1296206	0.0433508	39.4404
1303702	0.0433508	39.4404
1305001	0.0433508	39.4404
1305126	0.0433508	39.4406
1309513	0.0433508	39.4408
1313474	0.0433508	39.441
1319329	0.0433508	39.4411
1320627	0.0433508	39.4415
1329262	0.0433508	39.4416
1332853	0.0433508	39.4417
1333641	0.0433508	39.4417
1335531	0.0433508	39.4421
1343791	0.0433508	39.4423
1349348	0.0433508	39.4423
1349475	0.0433508	39.4424
1351659	0.0433508	39.4426
1355905	0.0433508	39.4428
1359788	0.0433508	39.443
1364583	0.0433508	39.443
1365009	0.0433508	39.4431
1366076	0.0433508	39.4432
1369113	0.0433508	39.4433
1371415	0.0433508	39.4437
1381687	0.0433508	39.4438
1382176	0.0433508	39.4439
1385334	0.0433508	39.4439
1385578	0.0433508	39.4439
1385600	0.0433508	39.4444
1396146	0.0433508	39.4444
1397408	0.0433508	39.4446
1401761	0.0433508	39.4447
1403228	0.0433508	39.4448
1406616	0.0433508	39.4449
1408926	0.0433508	39.445
1410485	0.0433508	39.445
1411100	0.0433508	39.4451
1413255	0.0433508	39.4451
1413633	0.0433508	39.4453
1416486	0.0433508	39.4453
1417014	0.0433508	39.4456
1423632	0.0433508	39.4456
1424767	0.0433508	39.4457
1426090	0.0433508	39.4458
1429274	0.0433508	39.4459
1432324	0.0433508	39.446
1432703	0.0433508	39.4461
1435625	0.0433508	39.4463
1439846	0.0433508	39.4465
1445608	0.0433508	39.4465
1446073	0.0433508	39.4467
1450569	0.0433508	39.447
1455718	0.0433508	39.4472
1461110	0.0433508	39.4472
1461331	0.0433508	39.4473
1464751	0.0433508	39.4474
1464902	0.0433508	39.4474
1465133	0.0433508	39.4475
1467487	0.0433508	39.4477
1472674	0.0433508	39.4477
1473886	0.0433508	39.4478
1475012	0.0433508	39.4479
1476643	0.0433508	39.4481
1482123	0.0433508	39.4483
1486234	0.0433508	39.4483
1486871	0.0433508	39.4483
1487773	0.0433508	39.4484
1488205	0.0433508	39.4485
1491426	0.0433508	39.4488
1498177	0.0433508	39.4489
1499659	0.0433508	39.4489
1500853	0.0433508	39.4491
1504899	0.0433508	39.4492
1508503	0.0433508	39.4493
1509365	0.0433508	39.4494
1511788	0.0433508	39.4494
1512656	0.0433508	39.4496
1516999	0.0433508	39.4498
1521199	0.0433508	39.4498
1522352	0.0433508	39.4499
1522953	0.0433508	39.45
1524853	0.0433508	39.4501
1528297	0.0433508	39.4503
1532064	0.0433508	39.4509
1545707	0.0433508	39.451
1548155	0.0433508	39.451
1549847	0.0433508	39.4515
1560163	0.0433508	39.4515
1561120	0.0433508	39.4519
1569158	0.0433508	39.4522
1577723	0.0433508	39.4524
1580439	0.0433508	39.4524
1582296	0.0433508	39.4525
1583344	0.0433508	39.4526
1585564	0.0433508	39.4527
1588666	0.0433508	39.4528
1591384	0.0433508	39.453
1595095	0.0433508	39.4531
1598201	0.0433508	39.4533
1603101	0.0433508	39.4537
1612055	0.0433508	39.4538
1614203	0.0433508	39.4539
1615268	0.0433508	39.4539
1616911	0.0433508	39.454
1618439	0.0433508	39.454
1618726	0.0433508	39.4541
1620662	0.0433508	39.4543
1624189	0.0433508	39.4543
1624298	0.0433508	39.4543
1624413	0.0433508	39.4543
1624588	0.0433508	39.4543
1624952	0.0433508	39.4544
1626456	0.0433508	39.4546
1631832	0.0433508	39.4547
1633263	0.0433508	39.4549
1637897	0.0433508	39.4557
1656370	0.0433508	39.4558
1659109	0.0433508	39.456
1664495	0.0433508	39.456
1664509	0.0433508	39.4561
1665878	0.0433508	39.4561
1667141	0.0433508	39.4565
1676790	0.0433508	39.4566
1677645	0.0433508	39.4567
1680343	0.0433508	39.4568
1681688	0.0433508	39.4569
1684691	0.0433508	39.4569
1685347	0.0433508	39.457
1686321	0.0433508	39.457
1688323	0.0433508	39.4572
1691480	0.0433508	39.4573
1694924	0.0433508	39.4575
1698281	0.0433508	39.4575
1700091	0.0433508	39.4578
1705501	0.0433508	39.4578
1705802	0.0433508	39.4579
1707644	0.0433508	39.458
1710829	0.0433508	39.4581
1712732	0.0433508	39.4582
1715778	0.0433508	39.4583
1717694	0.0433508	39.4584
1718763	0.0433508	39.4585
1722334	0.0433508	39.4587
1725970	0.0433508	39.4588
1728131	0.0433508	39.4591
1736463	0.0433508	39.4592
1738247	0.0433508	39.4593
1740698	0.0433508	39.4594
1742389	0.0433508	39.4597
1748940	0.0433508	39.4597
1749126	0.0433508	39.4598
1751819	0.0433508	39.46
1755947	0.0433508	39.4601
1757947	0.0433508	39.4601
1758772	0.0433508	39.4605
1767965	0.0433508	39.4606
1770598	0.0433508	39.4607
1771726	0.0433508	39.4607
1773413	0.0433508	39.4607
1773517	0.0433508	39.4608
1774715	0.0433508	39.4608
1775849	0.0433508	39.4609
1776712	0.0433508	39.4611
1781915	0.0433508	39.4613
1785933	0.0433508	39.4615
1790952	0.0433508	39.4615
1792148	0.0433508	39.4617
1796320	0.0433508	39.4619
1800842	0.0433508	39.4621
1804084	0.0433508	39.4622
1807492	0.0433508	39.4624
1811348	0.0433508	39.4624
1813096	0.0433508	39.4625
1815430	0.0433508	39.4627
1819156	0.0433508	39.4627
1819455	0.0433508	39.4628
1820262	0.0433508	39.4628
1821747	0.0433508	39.463
1825716	0.0433508	39.4634
1834864	0.0433508	39.4634
1835410	0.0433508	39.4635
1836783	0.0433508	39.4636
1838692	0.0433508	39.4637
1843118	0.0433508	39.4639
1845516	0.0433508	39.4639
1845655	0.0433508	39.4639
1846108	0.0433508	39.464
1848519	0.0433508	39.4642
1853915	0.0433508	39.4646
1861624	0.0433508	39.4648
1867872	0.0433508	39.4648
1867987	0.0433508	39.4649
1869050	0.0433508	39.4649
1869502	0.0433508	39.4649
1870122	0.0433508	39.465
1871986	0.0433508	39.4653
1878792	0.0433508	39.4654
1880618	0.0433508	39.4655
1882704	0.0433508	39.4659
1893168	0.0433508	39.4664
1904503	0.0433508	39.4664
1904956	0.0433508	39.4665
1906140	0.0433508	39.4665
1907280	0.0433508	39.4666
1907725	0.0433508	39.4666
1909398	0.0433508	39.4669
1916561	0.0433508	39.4672
1923559	0.0433508	39.4672
1923574	0.0433508	39.4674
1926405	0.0433508	39.4674
1926593	0.0433508	39.4676
1931122	0.0433508	39.4678
1935847	0.0433508	39.4678
1936631	0.0433508	39.468
1940687	0.0433508	39.4681
1943810	0.0433508	39.4682
1945461	0.0433508	39.4682
1946018	0.0433508	39.4684
1949307	0.0433508	39.4688
1958972	0.0433508	39.4688
1960514	0.0433508	39.4689
1961225	0.0433508	39.4689
1961689	0.0433508	39.4691
1967593	0.0433508	39.4693
1971451	0.0433508	39.4695
1976060	0.0433508	39.4697
1980035	0.0433508	39.47
1987970	0.0433508	39.4701
1988615	0.0433508	39.4701
1988702	0.0433508	39.4701
1989011	0.0433508	39.4702
1991569	0.0433508	39.4705
1998560	0.0433508	39.4706
2001743	0.0433508	39.4707
2003299	0.0433508	39.4708
2006767	0.0433508	39.4709
2007849	0.0433508	39.4711
2013097	0.0433508	39.4711
2013741	0.0433508	39.4712
2015099	0.0433508	39.4714
2018908	0.0433508	39.4717
2027528	0.0433508	39.4718
2028873	0.0433508	39.4719
2030135	0.0433508	39.472
2033046	0.0433508	39.4722
2038866	0.0433508	39.4722
2039074	0.0433508	39.4723
2040910	0.0433508	39.4724
2041805	0.0433508	39.4724
2042218	0.0433508	39.4724
2042445	0.0433508	39.4727
2048773	0.0433508	39.4729
2053532	0.0433508	39.4729
2054401	0.0433508	39.4729
2055135	0.0433508	39.473
2056226	0.0433508	39.4731
2059159	0.0433508	39.4731
2059490	0.0433508	39.4734
2065095	0.0433508	39.4736
2070880	0.0433508	39.4737
2071514	0.0433508	39.474
2079613	0.0433508	39.4741
2082290	0.0433508	39.4744
2088114	0.0433508	39.4744
2089317	0.0433508	39.4749
2100369	0.0433508	39.4753
2109352	0.0433508	39.4753
2109353	0.0433508	39.4753
2109529	0.0433508	39.4756
2117339	0.0433508	39.4757
2119846	0.0433508	39.4758
2121358	0.0433508	39.4758
2121754	0.0433508	39.476
2124807	0.0433508	39.4761
2127658	0.0433508	39.4761
2128135	0.0433508	39.4761
2128906	0.0433508	39.4765
2136605	0.0433508	39.4766
2138728	0.0433508	39.4767
2140870	0.0433508	39.4768
2145263	0.0433508	39.4773
2155515	0.0433508	39.4773
2155530	0.0433508	39.4773
2155822	0.0433508	39.4775
2159915	0.0433508	39.4777
2164442	0.0433508	39.4779
2168483	0.0433508	39.478
2171394	0.0433508	39.4782
2177454	0.0433508	39.4785
2183312	0.0433508	39.4785
2184093	0.0433508	39.4786
2185230	0.0433508	39.4786
2185416	0.0433508	39.4787
2187222	0.0433508	39.4788
2189462	0.0433508	39.4789
2193128	0.0433508	39.479
2194282	0.0433508	39.4791
2196455	0.0433508	39.4793
2200719	0.0433508	39.4793
2201277	0.0433508	39.4794
2204075	0.0433508	39.4796
2209419	0.0433508	39.4798
2214158	0.0433508	39.4799
2215548	0.0433508	39.4801
2220952	0.0433508	39.4802
2222464	0.0433508	39.4805
2228463	0.0433508	39.4805
2229976	0.0433508	39.4805
2230219	0.0433508	39.4807
2233872	0.0433508	39.4807
2234931	0.0433508	39.4809
2238917	0.0433508	39.481
2240759	0.0433508	39.481
2240917	0.0433508	39.4813
2247123	0.0433508	39.4813
2247401	0.0433508	39.4815
2251999	0.0433508	39.4815
2252001	0.0433508	39.4817
2256817	0.0433508	39.4817
2258038	0.0433508	39.4818
2259127	0.0433508	39.4818
2259597	0.0433508	39.4818
2260508	0.0433508	39.4819
2262275	0.0433508	39.482
2265057	0.0433508	39.4824
2273440	0.0433508	39.4825
2274496	0.0433508	39.4825
2274514	0.0433508	39.4825
2276650	0.0433508	39.4828
2283360	0.0433508	39.4833
2294119	0.0433508	39.4836
2301760	0.0433508	39.484
2309667	0.0433508	39.484
2310072	0.0433508	39.484
2310476	0.0433508	39.484
2311239	0.0433508	39.4841
2312141	0.0433508	39.4841
2312405	0.0433508	39.4842
2314596	0.0433508	39.4844
2318917	0.0433508	39.4845
2321397	0.0433508	39.4848
2328823	0.0433508	39.4848
2329543	0.0433508	39.4849
2330109	0.0433508	39.4855
2344804	0.0433508	39.4857
2348890	0.0433508	39.4858
2350826	0.0433508	39.486
2356776	0.0433508	39.4862
2361643	0.0433508	39.4865
2367123	0.0433508	39.4867
2373582	0.0433508	39.4868
2375310	0.0433508	39.487
2378791	0.0433508	39.4872
2382924	0.0433508	39.4873
2385463	0.0433508	39.4874
2389406	0.0433508	39.4876
2392188	0.0433508	39.4878
2398090	0.0433508	39.488
2401786	0.0433508	39.488
2402423	0.0433508	39.4881
2404569	0.0433508	39.4882
2406989	0.0433508	39.4882
2408094	0.0433508	39.4883
2408632	0.0433508	39.4884
2410841	0.0433508	39.4885
2413375	0.0433508	39.4886
2415353	0.0433508	39.4891
2426933	0.0433508	39.4891
2427779	0.0433508	39.4891
2428062	0.0433508	39.4893
2433492	0.0433508	39.4894
2434813	0.0433508	39.4896
2439435	0.0433508	39.4897
2441026	0.0433508	39.4897
2442372	0.0433508	39.4899
2447234	0.0433508	39.49
2447985	0.0433508	39.4906
2462935	0.0433508	39.4907
2465128	0.0433508	39.4907
2465451	0.0433508	39.4909
2469152	0.0433508	39.4909
2470057	0.0433508	39.491
2472302	0.0433508	39.4912
2475698	0.0433508	39.4913
2477978	0.0433508	39.4915
2482533	0.0433508	39.4917
2488107	0.0433508	39.4917
2488298	0.0433508	39.4918
2489213	0.0433508	39.4923
2501950	0.0433508	39.4924
2503374	0.0433508	39.4925
2505977	0.0433508	39.4926
2507615	0.0433508	39.4926
2507893	0.0433508	39.4927
2510162	0.0433508	39.493
2518970	0.0433508	39.4931
2519956	0.0433508	39.4931
2521154	0.0433508	39.4932
2521850	0.0433508	39.4932
2522289	0.0433508	39.4932
2522955	0.0433508	39.4933
2523628	0.0433508	39.4934
2527170	0.0433508	39.4935
2529884	0.0433508	39.4936
2531107	0.0433508	39.4938
2535337	0.0433508	39.4938
2537062	0.0433508	39.4939
2539148	0.0433508	39.494
2540306	0.0433508	39.494
2540960	0.0433508	39.4944
2549007	0.0433508	39.4944
2549054	0.0433508	39.4944
2551179	0.0433508	39.4946
2555037	0.0433508	39.4948
2559945	0.0433508	39.4949
2562445	0.0433508	39.495
2563257	0.0433508	39.4953
2571772	0.0433508	39.4954
2573451	0.0433508	39.4954
2573754	0.0433508	39.4955
2575264	0.0433508	39.4956
2578828	0.0433508	39.4957
2580936	0.0433508	39.4958
2581841	0.0433508	39.4958
2583281	0.0433508	39.496
2586368	0.0433508	39.4963
2594411	0.0433508	39.4968
2604432	0.0433508	39.4968
2604994	0.0433508	39.497
2609462	0.0433508	39.497
2610239	0.0433508	39.4971
2613386	0.0433508	39.4971
2613446	0.0433508	39.4974
2618438	0.0433508	39.4974
2619219	0.0433508	39.4977
2626169	0.0433508	39.4977
2626395	0.0433508	39.4977
2626766	0.0433508	39.4977
2626996	0.0433508	39.4977
2627031	0.0433508	39.4978
2627612	0.0433508	39.4978
2629302	0.0433508	39.4979
2629941	0.0433508	39.4979
2630673	0.0433508	39.4981
2635772	0.0433508	39.4988
2651987	0.0433508	39.4993
2662250	0.0433508	39.4994
2666251	0.0433508	39.4995
2668089	0.0433508	39.4996
2668965	0.0433508	39.4999
2677278	0.0433508	39.5
2678546	0.0433508	39.5
2680358	0.0433508	39.5001
2681150	0.0433508	39.5001
2681555	0.0433508	39.5002
2682872	0.0433508	39.5002
2683728	0.0433508	39.5003
2686287	0.0433508	39.5006
2693059	0.0433508	39.5007
2694683	0.0433508	39.5012
2707442	0.0433508	39.5013
2710062	0.0433508	39.5014
2711234	0.0433508	39.5014
2712213	0.0433508	39.5015
2713004	0.0433508	39.5016
2715950	0.0433508	39.5016
2716580	0.0433508	39.5016
2717034	0.0433508	39.5016
2717355	0.0433508	39.5018
2721069	0.0433508	39.5019
2722909	0.0433508	39.5019
2723197	0.0433508	39.502
2726008	0.0433508	39.5021
2728703	0.0433508	39.5022
2728930	0.0433508	39.5023
2733485	0.0433508	39.5024
2733686	0.0433508	39.5025
2737128	0.0433508	39.5025
2737137	0.0433508	39.5027
2740680	0.0433508	39.5028
2743515	0.0433508	39.5028
2744237	0.0433508	39.503
2749331	0.0433508	39.5031
2751461	0.0433508	39.5032
2753507	0.0433508	39.5036
2763305	0.0433508	39.5039
2768902	0.0433508	39.504
2771251	0.0433508	39.504
2772137	0.0433508	39.5042
2775594	0.0433508	39.5042
2776300	0.0433508	39.5042
2777083	0.0433508	39.5043
2779296	0.0433508	39.5045
2782415	0.0433508	39.5046
2785293	0.0433508	39.5046
2785723	0.0433508	39.5047
2787502	0.0433508	39.5048
2789335	0.0433508	39.5049
2792496	0.0433508	39.5051
2796867	0.0433508	39.5052
2799526	0.0433508	39.5052
2800397	0.0433508	39.5053
2800498	0.0433508	39.5053
2801060	0.0433508	39.5053
2801217	0.0433508	39.5058
2814004	0.0433508	39.5061
2819814	0.0433508	39.5061
2819998	0.0433508	39.5064
2827653	0.0433508	39.5066
2830918	0.0433508	39.5068
2835624	0.0433508	39.5071
2844096	0.0433508	39.5072
2845226	0.0433508	39.5073
2847952	0.0433508	39.5073
2848378	0.0433508	39.5074
2849000	0.0433508	39.5075
2852904	0.0433508	39.5075
2853181	0.0433508	39.5076
2853648	0.0433508	39.5077
2855819	0.0433508	39.5078
2858387	0.0433508	39.5079
2861989	0.0433508	39.5081
2867148	0.0433508	39.5082
2869507	0.0433508	39.5084
2872698	0.0433508	39.5087
2880350	0.0433508	39.5089
2885507	0.0433508	39.509
2888064	0.0433508	39.5093
2893676	0.0433508	39.5093
2893699	0.0433508	39.5095
2898868	0.0433508	39.5096
2901125	0.0433508	39.5097
2902891	0.0433508	39.5099
2907684	0.0433508	39.51
2909364	0.0433508	39.51
2909933	0.0433508	39.51
2910679	0.0433508	39.5101
2911491	0.0433508	39.5101
2912092	0.0433508	39.5101
2912364	0.0433508	39.5101
2913449	0.0433508	39.5104
2918799	0.0433508	39.5107
2926003	0.0433508	39.5107
2926838	0.0433508	39.5108
2928047	0.0433508	39.5108
2929602	0.0433508	39.5112
2937204	0.0433508	39.5112
2937838	0.0433508	39.5113
2940332	0.0433508	39.5114
2941446	0.0433508	39.5116
2946170	0.0433508	39.512
2956928	0.0433508	39.5125
2967120	0.0433508	39.5125
2967221	0.0433508	39.5125
2968805	0.0433508	39.5127
2971341	0.0433508	39.5127
2971416	0.0433508	39.5129
2977344	0.0433508	39.5131
2980620	0.0433508	39.5132
2982996	0.0433508	39.5133
2985970	0.0433508	39.5134
2988605	0.0433508	39.5135
2990742	0.0433508	39.5137
2994400	0.0433508	39.5139
2999572	0.0433508	39.514
3001554	0.0433508	39.5143
3009625	0.0433508	39.5145
3014808	0.0433508	39.5146
3015157	0.0433508	39.5147
3018809	0.0433508	39.5149
3023817	0.0433508	39.515
3024465	0.0433508	39.515
3026385	0.0433508	39.5151
3026613	0.0433508	39.5151
3027859	0.0433508	39.5152
3029116	0.0433508	39.5154
3034056	0.0433508	39.5154
3034100	0.0433508	39.5156
3038360	0.0433508	39.5156
3040128	0.0433508	39.5157
3041988	0.0433508	39.5163
3054672	0.0433508	39.5163
3055472	0.0433508	39.5163
3055846	0.0433508	39.5164
3056852	0.0433508	39.5164
3057230	0.0433508	39.5164
3058731	0.0433508	39.5165
3058801	0.0433508	39.5165
3059154	0.0433508	39.5166
3062469	0.0433508	39.5166
3062844	0.0433508	39.5168
3066332	0.0433508	39.5168
3067500	0.0433508	39.5169
3069330	0.0433508	39.5169
3069471	0.0433508	39.5171
3074803	0.0433508	39.5172
3075945	0.0433508	39.5172
3076961	0.0433508	39.5173
3078297	0.0433508	39.5174
3079933	0.0433508	39.5176
3084449	0.0433508	39.5176
3085291	0.0433508	39.5178
3090961	0.0433508	39.5179
3092816	0.0433508	39.518
3093731	0.0433508	39.5185
3105601	0.0433508	39.5186
3108444	0.0433508	39.5186
3108561	0.0433508	39.5187
3110534	0.0433508	39.5187
3111127	0.0433508	39.519
3117168	0.0433508	39.519
3118058	0.0433508	39.5193
3124095	0.0433508	39.5193
3124275	0.0433508	39.5194
3127848	0.0433508	39.5195
3129005	0.0433508	39.5195
3130076	0.0433508	39.5197
3133803	0.0433508	39.5197
3134138	0.0433508	39.5199
3137632	0.0433508	39.5199
3138919	0.0433508	39.5201
3143288	0.0433508	39.5202
3145382	0.0433508	39.5202
3145812	0.0433508	39.5204
3150288	0.0433508	39.5205
3151837	0.0433508	39.5206
3154690	0.0433508	39.5206
3154907	0.0433508	39.5209
3160532	0.0433508	39.5211
3165490	0.0433508	39.5212
3168744	0.0433508	39.5213
3170343	0.0433508	39.5213
3170460	0.0433508	39.5215
3175946	0.0433508	39.5216
3177578	0.0433508	39.5217
3180332	0.0433508	39.5218
3181465	0.0433508	39.5219
3183729	0.0433508	39.5219
3184373	0.0433508	39.522
3185937	0.0433508	39.5223
3194712	0.0433508	39.5227
3203620	0.0433508	39.5229
3207185	0.0433508	39.523
3209861	0.0433508	39.5231
3211096	0.0433508	39.5231
3213067	0.0433508	39.5233
3215696	0.0433508	39.5233
3215718	0.0433508	39.5233
3216124	0.0433508	39.5233
3217788	0.0433508	39.5234
3218161	0.0433508	39.5236
3224686	0.0433508	39.5238
3227467	0.0433508	39.5245
3243818	0.0433508	39.5245
3244282	0.0433508	39.5246
3246132	0.0433508	39.5246
3247078	0.0433508	39.5249
3253528	0.0433508	39.5252
3260682	0.0433508	39.5252
3260892	0.0433508	39.5256
3269459	0.0433508	39.5256
3269709	0.0433508	39.5259
3276135	0.0433508	39.5259
3277693	0.0433508	39.526
3279608	0.0433508	39.5262
3282655	0.0433508	39.5263
3284940	0.0433508	39.5263
3285741	0.0433508	39.5264
3287809	0.0433508	39.5268
3297576	0.0433508	39.5268
3297957	0.0433508	39.5268
3297996	0.0433508	39.5271
3304849	0.0433508	39.5273
3308127	0.0433508	39.5274
3311512	0.0433508	39.5275
3313180	0.0433508	39.5275
3314285	0.0433508	39.5276
3317064	0.0433508	39.5276
3317148	0.0433508	39.5278
3321539	0.0433508	39.5287
3340335	0.0433508	39.5289
3345335	0.0433508	39.5289
3345536	0.0433508	39.529
3347813	0.0433508	39.5294
3357302	0.0433508	39.5297
3364195	0.0433508	39.5297
3364525	0.0433508	39.5298
3366992	0.0433508	39.53
3372407	0.0433508	39.5302
3375123	0.0433508	39.5302
3375184	0.0433508	39.5304
3381573	0.0433508	39.5305
3382783	0.0433508	39.5306
3385074	0.0433508	39.5306
3385609	0.0433508	39.5307
3388172	0.0433508	39.5308
3389775	0.0433508	39.531
3395102	0.0433508	39.5311
3395905	0.0433508	39.5312
3398521	0.0433508	39.5314
3402851	0.0433508	39.5317
3409982	0.0433508	39.5319
3415082	0.0433508	39.532
3417831	0.0433508	39.5321
3418982	0.0433508	39.5326
3431998	0.0433508	39.5327
3433271	0.0433508	39.5328
3436091	0.0433508	39.5328
3436456	0.0433508	39.5331
3443121	0.0433508	39.5333
3448090	0.0433508	39.5337
3456982	0.0433508	39.5338
3457933	0.0433508	39.5338
3459949	0.0433508	39.5342
3467376	0.0433508	39.5344
3473817	0.0433508	39.5345
3474170	0.0433508	39.5345
3474203	0.0433508	39.5347
3479168	0.0433508	39.5348
3481557	0.0433508	39.5349
3484292	0.0433508	39.5351
3488175	0.0433508	39.5351
3488705	0.0433508	39.5352
3491511	0.0433508	39.5352
3491573	0.0433508	39.5353
3492826	0.0433508	39.5353
3493394	0.0433508	39.5353
3493983	0.0433508	39.5354
3496249	0.0433508	39.5355
3497488	0.0433508	39.5359
3507304	0.0433508	39.5359
3507309	0.0433508	39.536
3509100	0.0433508	39.5361
3512187	0.0433508	39.5363
3516164	0.0433508	39.5366
3522870	0.0433508	39.5368
3527438	0.0433508	39.5368
3528131	0.0433508	39.5369
3530372	0.0433508	39.537
3533242	0.0433508	39.5374
3541560	0.0433508	39.5375
3545248	0.0433508	39.5377
3548674	0.0433508	39.5377
3549652	0.0433508	39.5379
3553832	0.0433508	39.538
3555663	0.0433508	39.538
3555871	0.0433508	39.538
3556338	0.0433508	39.5381
3557490	0.0433508	39.5381
3557604	0.0433508	39.5388
3573727	0.0433508	39.5388
3575024	0.0433508	39.5389
3576985	0.0433508	39.5392
3583362	0.0433508	39.5393
3586883	0.0433508	39.5394
3588592	0.0433508	39.5395
3590992	0.0433508	39.5396
3592723	0.0433508	39.5398
3597201	0.0433508	39.54
3601619	0.0433508	39.5401
3603191	0.0433508	39.5401
3603802	0.0433508	39.5402
3605657	0.0433508	39.5403
3608828	0.0433508	39.5404
3610549	0.0433508	39.5404
3611446	0.0433508	39.5404
3612207	0.0433508	39.5405
3612633	0.0433508	39.5405
3614377	0.0433508	39.5407
3619158	0.0433508	39.5409
3621769	0.0433508	39.5409
3623730	0.0433508	39.5409
3623944	0.0433508	39.5412
3630849	0.0433508	39.5415
3637627	0.0433508	39.5416
3638310	0.0433508	39.5417
3640382	0.0433508	39.5417
3641000	0.0433508	39.5417
3641377	0.0433508	39.5421
3651469	0.0433508	39.5422
3651745	0.0433508	39.5422
3652089	0.0433508	39.5422
3652762	0.0433508	39.5428
3667535	0.0433508	39.5429
3669769	0.0433508	39.543
3671379	0.0433508	39.5432
3675443	0.0433508	39.5433
3678421	0.0433508	39.5435
3683378	0.0433508	39.5435
3683908	0.0433508	39.5437
3688277	0.0433508	39.5439
3692309	0.0433508	39.5439
3692954	0.0433508	39.544
3694988	0.0433508	39.5441
3696345	0.0433508	39.5443
3701862	0.0433508	39.5444
3702388	0.0433508	39.5445
3705463	0.0433508	39.5447
3710264	0.0433508	39.5447
3710417	0.0433508	39.5448
3713393	0.0433508	39.5449
3714608	0.0433508	39.5451
3719396	0.0433508	39.5452
3723068	0.0433508	39.5455
3728116	0.0433508	39.5458
3735411	0.0433508	39.5459
3737277	0.0433508	39.5459
3738207	0.0433508	39.546
3739674	0.0433508	39.546
3740328	0.0433508	39.5461
3742705	0.0433508	39.5462
3744309	0.0433508	39.5465
3752925	0.0433508	39.5466
3754190	0.0433508	39.5466
3754479	0.0433508	39.5466
3755078	0.0433508	39.5469
3761877	0.0433508	39.5471
3766086	0.0433508	39.5472
3768481	0.0433508	39.5474
3773046	0.0433508	39.5474
3773336	0.0433508	39.5475
3774913	0.0433508	39.5476
3776886	0.0433508	39.5476
3777624	0.0433508	39.5476
3777864	0.0433508	39.5478
3781206	0.0433508	39.5478
3782535	0.0433508	39.548
3787169	0.0433508	39.5481
3788209	0.0433508	39.5481
3789711	0.0433508	39.5481
3790000	0.0433508	39.5484
3795720	0.0433508	39.5485
3797154	0.0433508	39.5485
3797295	0.0433508	39.5488
3805297	0.0433508	39.5488
3805575	0.0433508	39.5489
3807889	0.0433508	39.549
3808644	0.0433508	39.549
3810312	0.0433508	39.5491
3811377	0.0433508	39.5495
3820523	0.0433508	39.5495
3820839	0.0433508	39.5497
3825045	0.0433508	39.5497
3825930	0.0433508	39.5503
3839228	0.0433508	39.5508
3851428	0.0433508	39.5512
3861183	0.0433508	39.5513
3861570	0.0433508	39.5514
3864823	0.0433508	39.5519
3876043	0.0433508	39.552
3879061	0.0433508	39.5522
3883171	0.0464775	39.5522
3883261	0.0464775	39.5523
3885840	0.0464775	39.5524
3887106	0.0464775	39.5525
3889519	0.0464775	39.5526
3891309	0.0464775	39.5526
3891611	0.0464775	39.5526
3893045	0.0464775	39.5529
3898536	0.0464775	39.553
3900336	0.0464775	39.5531
3901960	0.0464775	39.5531
3903141	0.0464775	39.5532
3905490	0.0464775	39.5534
3909978	0.0464775	39.5536
3912847	0.0464775	39.5538
3917323	0.0753104	39.5538
3917609	0.0753104	39.5539
3919135	0.0753104	39.5541
3921479	0.0753104	39.5541
3921860	0.0753104	39.5547
3930017	0.0753104	39.555
3934183	0.0753104	39.5551
3934720	0.0753104	39.5553
3936945	0.0753104	39.5553
3937891	0.0753104	39.5554
3939198	0.0753104	39.5556
3941230	0.0753104	39.5558
3943588	0.0753104	39.5563
3951155	0.0753104	39.5572
3963054	0.0753104	39.5575
3967188	0.0753104	39.558
3973716	0.0777091	39.5584
3978741	0.0777091	39.5589
3984594	1.2549	39.5592
3984875	1.2549	39.5629
3987817	4.82826	39.5703
3989350	13.1951	39.7837
4005518	25.9013	39.8354
4007515	25.9013	39.8373
4007591	25.9013	40.0048
4014057	25.9013	40.1483
4019596	25.9013	40.1826
4020922	25.9013	40.3392
4026966	25.9013	40.3715
4028213	25.9013	40.6934
4040643	25.9013	40.7232
4041791	25.9013	40.9311
4049818	25.9013	41.0102
4052872	25.9013	41.0175
4053153	25.9013	41.063
4054911	25.9013	41.0685
4055123	25.9013	41.2256
4061190	25.9013	41.3964
4067784	25.9013	41.4267
4068952	25.9013	41.4693
4070598	25.9013	41.5196
4072540	25.9013	41.5491
4073679	25.9013	41.6446
4077367	25.9013	41.7899
4082974	25.9013	41.8137
4083893	25.9013	41.9135
4087746	25.9013	42.1169
4095602	25.9013	42.2629
4101236	25.9013	42.3177
4103353	25.9013	42.4904
4110019	25.9013	42.4905
4110026	25.9013	42.5071
4110665	25.9013	42.5694
4113069	25.9013	42.6396
4115780	25.9013	42.6677
4116866	25.9013	42.8033
4122100	25.9013	42.8296
4123115	25.9013	42.8571
4124177	25.9013	42.9733
4128665	25.9013	42.9918
4129377	25.9013	43.0285
4130795	25.9013	43.096
4133400	25.9013	43.2625
4139829	25.9013	43.3418
4142893	25.9013	43.595
4152665	25.9013	43.9745
4167317	25.9013	44.0706
4171027	25.9013	44.0933
4171904	25.9013	44.0948
4171964	25.9013	44.1348
4173508	25.9013	44.2381
4177497	25.9013	44.3958
4183583	25.9013	44.5189
4188335	25.9013	44.5528
4189647	25.9013	44.579
4190658	25.9013	44.6323
4192714	25.9013	44.6637
4193927	25.9013	44.7022
4195415	25.9013	44.7336
4196627	25.9013	44.9257
4204041	25.9013	44.9716
4205814	25.9013	45.4495
4224264	25.9013	45.4849
4225631	25.9013	45.6483
4231941	25.9013	45.6981
4233863	25.9013	45.9217
4242498	25.9013	46.0203
4246304	25.9013	46.2772
4256222	25.9013	46.2931
4256835	25.9013	46.2935
4256849	25.9013	46.307
4257370	25.9013	46.3432
4258770	25.9013	46.3793
4260165	25.9013	46.414
4261503	25.9013	46.4718
4263734	25.9013	46.4863
4264295	25.9013	46.4993
4264797	25.9013	46.5109
4265244	25.9013	46.7068
4272808	25.9013	46.7317
4273768	25.9013	46.8903
4279891	25.9013	46.907
4280537	25.9013	46.9299
4281421	25.9013	47.0209
4284935	25.9013	47.1459
4289759	25.9013	47.1686
4290638	25.9013	47.2493
4293754	25.9013	47.5455
4305188	25.9013	47.5833
4306646	25.9013	47.6203
4308076	25.9013	47.7369
4312579	25.9013	47.8285
4316113	25.9013	47.8768
4317980	25.9013	48.0478
4324581	25.9013	48.065
4325243	25.9013	48.0798
4325817	25.9013	48.1564
4328775	25.9013	48.2361
4331851	25.9013	48.2615
4332830	25.9013	48.3633
4336762	25.9013	48.381
4337445	25.9013	48.4458
4339945	25.9013	48.4566
4340362	25.9013	48.596
4345744	25.9013	48.6989
4349720	25.9013	48.7043
4349927	25.9013	48.7236
4350673	25.9013	48.7575
4351979	25.9013	49.0165
4361979	25.9013	49.0613
4363710	25.9013	49.084
4364585	25.9013	49.3254
4373907	25.9013	49.3405
4374489	25.9013	49.4081
4377099	25.9013	49.4392
4378299	25.9013	49.6183
4385214	25.9013	49.6857
4387816	25.9013	49.8254
4393209	25.9013	49.9063
4396334	25.9013	49.9208
4396894	25.9013	49.9557
4398241	25.9013	49.9695
4398775	25.9013	50.0449
4401683	25.9013	50.1219
4404658	25.9013	50.2438
4409363	25.9013	50.2622
4410075	25.9013	50.2967
4411408	25.9013	50.3001
4411536	25.9013	50.3515
4413522	25.9013	50.4652
4417912	25.9013	50.528
4420335	25.9013	50.5735
4422094	25.9013	50.6459
4424889	25.9013	50.6674
4425719	25.9013	50.7045
4427150	25.9013	50.7386
4428467	25.9013	50.8335
4432132	25.9013	50.9076
4434993	25.9013	51.1152
4443007	25.9013	51.1209
4443227	25.9013	51.1565
4444602	25.9013	51.2847
4449553	25.9013	51.3542
4452233	25.9013	51.5931
4461457	25.9013	51.6823
4464900	25.9013	51.6877
4465112	25.9013	51.7119
4466045	25.9013	51.7199
4466353	25.9013	51.9979
4477088	25.9013	52.0456
4478929	25.9013	52.0607
4479512	25.9013	52.0626
4479585	25.9013	52.0889
4480599	25.9013	52.2105
4485293	25.9013	52.2634
4487336	25.9013	52.3561
4490915	25.9013	52.4743
4495481	25.9013	52.5324
4497724	25.9013	52.9806
4515026	25.9013	52.9994
4515754	25.9013	53.0083
4516095	25.9013	53.0571
4517979	25.9013	53.0699
4518476	25.9013	53.0858
4519090	25.9013	53.0978
4519552	25.9013	53.2188
4524224	25.9013	53.2654
4526021	25.9013	53.2773
4526483	25.9013	53.4038
4531367	25.9013	53.4337
4532520	25.9013	53.8391
4548173	25.9013	53.8755
4549578	25.9013	53.9145
4551083	25.9013	53.9623
4552928	25.9013	54.0366
4555797	25.9013	54.0408
4555959	25.9013	54.1696
4560932	25.9013	54.257
4564307	25.9013	54.4048
4570011	25.9013	54.5266
4574714	25.9013	54.5365
4575098	25.9013	54.6433
4579222	25.9013	54.6938
4581169	25.9013	54.7044
4581579	25.9013	54.7494
4583316	25.9013	54.8502
4587208	25.9013	54.8971
4589018	25.9013	54.9192
4589874	25.9013	55.1357
4598232	25.9013	55.1577
4599082	25.9013	55.1584
4599106	25.9013	55.283
4603918	25.9013	55.3237
4605490	25.9013	55.5624
4614706	25.9013	55.5674
4614899	25.9013	55.5945
4615945	25.9013	55.6618
4618543	25.9013	55.6828
4619353	25.9013	55.7633
4622460	25.9013	55.8719
4626653	25.9013	55.9995
4631582	25.9013	56.0915
4635134	25.9013	56.0926
4635173	25.9013	56.1435
4637139	25.9013	56.1661
4638013	25.9013	56.2296
4640463	25.9013	56.2405
4640884	25.9013	56.2626
4641738	25.9013	56.3096
4643552	25.9013	56.4175
4647717	25.9013	56.4984
4650842	25.9013	56.7019
4658699	25.9013	56.7998
4662479	25.9013	56.8435
4664164	25.9013	56.8752
4665390	25.9013	56.8787
4665526	25.9013	57.0148
4670778	25.9013	57.0175
4670884	25.9013	57.0175
4670885	25.9013	57.0186
4670924	25.9013	57.02
4670981	25.9013	57.0528
4672247	25.9013	57.0619
4672597	25.9013	57.0641
4672682	25.9013	57.0882
4673613	25.9013	57.1595
4676364	25.9013	57.2212
4678749	25.9013	57.38
4684880	25.9013	57.6002
4693381	25.9013	57.6131
4693879	25.9013	57.6132
4693882	25.9013	57.6442
4695080	25.9013	57.6933
4696976	25.9013	57.7647
4699730	25.9013	57.8048
4701279	25.9013	57.8952
4704769	25.9013	57.9437
4706643	25.9013	58.0328
4710081	25.9013	58.0549
4710935	25.9013	58.2948
4720196	25.9013	58.3866
4723742	25.9013	58.4736
4727102	25.9013	58.5502
4730059	25.9013	58.5711
4730863	25.9013	58.5741
4730979	25.9013	58.5744
4730994	25.9013	58.7494
4737747	25.9013	58.7745
4738718	25.9013	58.8679
4742323	25.9013	58.9068
4743826	25.9013	58.972
4746343	25.9013	59.0896
4750885	25.9013	59.0938
4751044	25.9013	59.1251
4752252	25.9013	59.137
4752715	25.9013	59.1852
4754574	25.9013	59.19
4754760	25.9013	59.2465
4756939	25.9013	59.4079
4763173	25.9013	59.4812
4766002	25.9013	59.5854
4770026	25.9013	59.6152
4771177	25.9013	59.6583
4772838	25.9013	59.6601
4772909	25.9013	59.6718
4773360	25.9013	59.7152
4775038	25.9013	59.772
4777230	25.9013	59.8727
4781117	25.9013	60.1589
4792167	25.9013	60.1951
4793563	25.9013	60.324
4798541	25.9013	60.3942
4801251	25.9013	60.4045
4801649	25.9013	60.5543
4807433	25.9013	60.562
4807730	25.9013	60.6303
4810366	25.9013	60.665
4811708	25.9013	60.7188
4813782	25.9013	60.81
4817304	25.9013	60.8355
4818290	25.9013	60.8372
4818355	25.9013	60.9958
4824478	25.9013	61.0858
4827952	25.9013	61.1493
4830404	25.9013	61.5048
4844131	25.9013	61.5652
4846463	25.9013	61.6192
4848546	25.9013	61.7156
4852267	25.9013	61.9532
4861440	25.9013	61.9614
4861758	25.9013	62.0101
4863637	25.9013	62.0194
4863996	25.9013	62.0631
4865686	25.9013	62.1098
4867487	25.9013	62.1163
4867740	25.9013	62.2342
4872291	25.9013	62.3471
4876647	25.9013	62.5944
4886197	25.9013	62.6928
4889994	25.9013	62.7522
4892288	25.9013	62.9065
4898247	25.9013	62.9236
4898906	25.9013	62.9571
4900198	25.9013	62.9794
4901062	25.9013	63.0014
4901910	25.9013	63.0112
4902290	25.9013	63.1501
4907651	25.9013	63.1846
4908983	25.9013	63.1958
4909416	25.9013	63.2393
4911094	25.9013	63.2717
4912347	25.9013	63.4668
4919877	25.9013	63.5077
4921456	25.9013	63.5232
4922056	25.9013	63.5859
4924477	25.9013	63.679
4928070	25.9013	63.8027
4932848	25.9013	63.8427
4934390	25.9013	63.9397
4938136	25.9013	64.0171
4941126	25.9013	64.0821
4943633	25.9013	64.1878
4947714	25.9013	64.3091
4952398	25.9013	64.3566
4954231	25.9013	64.4678
4958524	25.9013	64.4938
4959530	25.9013	64.5262
4960778	25.9013	64.5408
4961344	25.9013	64.6414
4965227	25.9013	64.8243
4972290	25.9013	64.8285
4972449	25.9013	64.833
4972624	25.9013	64.992
4978762	25.9013	64.9961
4978920	25.9013	65.0377
4980528	25.9013	65.0966
4982801	25.9013	65.1175
4983607	25.9013	65.2363
4988195	25.9013	65.2528
4988834	25.9013	65.4889
