225	26.7603	0.0149322
783	26.7603	0.20592
7920	26.7603	0.303114
11552	26.7603	0.404134
15327	26.7603	0.494289
18696	26.7603	0.646127
24370	26.7603	0.911642
34292	26.7603	0.925718
34818	26.7603	1.00557
37802	26.7603	1.0391
39055	26.7603	1.11304
41818	26.7603	1.1557
43412	26.7603	1.28738
48333	26.7603	1.29233
48518	26.7603	1.31449
49346	26.7603	1.51431
56813	26.7603	1.96527
73665	26.7603	1.97686
74098	26.7603	1.97724
74112	26.7603	2.02292
75819	26.7603	2.03116
76127	26.7603	2.05578
77047	26.7603	2.25637
84543	26.7603	2.26301
84791	26.7603	2.3282
87227	26.7603	2.40719
90179	26.7603	2.49695
93533	26.7603	2.58922
96981	26.7603	2.70972
101484	26.7603	2.82048
105623	26.7603	2.83753
106260	26.7603	2.87852
107792	26.7603	2.89924
108566	26.7603	2.9268
109596	26.7603	3.21353
120311	26.7603	3.51689
131647	26.7603	3.5931
134495	26.7603	3.6128
135231	26.7603	3.67491
137552	26.7603	3.67882
137698	26.7603	3.73017
139617	26.7603	3.79041
141868	26.7603	3.80587
142446	26.7603	3.80652
142470	26.7603	4.016
150298	26.7603	4.02108
150488	26.7603	4.2403
158680	26.7603	4.29066
160562	26.7603	4.29147
160592	26.7603	4.29858
160858	26.7603	4.42404
165546	26.7603	4.82132
180392	26.7603	4.88239
182674	26.7603	4.89298
183070	26.7603	4.9088
183661	26.7603	5.1342
192084	26.7603	5.47748
204912	26.7603	5.65367
211496	26.7603	5.65402
211509	26.7603	5.76936
215819	26.7603	5.96021
222951	26.7603	6.05882
226636	26.7603	6.13343
229424	26.7603	6.18176
231230	26.7603	6.21226
232370	26.7603	6.27344
234656	26.7603	6.28722
235171	26.7603	6.29032
235287	26.7603	6.33129
236818	26.7603	6.35669
237767	26.7603	6.42969
240495	26.7603	6.45916
241596	26.7603	6.55672
245242	26.7603	6.57653
245982	26.7603	6.61841
247547	26.7603	6.78884
253916	26.7603	6.95264
260037	26.7603	6.99428
261593	26.7603	7.11197
265991	26.7603	7.13769
266952	26.7603	7.20563
269491	26.7603	7.39649
276623	26.7603	7.44115
278292	26.7603	7.50398
280640	26.7603	7.52935
281588	26.7603	7.58429
283641	26.7603	7.77828
290890	26.7603	7.87997
294690	26.7603	7.89827
295374	26.7603	7.94935
297283	26.7603	7.97363
298190	26.7603	8.0914
302591	26.7603	8.11832
303597	26.7603	8.3263
311369	26.7603	8.33446
311674	26.7603	8.33708
311772	26.7603	8.38967
313737	26.7603	8.39427
313909	26.7603	8.44016
315624	26.7603	8.45095
316027	26.7603	8.5072
318129	26.7603	8.51132
318283	26.7603	8.56993
320473	26.7603	8.62358
322478	26.7603	8.67338
324339	26.7603	8.67753
324494	26.7603	8.75171
327266	26.7603	9.02496
337477	26.7603	9.12558
341237	26.7603	9.12911
341369	26.7603	9.221
344803	26.7603	9.22122
344811	26.7603	9.27252
346728	26.7603	9.31721
348398	26.7603	9.34635
349487	26.7603	9.35331
349747	26.7603	9.57815
358149	26.7603	9.59185
358661	26.7603	9.66956
361565	26.7603	9.77569
365531	26.7603	9.81064
366837	26.7603	10.1249
378582	26.7603	10.2501
383260	26.7603	10.4982
392529	26.7603	10.6395
397809	26.7603	10.6573
398474	26.7603	10.6878
399616	26.7603	10.7899
403432	26.7603	10.8938
407312	26.7603	11.0135
411788	26.7603	11.0656
413732	26.7603	11.1138
415535	26.7603	11.1155
415598	26.7603	11.1849
418190	26.7603	11.3134
422992	26.7603	11.3448
424168	26.7603	11.3464
424228	26.7603	11.3843
425644	26.7603	11.4737
428985	26.7603	11.4795
429199	26.7603	11.6353
435022	26.7603	11.7283
438497	26.7603	11.8587
443371	26.7603	11.9477
446695	26.7603	12.0278
449690	26.7603	12.0554
450722	26.7603	12.0791
451605	26.7603	12.1061
452615	26.7603	12.1252
453328	26.7603	12.198
456050	26.7603	12.2009
456158	26.7603	12.2091
456464	26.7603	12.2224
456961	26.7603	12.3502
461739	26.7603	12.3713
462526	26.7603	12.4235
464475	26.7603	12.6342
472352	26.7603	12.7033
474932	26.7603	12.705
474994	26.7603	12.8535
480546	26.7603	12.8567
480665	26.7603	13.0485
487832	26.7603	13.0494
487866	26.7603	13.1302
490886	26.7603	13.1341
491029	26.7603	13.1415
491307	26.7603	13.1911
493159	26.7603	13.2666
495981	26.7603	13.3153
497803	26.7603	13.3794
500197	26.7603	13.4249
501896	26.7603	13.4304
502102	26.7603	13.4694
503561	26.7603	13.4699
503580	26.7603	13.5155
505283	26.7603	13.7133
512674	26.7603	13.8985
519597	26.7603	13.9345
520939	26.7603	14.0388
524839	26.7603	14.0588
525586	26.7603	14.1668
529620	26.7603	14.1775
530023	26.7603	14.258
533028	26.7603	14.2621
533184	26.7603	14.4345
539627	26.7603	14.4552
540399	26.7603	14.4961
541928	26.7603	14.5318
543262	26.7603	14.6196
546544	26.7603	14.7552
551608	26.7603	14.9138
557535	26.7603	14.9848
560191	26.7603	15.0014
560811	26.7603	15.0639
563145	26.7603	15.0747
563548	26.7603	15.0877
564033	26.7603	15.1061
564722	26.7603	15.1589
566696	26.7603	15.1999
568226	26.7603	15.2015
568287	26.7603	15.2787
571173	26.7603	15.2857
571432	26.7603	15.3098
572334	26.7603	15.555
581496	26.7603	15.6173
583826	26.7603	15.6974
586817	26.7603	15.7948
590459	26.7603	16.0925
601582	26.7603	16.5356
618140	26.7603	16.602
620623	26.7603	16.6105
620941	26.7603	16.8078
628313	26.7603	16.8243
628930	26.7603	16.9302
632888	26.7603	16.9364
633120	26.7603	17.0914
638910	26.7603	17.5342
655458	26.7603	17.8077
665679	26.7603	17.833
666625	26.7603	17.8711
668046	26.7603	18.0496
674717	26.7603	18.0875
676132	26.7603	18.1938
680106	26.7603	18.2319
681528	26.7603	18.2745
683120	26.7603	18.3334
685321	26.7603	18.417
688448	26.7603	18.4486
689629	26.7603	18.5282
692602	26.7603	18.7216
699828	26.7603	18.7239
699916	26.7603	18.8354
704083	26.7603	18.9201
707246	26.7603	18.9327
707717	26.7603	18.9566
708611	26.7603	18.9665
708981	26.7603	18.9978
710150	26.7603	19.0247
711157	26.7603	19.0742
713007	26.7603	19.3708
724090	26.7603	19.4698
727789	26.7603	19.5181
729593	26.7603	19.5492
730757	26.7603	19.563
731270	26.7603	19.6296
733761	26.7603	19.6616
734956	26.7603	19.7822
739464	26.7603	19.8257
741088	26.7603	19.9002
743871	26.7603	19.9235
744744	26.7603	19.9807
746880	26.7603	19.9969
747486	26.7603	20.0169
748233	26.7603	20.066
750068	26.7603	20.174
754102	26.7603	20.2048
755254	26.7603	20.2776
757975	26.7603	20.3231
759674	26.7603	20.5169
766917	26.7603	20.555
768341	26.7603	20.5652
768721	26.7603	20.6158
770612	26.7603	20.6557
772103	26.7603	20.6972
773654	26.7603	20.777
776636	26.7603	20.8011
777538	26.7603	20.8103
777881	26.7603	20.8208
778273	26.7603	20.9177
781894	26.7603	20.9588
783431	26.7603	20.9595
783458	26.7603	20.9656
783683	26.7603	20.9742
784007	26.7603	21.0588
787166	26.7603	21.1666
791195	26.7603	21.1817
791760	26.7603	21.1861
791923	26.7603	21.249
794276	26.7603	21.2972
796077	26.7603	21.5579
805818	26.7603	21.5806
806665	26.7603	21.6904
810770	26.7603	21.7742
813902	26.7603	21.7926
814589	26.7603	21.8154
815442	26.7603	21.8581
817038	26.7603	21.8941
818381	26.7603	21.9521
820549	26.7603	22.0733
825078	26.7603	22.1089
826409	26.7603	22.2238
830704	26.7603	22.2542
831838	26.7603	22.4362
838638	26.7603	22.4794
840255	26.7603	22.4882
840581	26.7603	22.6728
847482	26.7603	22.8352
853548	26.7603	22.8702
854859	26.7603	23.0582
861883	26.7603	23.2281
868231	26.7603	23.3326
872137	26.7603	23.3361
872269	26.7603	23.5345
879683	26.7603	23.6124
882593	26.7603	23.9977
896989	26.7603	24.106
901036	26.7603	24.2563
906654	26.7603	24.2593
906768	26.7603	24.5944
919287	26.7603	24.6073
919771	26.7603	24.6153
920070	26.7603	24.6365
920862	26.7603	24.6979
923157	26.7603	24.7317
924420	26.7603	24.7536
925239	26.7603	24.8457
928679	26.7603	24.9251
931646	26.7603	24.9619
933022	26.7603	25.018
935119	26.7603	25.0324
935658	26.7603	25.0782
937369	26.7603	25.0801
937440	26.7603	25.1102
938564	26.7603	25.1808
941203	26.7603	25.2545
943954	26.7603	25.266
944387	26.7603	25.3222
946485	26.7603	25.5798
956111	26.7603	25.5803
956132	26.7603	25.5953
956693	26.7603	25.6624
959199	26.7603	25.7171
961244	26.7603	25.8533
966334	26.7603	25.9016
968137	26.7603	25.9953
971638	26.7603	26.1314
976723	26.5243	26.3011
983123	26.5243	26.4155
987435	26.5243	26.4852
990062	26.5243	26.5555
992713	26.5243	26.5895
993995	26.5243	26.664
996804	26.5243	26.7316
999352	8.58872	26.7371
1000000	0.283464	26.7374
1001078	0.0778532	26.7378
1005171	0.0778532	26.7378
1005976	0.0727513	26.738
1008886	0.0727513	26.7381
1010386	0.0727513	26.7383
1012685	0.0727513	26.7383
1013066	0.0282709	26.7385
1017287	0.0282709	26.7388
1028767	0.0282709	26.7389
1033927	0.0282709	26.7389
1034503	0.0282709	26.739
1034771	0.0282709	26.739
1037829	0.0282709	26.7391
1038494	0.0282709	26.7391
1039625	0.0282709	26.7391
1040395	0.0275212	26.7393
1046084	0.0275212	26.7394
1050142	0.0275212	26.7394
1050747	0.0275212	26.7394
1051952	0.0275212	26.7396
1058950	0.0275212	26.7398
1063591	0.0275212	26.7398
1063791	0.0275212	26.7399
1067431	0.0275212	26.7399
1068858	0.0275212	26.74
1071041	0.0275212	26.74
1073992	0.0275212	26.7401
1074896	0.0275212	26.7401
1075229	0.0275212	26.7401
1075962	0.0275212	26.7402
1077989	0.0275212	26.7402
1081180	0.0275212	26.7406
1095445	0.0275212	26.7407
1098209	0.0275212	26.7408
1101473	0.0275212	26.7409
1105954	0.0275212	26.7409
1106739	0.0275212	26.741
1108388	0.0275212	26.7411
1112202	0.0275212	26.7411
1113199	0.0275212	26.7412
1114557	0.0275212	26.7412
1114730	0.0275212	26.7412
1115888	0.0275212	26.7412
1115930	0.0275212	26.7413
1120101	0.0275212	26.7415
1127619	0.0275212	26.7415
1128665	0.0275212	26.7416
1130313	0.0275212	26.7416
1130883	0.0275212	26.7417
1132796	0.0275212	26.7419
1142809	0.0275212	26.7421
1147481	0.0275212	26.7421
1149747	0.0275212	26.7421
1149759	0.0275212	26.7423
1155064	0.0275212	26.7423
1155203	0.0275212	26.7424
1161130	0.0275212	26.7427
1169058	0.0275212	26.7427
1169353	0.0275212	26.7428
1172985	0.0275212	26.7428
1173624	0.0275212	26.7428
1175989	0.0275212	26.743
1181679	0.0275212	26.7431
1183735	0.0275212	26.7431
1183931	0.0275212	26.7432
1187487	0.0275212	26.7432
1188138	0.0275212	26.7433
1190743	0.0275212	26.7433
1193706	0.0275212	26.7434
1196739	0.0275212	26.7434
1197464	0.0275212	26.7435
1200674	0.0275212	26.7436
1201855	0.0275212	26.7436
1203838	0.0275212	26.7436
1204313	0.0275212	26.7437
1206405	0.0275212	26.7438
1210448	0.0275212	26.7439
1213945	0.0275212	26.7441
1220305	0.0275212	26.7441
1222765	0.0275212	26.7442
1225692	0.0275212	26.7444
1233725	0.0275212	26.7445
1236413	0.0275212	26.7446
1238189	0.0275212	26.7446
1238431	0.0275212	26.7446
1238528	0.0275212	26.7446
1239738	0.0275212	26.745
1253538	0.0275212	26.745
1254844	0.0275212	26.7451
1256734	0.0275212	26.7451
1256899	0.0275212	26.7452
1259936	0.0275212	26.7452
1261268	0.0275212	26.7454
1267737	0.0275212	26.7454
1269832	0.0275212	26.7454
1270411	0.0275212	26.7455
1270955	0.0275212	26.7456
1276924	0.0275212	26.7457
1279670	0.0275212	26.7457
1281032	0.0275212	26.746
1290680	0.0275212	26.7464
1306291	0.0275212	26.7465
1308370	0.0275212	26.7467
1316743	0.0275212	26.7468
1319677	0.0275212	26.7468
1319745	0.0275212	26.7468
1321118	0.0275212	26.7469
1322206	0.0275212	26.7469
1323527	0.0275212	26.747
1327282	0.0275212	26.747
1327911	0.0275212	26.7471
1331794	0.0275212	26.7472
1333040	0.0275212	26.7472
1334318	0.0275212	26.7472
1334589	0.0275212	26.7473
1336500	0.0275212	26.7477
1350703	0.0275212	26.7477
1351624	0.0275212	26.7477
1353088	0.0275212	26.7477
1353773	0.0275212	26.7478
1355128	0.0275212	26.7478
1356740	0.0275212	26.748
1361901	0.0275212	26.748
1362154	0.0275212	26.748
1364354	0.0275212	26.7481
1365905	0.0275212	26.7481
1365948	0.0275212	26.7482
1370379	0.0275212	26.7482
1370420	0.0275212	26.7483
1372540	0.0275212	26.7485
1380899	0.0275212	26.7486
1386741	0.0275212	26.7486
1386754	0.0275212	26.7487
1388399	0.0275212	26.7489
1396775	0.0275212	26.7493
1411276	0.0275212	26.7494
1413143	0.0275212	26.7494
1414106	0.0275212	26.7494
1414571	0.0275212	26.7496
1419896	0.0275212	26.7498
1428675	0.0275212	26.7499
1430616	0.0275212	26.7499
1430979	0.0275212	26.75
1435614	0.0275212	26.7501
1440815	0.0275212	26.7503
1446485	0.0275212	26.7504
1448677	0.0275212	26.7506
1457019	0.0275212	26.7507
1461881	0.0275212	26.7507
1462002	0.0275212	26.7507
1462177	0.0275212	26.7508
1463484	0.0275212	26.7508
1464181	0.0275212	26.7508
1466407	0.0275212	26.7511
1475582	0.0275212	26.7514
1485154	0.0275212	26.7515
1490342	0.0275212	26.7518
1502145	0.0275212	26.7519
1503488	0.0275212	26.7519
1505286	0.0275212	26.752
1508067	0.0275212	26.7521
1512540	0.0275212	26.7521
1513873	0.0275212	26.7522
1514001	0.0275212	26.7523
1521164	0.0275212	26.7525
1527260	0.0275212	26.7525
1527780	0.0275212	26.7526
1530358	0.0275212	26.7526
1530767	0.0275212	26.7527
1532974	0.0275212	26.7527
1535414	0.0275212	26.7527
1535768	0.0275212	26.7528
1535951	0.0275212	26.7528
1537261	0.0275212	26.7528
1537592	0.0275212	26.7528
1538745	0.0275212	26.7528
1539104	0.0275212	26.7529
1540212	0.0275212	26.7529
1541893	0.0275212	26.753
1545151	0.0275212	26.7531
1549570	0.0275212	26.7532
1552106	0.0275212	26.7532
1553429	0.0275212	26.7533
1555463	0.0275212	26.7533
1555995	0.0275212	26.7534
1558293	0.0275212	26.7535
1564348	0.0275212	26.7536
1566250	0.0275212	26.7536
1568461	0.0275212	26.7538
1574094	0.0275212	26.7538
1575645	0.0275212	26.7539
1577432	0.0275212	26.754
1579627	0.0275212	26.7542
1586782	0.0275212	26.7542
1587654	0.0275212	26.7542
1588872	0.0275212	26.7543
1590442	0.0275212	26.7543
1593319	0.0275212	26.7544
1594202	0.0275212	26.7544
1595557	0.0275212	26.7547
1605319	0.0275212	26.7547
1607948	0.0275212	26.7547
1608384	0.0275212	26.7549
1613465	0.0275212	26.7549
1615540	0.0275212	26.755
1615730	0.0275212	26.7551
1620099	0.0275212	26.7552
1623281	0.0275212	26.7552
1623424	0.0275212	26.7554
1631570	0.0275212	26.7555
1634667	0.0275212	26.7555
1635940	0.0275212	26.7556
1640019	0.0275212	26.7557
1641280	0.0275212	26.7557
1643938	0.0275212	26.7558
1648075	0.0275212	26.7559
1649143	0.0275212	26.7559
1649898	0.0275212	26.756
1652059	0.0275212	26.756
1653196	0.0275212	26.756
1655594	0.0275212	26.7561
1656430	0.0275212	26.7561
1657918	0.0275212	26.7561
1658481	0.0275212	26.7562
1659446	0.0275212	26.7565
1672183	0.0275212	26.7566
1674847	0.0275212	26.7566
1676205	0.0275212	26.7566
1676427	0.0275212	26.7566
1676848	0.0275212	26.7567
1677658	0.0275212	26.7567
1678324	0.0275212	26.7568
1681605	0.0275212	26.7568
1683777	0.0275212	26.7568
1683784	0.0275212	26.7569
1685912	0.0275212	26.757
1690537	0.0275212	26.7571
1693182	0.0275212	26.7571
1695235	0.0275212	26.7572
1695782	0.0275212	26.7572
1697918	0.0275212	26.7573
1701271	0.0275212	26.7573
1702102	0.0275212	26.7574
1704016	0.0275212	26.7574
1704929	0.0275212	26.7574
1705654	0.0275212	26.7574
1706243	0.0275212	26.758
1725698	0.0275212	26.758
1727379	0.0275212	26.7583
1736171	0.0275212	26.7585
1744361	0.0275212	26.7585
1745641	0.0275212	26.7585
1746165	0.0275212	26.7586
1748051	0.0275212	26.7586
1748414	0.0275212	26.7587
1751349	0.0275212	26.7587
1752464	0.0275212	26.7587
1753443	0.0275212	26.7588
1753833	0.0275212	26.759
1763217	0.0275212	26.7594
1779009	0.0275212	26.7595
1780614	0.0275212	26.7595
1781082	0.0275212	26.7596
1783118	0.0275212	26.7596
1783687	0.0275212	26.7597
1787859	0.0275212	26.7597
1788518	0.0275212	26.7597
1788925	0.0275212	26.7598
1791720	0.0275212	26.7598
1793213	0.0275212	26.7599
1794081	0.0275212	26.7599
1796301	0.0275212	26.7599
1797289	0.0275212	26.76
1799879	0.0275212	26.76
1800380	0.0275212	26.76
1800953	0.0275212	26.7603
1810753	0.0275212	26.7604
1812970	0.0275212	26.7604
1813124	0.0275212	26.7605
1818116	0.0275212	26.7605
1818152	0.0275212	26.7605
1818253	0.0275212	26.7605
1818681	0.0275212	26.7606
1821106	0.0275212	26.7606
1822604	0.0275212	26.7607
1824165	0.0275212	26.7607
1824411	0.0275212	26.7609
1831626	0.0275212	26.7609
1833450	0.0275212	26.7611
1840679	0.0275212	26.7612
1841375	0.0275212	26.7612
1842048	0.0275212	26.7613
1845267	0.0275212	26.7615
1852475	0.0275212	26.7615
1853597	0.0275212	26.7615
1854573	0.0275212	26.7616
1855616	0.0275212	26.7616
1857013	0.0275212	26.7617
1859399	0.0275212	26.7617
1861924	0.0275212	26.7618
1865461	0.0275212	26.7618
1866015	0.0275212	26.762
1871014	0.0275212	26.762
1873269	0.0275212	26.7621
1876352	0.0275212	26.7625
1888231	0.0275212	26.7625
1888723	0.0275212	26.7626
1892454	0.0275212	26.7626
1892592	0.0275212	26.7628
1900553	0.0275212	26.7629
1904290	0.0275212	26.7629
1904302	0.0275212	26.7629
1905237	0.0275212	26.7629
1906252	0.0275212	26.763
1906625	0.0275212	26.763
1908776	0.0275212	26.7632
1916936	0.0275212	26.7633
1919912	0.0275212	26.7633
1920301	0.0275212	26.7636
1929484	0.0275212	26.7636
1929523	0.0275212	26.7636
1930645	0.0275212	26.7638
1938005	0.0275212	26.7639
1939666	0.0275212	26.764
1944366	0.0275212	26.7641
1949157	0.0275212	26.7643
1953699	0.0275212	26.7644
1958717	0.0275212	26.7644
1959881	0.0275212	26.7645
1961110	0.0275212	26.7646
1966692	0.0275212	26.7647
1968236	0.0275212	26.7647
1970944	0.0275212	26.7647
1971697	0.0275212	26.7648
1974325	0.0275212	26.7649
1978321	0.0275212	26.765
1981835	0.0275212	26.7654
1994015	0.0275212	26.7654
1994414	0.0275212	26.7654
1995765	0.0275212	26.7655
1999826	0.0275212	26.7655
2000343	0.0275212	26.7656
2002954	0.0275212	26.7656
2003095	0.0275212	26.7656
2003802	0.0275212	26.7657
2005887	0.0275212	26.7657
2006873	0.0275212	26.7658
2011763	0.0275212	26.7659
2011917	0.0275212	26.7659
2014646	0.0275212	26.7663
2026660	0.0275212	26.7663
2028204	0.0275212	26.7665
2034463	0.0275212	26.7666
2038576	0.0275212	26.7666
2039663	0.0275212	26.7668
2045829	0.0275212	26.767
2052887	0.0275212	26.7671
2055528	0.0275212	26.7671
2055833	0.0275212	26.7672
2061661	0.0275212	26.7673
2065702	0.0275212	26.7674
2067065	0.0275212	26.7677
2077536	0.0275212	26.7677
2077568	0.0275212	26.7677
2078362	0.0275212	26.7677
2080184	0.0275212	26.7677
2080323	0.0275212	26.7678
2082190	0.0275212	26.7678
2082401	0.0275212	26.7678
2083043	0.0275212	26.7679
2086806	0.0275212	26.768
2088704	0.0275212	26.768
2090110	0.0275212	26.7681
2094004	0.0275212	26.7681
2095206	0.0275212	26.7682
2095569	0.0275212	26.7682
2098005	0.0275212	26.7683
2099381	0.0275212	26.7683
2099667	0.0275212	26.7683
2101436	0.0275212	26.7684
2103637	0.0275212	26.7684
2103648	0.0275212	26.7686
2110580	0.0275212	26.7686
2112267	0.0275212	26.7687
2114523	0.0275212	26.7687
2116400	0.0275212	26.7688
2118160	0.0275212	26.7688
2120372	0.0275212	26.7688
2120446	0.0275212	26.7689
2121331	0.0275212	26.7691
2129114	0.0275212	26.7694
2139123	0.0275212	26.7694
2142191	0.0275212	26.7696
2148430	0.0275212	26.7697
2149893	0.0275212	26.7697
2150042	0.0275212	26.7698
2153773	0.0275212	26.7698
2154462	0.0275212	26.7699
2159112	0.0275212	26.77
2160851	0.0275212	26.7701
2167224	0.0275212	26.7701
2167229	0.0275212	26.7702
2171395	0.0275212	26.7704
2176190	0.0275212	26.7704
2176602	0.0275212	26.7706
2182800	0.0275212	26.7706
2183312	0.0275212	26.7706
2185225	0.0275212	26.7707
2189588	0.0275212	26.7709
2196754	0.0275212	26.771
2198279	0.0275212	26.771
2199327	0.0275212	26.771
2200536	0.0275212	26.771
2200550	0.0275212	26.7712
2204689	0.0275212	26.7713
2211382	0.0275212	26.7714
2212933	0.0275212	26.7714
2214901	0.0275212	26.7716
2221788	0.0275212	26.7716
2222333	0.0275212	26.7718
2228584	0.0275212	26.7719
2233290	0.0275212	26.7719
2233321	0.0275212	26.772
2233717	0.0275212	26.772
2234611	0.0275212	26.772
2235361	0.0275212	26.7722
2240787	0.0275212	26.7722
2241945	0.0275212	26.7722
2242148	0.0275212	26.7722
2244284	0.0275212	26.7725
2253928	0.0275212	26.7725
2255066	0.0275212	26.7726
2258131	0.0275212	26.7727
2259990	0.0275212	26.7727
2260019	0.0275212	26.7727
2260466	0.0275212	26.7727
2260679	0.0275212	26.7729
2266130	0.0275212	26.7729
2266182	0.0275212	26.773
2271056	0.0275212	26.7731
2273400	0.0275212	26.7731
2274405	0.0275212	26.7732
2280648	0.0275212	26.7733
2281070	0.0275212	26.7733
2281356	0.0275212	26.7733
2281730	0.0275212	26.7734
2284575	0.0275212	26.7734
2285299	0.0275212	26.7734
2287277	0.0275212	26.7734
2287699	0.0275212	26.7735
2288033	0.0275212	26.7736
2293228	0.0275212	26.7736
2293899	0.0275212	26.7737
2296967	0.0275212	26.7738
2299807	0.0275212	26.7739
2303546	0.0275212	26.7741
2313301	0.0275212	26.7742
2313563	0.0275212	26.7742
2316679	0.0275212	26.7743
2318163	0.0275212	26.7744
2320826	0.0275212	26.7744
2321159	0.0275212	26.7744
2321887	0.0275212	26.7745
2327037	0.0275212	26.7746
2329762	0.0275212	26.7746
2330725	0.0275212	26.7747
2333718	0.0275212	26.7749
2341650	0.0275212	26.7749
2342196	0.0275212	26.7751
2346894	0.0275212	26.7752
2350544	0.0275212	26.7752
2352589	0.0275212	26.7754
2357261	0.0275212	26.7754
2360550	0.0275212	26.7755
2360967	0.0275212	26.7755
2362512	0.0275212	26.7756
2367778	0.0275212	26.7758
2373020	0.0275212	26.7759
2376174	0.0275212	26.7759
2376951	0.0275212	26.7759
2376997	0.0275212	26.7759
2378023	0.0275212	26.776
2379741	0.0275212	26.7763
2391856	0.0275212	26.7763
2392866	0.0275212	26.7764
2395369	0.0275212	26.7764
2395522	0.0275212	26.7765
2397069	0.0275212	26.7765
2397417	0.0275212	26.7765
2399454	0.0275212	26.7766
2401092	0.0275212	26.7766
2402146	0.0275212	26.7768
2407947	0.0275212	26.7769
2412272	0.0275212	26.7769
2414379	0.0275212	26.7771
2418754	0.0275212	26.7771
2419043	0.0275212	26.7772
2424336	0.0275212	26.7778
2444168	0.0275212	26.7778
2447100	0.0275212	26.7779
2450271	0.0275212	26.7781
2455906	0.0275212	26.7782
2459208	0.0275212	26.7782
2460026	0.0275212	26.7783
2465434	0.0275212	26.7784
2466223	0.0275212	26.7784
2468217	0.0275212	26.7785
2470260	0.0275212	26.7785
2470747	0.0275212	26.7787
2477793	0.0275212	26.7788
2481409	0.0275212	26.7788
2482413	0.0275212	26.7789
2484152	0.0275212	26.7789
2486431	0.0275212	26.7792
2495173	0.0275212	26.7796
2511419	0.0275212	26.7797
2516021	0.0275212	26.7798
2516898	0.0275212	26.7798
2520186	0.0275212	26.7799
2520980	0.0275212	26.78
2524906	0.0275212	26.7802
2531584	0.0275212	26.7802
2532735	0.0275212	26.7803
2536879	0.0275212	26.7803
2537834	0.0275212	26.7805
2543570	0.0275212	26.7805
2544310	0.0275212	26.7808
2554213	0.0275212	26.7808
2555029	0.0275212	26.7808
2555635	0.0275212	26.7809
2558672	0.0275212	26.7809
2559739	0.0275212	26.781
2560610	0.0275212	26.781
2562811	0.0275212	26.781
2563023	0.0275212	26.781
2563592	0.0275212	26.7812
2569589	0.0275212	26.7813
2572293	0.0275212	26.7815
2579026	0.0275212	26.7815
2581127	0.0275212	26.7815
2581884	0.0275212	26.7816
2584615	0.0275212	26.7817
2586996	0.0275212	26.7818
2589930	0.0275212	26.7818
2590193	0.0275212	26.7818
2591110	0.0275212	26.782
2597863	0.0275212	26.7821
2600771	0.0275212	26.7822
2604440	0.0275212	26.7825
2618275	0.0275212	26.7825
2618540	0.0275212	26.7826
2620638	0.0275212	26.7826
2621737	0.0275212	26.7828
2627261	0.0275212	26.7828
2627904	0.0275212	26.7829
2630470	0.0275212	26.7829
2630536	0.0275212	26.783
2634636	0.0275212	26.783
2636169	0.0275212	26.7832
2640824	0.0275212	26.7832
2641747	0.0275212	26.7833
2645519	0.0275212	26.7834
2647920	0.0275212	26.7834
2649837	0.0275212	26.7834
2650949	0.0275212	26.7836
2657761	0.0275212	26.7837
2660529	0.0275212	26.7837
2661033	0.0275212	26.7838
2662517	0.0275212	26.7839
2668063	0.0275212	26.784
2669712	0.0275212	26.784
2670579	0.0275212	26.7841
2674899	0.0275212	26.7842
2678583	0.0275212	26.7843
2681642	0.0275212	26.7844
2686400	0.0275212	26.7845
2689682	0.0275212	26.7845
2690184	0.0275212	26.7846
2692445	0.0275212	26.7848
2699133	0.0275212	26.7848
2700310	0.0275212	26.7848
2701110	0.0275212	26.7848
2701884	0.0275212	26.785
2706670	0.0275212	26.785
2706811	0.0275212	26.785
2706872	0.0275212	26.7852
2715735	0.0275212	26.7853
2718592	0.0275212	26.7854
2721999	0.0275212	26.7856
2728775	0.0275212	26.7856
2728849	0.0275212	26.7856
2729988	0.0275212	26.7859
2739955	0.0275212	26.786
2742577	0.0275212	26.7861
2746432	0.0275212	26.7861
2747701	0.0275212	26.7863
2753184	0.0275212	26.7863
2754604	0.0275212	26.7863
2755469	0.0275212	26.7864
2757531	0.0275212	26.7865
2761098	0.0275212	26.7865
2763113	0.0275212	26.7868
2772430	0.0275212	26.7869
2776710	0.0275212	26.7869
2777628	0.0275212	26.7869
2778381	0.0275212	26.7871
2783870	0.0275212	26.7872
2789238	0.0275212	26.7876
2801721	0.0275212	26.7876
2802430	0.0275212	26.7877
2803923	0.0275212	26.7877
2805437	0.0275212	26.7877
2806196	0.0275212	26.7879
2811249	0.0275212	26.7879
2812410	0.0275212	26.788
2816077	0.0275212	26.788
2816361	0.0275212	26.7881
2819698	0.0275212	26.7881
2821122	0.0275212	26.7882
2822348	0.0275212	26.7882
2823887	0.0275212	26.7882
2824542	0.0275212	26.7883
2828567	0.0275212	26.7883
2828781	0.0275212	26.7884
2830541	0.0275212	26.7884
2832716	0.0275212	26.7885
2835270	0.0275212	26.7885
2836139	0.0275212	26.7886
2839013	0.0275212	26.7886
2839084	0.0275212	26.7887
2842785	0.0275212	26.7887
2842896	0.0275212	26.7888
2847316	0.0275212	26.7889
2848234	0.0275212	26.7889
2849663	0.0275212	26.7891
2856238	0.0275212	26.7892
2859038	0.0275212	26.7892
2861117	0.0275212	26.7893
2865220	0.0275212	26.7894
2866513	0.0275212	26.7894
2869118	0.0275212	26.7895
2870705	0.0275212	26.7896
2875541	0.0275212	26.7898
2882919	0.0275212	26.7901
2891379	0.0275212	26.7901
2893935	0.0275212	26.7901
2894595	0.0275212	26.7904
2902391	0.0275212	26.7905
2905967	0.0275212	26.7905
2908267	0.0275212	26.7906
2910590	0.0275212	26.7906
2912119	0.0275212	26.7907
2915038	0.0275212	26.7907
2915937	0.0275212	26.7908
2919519	0.0275212	26.7909
2923509	0.0275212	26.7912
2931618	0.0275212	26.7912
2933319	0.0275212	26.7913
2934864	0.0275212	26.7914
2941512	0.0275212	26.7914
2941529	0.0275212	26.7916
2947611	0.0275212	26.7916
2947683	0.0275212	26.7917
2950496	0.0275212	26.7918
2955722	0.0275212	26.7919
2957218	0.0275212	26.792
2961342	0.0275212	26.792
2961938	0.0275212	26.7921
2966261	0.0275212	26.7923
2974454	0.0275212	26.7924
2974819	0.0275212	26.7924
2976196	0.0275212	26.7925
2978706	0.0275212	26.7926
2983125	0.0275212	26.793
2997876	0.0275212	26.793
2999185	0.0275212	26.793
2999216	0.0275212	26.793
2999916	0.0275212	26.7934
3013651	0.0275212	26.7936
3021450	0.0275212	26.7938
3028815	0.0275212	26.7938
3029071	0.0275212	26.7939
3030707	0.0275212	26.7939
3030900	0.0275212	26.794
3034410	0.0275212	26.794
3036228	0.0275212	26.7941
3037563	0.0275212	26.7941
3038376	0.0275212	26.7941
3039354	0.0275212	26.7942
3042132	0.0275212	26.7943
3045488	0.0275212	26.7943
3045607	0.0275212	26.7944
3048798	0.0275212	26.7944
3049088	0.0275212	26.7945
3051864	0.0275212	26.7946
3056796	0.0275212	26.7947
3059677	0.0275212	26.7947
3060988	0.0275212	26.7947
3061194	0.0275212	26.7948
3063950	0.0275212	26.7948
3064592	0.0275212	26.7948
3065238	0.0275212	26.795
3069324	0.0275212	26.795
3069458	0.0275212	26.795
3069767	0.0275212	26.7952
3076892	0.0275212	26.7952
3077858	0.0275212	26.7953
3081146	0.0275212	26.7954
3083745	0.0275212	26.7955
3087701	0.0275212	26.7955
3088199	0.0275212	26.7955
3088777	0.0275212	26.7955
3089008	0.0275212	26.7955
3089455	0.0275212	26.7955
3089622	0.0275212	26.7956
3093149	0.0275212	26.7957
3096346	0.0275212	26.7958
3099868	0.0275212	26.7958
3101287	0.0275212	26.7959
3103829	0.0275212	26.7959
3105310	0.0275212	26.796
3108759	0.0275212	26.7961
3109672	0.0275212	26.7962
3116086	0.0275212	26.7962
3116187	0.0275212	26.7963
3117841	0.0275212	26.7964
3122967	0.0275212	26.7965
3125610	0.0275212	26.7965
3126127	0.0275212	26.7967
3131963	0.0275212	26.7968
3134582	0.0275212	26.7968
3136561	0.0275212	26.7968
3137884	0.0275212	26.7969
3139151	0.0275212	26.7969
3139191	0.0275212	26.797
3142316	0.0275212	26.797
3142562	0.0275212	26.7974
3158976	0.0275212	26.7974
3159194	0.0275212	26.7976
3166777	0.0275212	26.7978
3172917	0.0275212	26.798
3180168	0.0275212	26.798
3180261	0.0275212	26.7981
3182777	0.0275212	26.7981
3183859	0.0275212	26.7982
3187603	0.0275212	26.7984
3195253	0.0275212	26.7986
3202545	0.0275212	26.7986
3203229	0.0275212	26.7987
3205094	0.0275212	26.7987
3206113	0.0275212	26.7988
3209094	0.0275212	26.7988
3210768	0.0275212	26.7989
3212536	0.0275212	26.7989
3213002	0.0275212	26.7991
3219473	0.0275212	26.7991
3219822	0.0275212	26.7991
3220842	0.0275212	26.7992
3224172	0.0275212	26.7993
3227401	0.0275212	26.7993
3228839	0.0275212	26.7995
3234482	0.0275212	26.7995
3236194	0.0275212	26.7996
3237009	0.0275212	26.7996
3237937	0.0275212	26.7996
3239147	0.0275212	26.7997
3241326	0.0275212	26.7999
3248913	0.0275212	26.7999
3249260	0.0275212	26.8
3252923	0.0275212	26.8004
3267160	0.0275212	26.8006
3273206	0.0275212	26.8006
3274985	0.0275212	26.8008
3280710	0.0275212	26.8009
3286018	0.0275212	26.8009
3286325	0.0275212	26.8011
3291375	0.0275212	26.8012
3295157	0.0275212	26.8013
3301523	0.0275212	26.8016
3311929	0.0275212	26.8018
3316309	0.0275212	26.8018
3317151	0.0275212	26.8018
3318842	0.0275212	26.8019
3320314	0.0275212	26.8019
3323175	0.0275212	26.802
3324487	0.0275212	26.802
3326099	0.0275212	26.8022
3332594	0.0275212	26.8022
3334315	0.0275212	26.8023
3337087	0.0275212	26.8024
3338191	0.0275212	26.803
3360882	0.0275212	26.8031
3363540	0.0275212	26.8031
3364343	0.0275212	26.8032
3367212	0.0275212	26.8033
3372323	0.0275212	26.8034
3374383	0.0275212	26.8034
3377349	0.0275212	26.8034
3377679	0.0275212	26.8035
3379756	0.0275212	26.8037
3388496	0.0275212	26.8038
3391558	0.0275212	26.8039
3395904	0.0275212	26.804
3396480	0.0275212	26.804
3398625	0.0275212	26.804
3399273	0.0275212	26.8042
3404629	0.0275212	26.8043
3410459	0.0275212	26.8044
3411671	0.0275212	26.8044
3413164	0.0275212	26.8045
3415461	0.0275212	26.8046
3417986	0.0275212	26.8047
3421679	0.0275212	26.8047
3424561	0.0275212	26.8048
3425872	0.0275212	26.8048
3427582	0.0275212	26.805
3434085	0.0275212	26.805
3435053	0.0275212	26.805
3435474	0.0275212	26.8052
3442666	0.0275212	26.8052
3443113	0.0275212	26.8054
3447982	0.0275212	26.8054
3450448	0.0275212	26.8055
3452366	0.0275212	26.8057
3458010	0.0275212	26.8057
3459492	0.0275212	26.8057
3460262	0.0275212	26.8058
3465049	0.0275212	26.806
3472090	0.0275212	26.806
3472385	0.0275212	26.8061
3474461	0.0275212	26.8063
3480592	0.0275212	26.8064
3485946	0.0275212	26.8064
3486675	0.0275212	26.8065
3487326	0.0275212	26.8065
3489006	0.0275212	26.8066
3490867	0.0275212	26.8068
3499102	0.0275212	26.8068
3500878	0.0275212	26.8069
3501750	0.0275212	26.8069
3502241	0.0275212	26.8071
3510136	0.0275212	26.8071
3510617	0.0275212	26.8071
3511544	0.0275212	26.8071
3512210	0.0275212	26.8074
3519847	0.0275212	26.8075
3524699	0.0275212	26.8075
3525023	0.0275212	26.8076
3529152	0.0275212	26.8077
3532143	0.0275212	26.8078
3535936	0.0275212	26.8078
3536144	0.0275212	26.8078
3537548	0.0275212	26.8079
3540211	0.0275212	26.8082
3549778	0.0275212	26.8082
3550270	0.0275212	26.8083
3552743	0.0275212	26.8083
3553018	0.0275212	26.8083
3554837	0.0275212	26.8084
3557653	0.0275212	26.8084
3558064	0.0275212	26.8085
3560333	0.0275212	26.8085
3560396	0.0275212	26.8086
3565363	0.0275212	26.8086
3566512	0.0275212	26.8089
3574386	0.0275212	26.8089
3575977	0.0275212	26.8089
3576487	0.0275212	26.809
3579726	0.0275212	26.8091
3583338	0.0275212	26.8091
3583620	0.0275212	26.8092
3586818	0.0275212	26.8092
3587594	0.0275212	26.8092
3587884	0.0275212	26.8092
3588332	0.0275212	26.8092
3588355	0.0275212	26.8093
3589005	0.0275212	26.8095
3598005	0.0275212	26.8096
3601618	0.0275212	26.8097
3605624	0.0275212	26.8097
3605943	0.0275212	26.8098
3607077	0.0275212	26.8098
3608099	0.0275212	26.8099
3611702	0.0275212	26.8099
3612668	0.0275212	26.8101
3619313	0.0275212	26.8103
3628460	0.0275212	26.8104
3631640	0.0275212	26.8104
3631817	0.0275212	26.8106
3636355	0.0275212	26.8106
3636618	0.0275212	26.8107
3641075	0.0275212	26.8107
3641899	0.0275212	26.8108
3644029	0.0275212	26.8108
3646035	0.0275212	26.811
3652202	0.0275212	26.811
3653407	0.0275212	26.8111
3656264	0.0275212	26.8111
3657771	0.0275212	26.8112
3659061	0.0275212	26.8112
3660893	0.0275212	26.8113
3662018	0.0275212	26.8114
3666691	0.0275212	26.8114
3666834	0.0275212	26.8114
3668213	0.0275212	26.8114
3668544	0.0275212	26.8115
3669088	0.0275212	26.8115
3670404	0.0275212	26.8115
3670622	0.0275212	26.8115
3672023	0.0275212	26.8116
3673243	0.0275212	26.8116
3673792	0.0275212	26.8116
3673980	0.0275212	26.8117
3675971	0.0275212	26.8119
3684831	0.0275212	26.8119
3684892	0.0275212	26.812
3687811	0.0275212	26.8121
3693176	0.0275212	26.8122
3694246	0.0275212	26.8122
3696360	0.0275212	26.8123
3701007	0.0275212	26.8125
3705540	0.0275212	26.8125
3705560	0.0275212	26.8125
3707220	0.0275212	26.8126
3710158	0.0275212	26.8128
3717548	0.0275212	26.8129
3721128	0.0275212	26.8129
3721656	0.0275212	26.8129
3721877	0.0275212	26.8129
3722030	0.0275212	26.813
3724180	0.0275212	26.813
3724665	0.0275212	26.8131
3726861	0.0275212	26.8131
3729295	0.0275212	26.8133
3737146	0.0275212	26.8134
3740368	0.0275212	26.8135
3742658	0.0275212	26.8135
3743527	0.0275212	26.8135
3744396	0.0275212	26.8136
3746008	0.0275212	26.8136
3746231	0.0275212	26.8136
3747948	0.0275212	26.8137
3749902	0.0275212	26.8138
3753495	0.0275212	26.8139
3756984	0.0275212	26.8139
3757222	0.0275212	26.814
3761926	0.0275212	26.8141
3765096	0.0275212	26.8142
3767565	0.0275212	26.8142
3770383	0.0275212	26.8143
3770571	0.0275212	26.8143
3770668	0.0275212	26.8143
3772730	0.0275212	26.8144
3776868	0.0275212	26.8144
3776956	0.0275212	26.8144
3777623	0.0275212	26.8146
3781639	0.0275212	26.8146
3782696	0.0275212	26.8146
3782699	0.0275212	26.8147
3786988	0.0275212	26.8147
3787942	0.0275212	26.8148
3790236	0.0275212	26.8148
3791797	0.0275212	26.8149
3793623	0.0275212	26.815
3797017	0.0275212	26.815
3798790	0.0275212	26.815
3798812	0.0275212	26.8151
3799538	0.0275212	26.8151
3802375	0.0275212	26.8152
3803265	0.0275212	26.8152
3803294	0.0275212	26.8152
3804142	0.0275212	26.8152
3806032	0.0275212	26.8154
3811157	0.0275212	26.8154
3812272	0.0275212	26.8154
3812851	0.0275212	26.8155
3815929	0.0275212	26.8155
3816753	0.0275212	26.8156
3818355	0.0275212	26.8157
3822885	0.0275212	26.8157
3823428	0.0275212	26.8158
3825016	0.0275212	26.8158
3826878	0.0275212	26.8158
3828262	0.0275212	26.8159
3831459	0.0275212	26.816
3832728	0.0275212	26.8161
3835980	0.0275212	26.8161
3837439	0.0275212	26.8163
3845167	0.0275212	26.8163
3846373	0.0275212	26.8163
3846701	0.0275212	26.8164
3849381	0.0275212	26.8164
3849488	0.0275212	26.8165
3851944	0.0275212	26.8165
3853427	0.0275212	26.8165
3853865	0.0275212	26.8166
3855554	0.0275212	26.8167
3857933	0.0275212	26.8169
3867192	0.0275212	26.8169
3867810	0.0275212	26.817
3869803	0.0275212	26.8171
3873157	0.0275212	26.8171
3875639	0.0275212	26.8171
3875773	0.0275212	26.8172
3877356	0.0275212	26.8172
3878446	0.0275212	26.8174
3886145	0.0275212	26.8176
3891508	0.0275212	26.8176
3893311	0.0275212	26.8178
3898995	0.0275212	26.8179
3901886	0.0275212	26.8179
3902476	0.0275212	26.818
3906868	0.0275212	26.8181
3908910	0.0275212	26.8181
3910495	0.0275212	26.8182
3913501	0.0275212	26.8182
3915501	0.0275212	26.8183
3919237	0.0275212	26.8185
3924161	0.0275212	26.8186
3928174	0.0275212	26.8186
3928904	0.0275212	26.8186
3929829	0.0275212	26.8187
3932668	0.0275212	26.8188
3934014	0.0275212	26.8189
3937875	0.0275212	26.8189
3939170	0.0275212	26.8189
3939339	0.0275212	26.819
3941494	0.0275212	26.8191
3948395	0.0275212	26.8192
3949668	0.0275212	26.8194
3956540	0.0351269	26.8194
3956753	0.0351269	26.8194
3958060	0.0351269	26.8194
3958179	0.0351269	26.8195
3959240	0.0351269	26.8195
3960353	0.0351269	26.8199
3970632	0.0351269	26.8201
3977965	0.0351269	26.8205
3987861	0.110165	26.8205
3988352	0.110165	26.8211
3993454	0.185654	26.8212
3994151	0.185654	26.8218
3997112	7.37158	26.8572
4001915	43.6981	26.8811
4002463	43.6981	26.8963
4002811	43.6981	27.1346
4008263	43.6981	27.2345
4010550	43.6981	27.3009
4012070	43.6981	27.4145
4014669	43.6981	27.4357
4015154	43.6981	27.5031
4016696	43.6981	27.587
4018616	43.6981	27.6263
4019517	43.6981	27.8916
4025588	43.6981	27.9281
4026423	43.6981	28.1826
4032247	43.6981	28.2757
4034377	43.6981	28.6325
4042541	43.6981	28.9958
4050855	43.6981	29.0395
4051857	43.6981	29.1626
4054674	43.6981	29.1924
4055354	43.6981	29.2162
4055900	43.6981	29.2382
4056404	43.6981	29.2681
4057087	43.6981	29.3799
4059645	43.6981	29.5449
4063422	43.6981	29.6764
4066431	43.6981	29.6862
4066656	43.6981	29.8594
4070618	43.6981	29.8639
4070722	43.6981	30.0173
4074232	43.6981	30.3849
4082645	43.6981	30.4156
4083347	43.6981	30.5489
4086397	43.6981	30.5625
4086708	43.6981	30.6659
4089074	43.6981	30.8501
4093290	43.6981	30.9644
4095905	43.6981	31.2554
4102565	43.6981	31.4418
4106830	43.6981	31.6255
4111034	43.6981	31.9798
4119143	43.6981	32.1058
4122027	43.6981	32.1785
4123689	43.6981	32.2125
4124467	43.6981	32.3192
4126910	43.6981	32.3283
4127119	43.6981	32.4126
4129047	43.6981	32.4424
4129730	43.6981	32.5948
4133216	43.6981	32.7621
4137046	43.6981	32.8685
4139480	43.6981	33.316
4149721	43.6981	33.3668
4150884	43.6981	33.4102
4151877	43.6981	33.4838
4153560	43.6981	33.6839
4158139	43.6981	34.043
4166358	43.6981	34.0854
4167327	43.6981	34.1276
4168293	43.6981	34.2245
4170512	43.6981	34.3094
4172455	43.6981	34.3378
4173104	43.6981	34.3758
4173974	43.6981	34.3915
4174333	43.6981	34.421
4175009	43.6981	34.5736
4178500	43.6981	34.8763
4185427	43.6981	34.9863
4187944	43.6981	35.1448
4191572	43.6981	35.181
4192401	43.6981	35.6952
4204168	43.6981	35.7386
4205160	43.6981	35.8287
4207222	43.6981	35.8837
4208481	43.6981	36.1166
4213811	43.6981	36.2594
4217079	43.6981	36.4393
4221196	43.6981	36.5117
4222851	43.6981	36.6332
4225632	43.6981	36.7366
4227998	43.6981	36.8551
4230710	43.6981	36.9379
4232606	43.6981	36.9394
4232639	43.6981	37.5189
4245901	43.6981	37.5594
4246827	43.6981	37.633
4248512	43.6981	37.6728
4249422	43.6981	37.823
4252860	43.6981	37.9864
4256599	43.6981	38.0047
4257018	43.6981	38.1358
4260018	43.6981	38.2414
4262436	43.6981	38.4307
4266766	43.6981	38.5704
4269965	43.6981	38.6228
4271163	43.6981	38.811
4275470	43.6981	38.8587
4276562	43.6981	39.0988
4282056	43.6981	39.1766
4283837	43.6981	39.1907
4284159	43.6981	39.4227
4289468	43.6981	39.4549
4290206	43.6981	39.5782
4293026	43.6981	39.6174
4293924	43.6981	39.9265
4300998	43.6981	39.9578
4301713	43.6981	40.0114
4302940	43.6981	40.5734
4315802	43.6981	40.5976
4316355	43.6981	40.6498
4317550	43.6981	40.6624
4317839	43.6981	40.6856
4318370	43.6981	40.9823
4325158	43.6981	41.0245
4326125	43.6981	41.1723
4329507	43.6981	41.2032
4330214	43.6981	41.2633
4331590	43.6981	41.4023
4334771	43.6981	41.5776
4338782	43.6981	41.6359
4340116	43.6981	41.761
4342979	43.6981	41.8619
4345288	43.6981	42.3426
4356288	43.6981	42.5843
4361820	43.6981	42.6458
4363227	43.6981	42.8311
4367467	43.6981	42.919
4369478	43.6981	43.1417
4374575	43.6981	43.5322
4383512	43.6981	43.7897
4389403	43.6981	44.2275
4399423	43.6981	44.3276
4401714	43.6981	44.405
4403485	43.6981	44.4192
4403810	43.6981	44.4256
4403957	43.6981	44.9223
4415322	43.6981	44.9274
4415439	43.6981	44.9683
4416375	43.6981	45.0171
4417493	43.6981	45.0234
4417636	43.6981	45.0561
4418384	43.6981	45.071
4418725	43.6981	45.0961
4419301	43.6981	45.1084
4419581	43.6981	45.2243
4422235	43.6981	45.265
4423165	43.6981	45.6871
4432824	43.6981	45.847
4436484	43.6981	45.9559
4438977	43.6981	46.3713
4448483	43.6981	46.4493
4450267	43.6981	46.4499
4450282	43.6981	46.637
4454563	43.6981	46.8389
4459184	43.6981	46.8708
4459913	43.6981	46.9225
4461097	43.6981	46.9625
4462012	43.6981	47.1021
4465205	43.6981	47.1038
4465245	43.6981	47.1371
4466008	43.6981	47.1399
4466071	43.6981	47.4348
4472819	43.6981	47.6394
4477502	43.6981	47.7315
4479609	43.6981	47.7477
4479980	43.6981	47.7855
4480845	43.6981	47.8744
4482879	43.6981	48.3037
4492704	43.6981	48.3268
4493233	43.6981	48.4261
4495504	43.6981	48.4646
4496386	43.6981	48.518
4497607	43.6981	48.961
4507746	43.6981	49.0071
4508800	43.6981	49.105
4511042	43.6981	49.5077
4520257	43.6981	49.6731
4524041	43.6981	49.8159
4527310	43.6981	49.8688
4528519	43.6981	49.9307
4529936	43.6981	50.123
4534337	43.6981	50.2616
4537508	43.6981	50.485
4542621	43.6981	50.6916
4547350	43.6981	50.9119
4552390	43.6981	51.0491
4555530	43.6981	51.224
4559532	43.6981	51.3137
4561585	43.6981	51.3542
4562512	43.6981	51.4255
4564144	43.6981	51.4359
4564381	43.6981	51.5452
4566883	43.6981	51.5547
4567101	43.6981	51.5986
4568106	43.6981	51.6078
4568316	43.6981	51.7948
4572595	43.6981	51.827
4573333	43.6981	51.9593
4576359	43.6981	52.013
4577589	43.6981	52.1756
4581309	43.6981	52.2745
4583572	43.6981	52.5908
4590811	43.6981	52.7513
4594483	43.6981	53.0045
4600278	43.6981	53.1743
4604165	43.6981	53.1888
4604497	43.6981	53.1943
4604621	43.6981	53.199
4604730	43.6981	53.259
4606102	43.6981	53.6111
4614159	43.6981	53.677
4615668	43.6981	53.718
4616606	43.6981	53.8619
4619899	43.6981	53.9756
4622501	43.6981	54.1494
4626479	43.6981	54.2355
4628449	43.6981	54.5588
4635848	43.6981	54.7323
4639819	43.6981	54.8767
4643122	43.6981	54.8887
4643396	43.6981	55.3207
4653283	43.6981	55.4039
4655186	43.6981	55.4182
4655515	43.6981	55.6256
4660260	43.6981	55.6641
4661142	43.6981	55.6989
4661938	43.6981	55.7752
4663685	43.6981	55.9391
4667434	43.6981	56.5837
4682186	43.6981	56.7415
4685798	43.6981	56.9532
4690642	43.6981	57.1484
4695108	43.6981	57.2735
4697972	43.6981	57.3098
4698803	43.6981	57.3836
4700490	43.6981	57.4569
4702169	43.6981	57.5227
4703675	43.6981	57.7572
4709041	43.6981	57.9504
4713461	43.6981	58.0319
4715327	43.6981	58.0556
4715869	43.6981	58.2652
4720667	43.6981	58.4572
4725060	43.6981	58.4788
4725553	43.6981	58.561
4727435	43.6981	58.5692
4727622	43.6981	58.771
4732240	43.6981	58.9957
4737384	43.6981	59.2405
4742984	43.6981	59.3664
4745865	43.6981	59.4692
4748218	43.6981	59.5801
4750757	43.6981	59.6464
4752273	43.6981	59.7387
4754387	43.6981	59.869
4757368	43.6981	60.105
4762769	43.6981	60.5896
4773859	43.6981	60.6566
4775392	43.6981	60.6702
4775702	43.6981	60.6835
4776006	43.6981	60.6903
4776163	43.6981	61.0274
4783877	43.6981	61.0626
4784683	43.6981	61.1338
4786311	43.6981	61.1464
4786601	43.6981	61.1745
4787243	43.6981	61.1973
4787764	43.6981	61.4059
4792538	43.6981	61.464
4793868	43.6981	61.5988
4796952	43.6981	61.6048
4797091	43.6981	61.6435
4797975	43.6981	61.7982
4801515	43.6981	61.982
4805723	43.6981	62.0363
4806966	43.6981	62.0799
4807962	43.6981	62.1324
4809164	43.6981	62.142
4809384	43.6981	62.2243
4811268	43.6981	62.3582
4814332	43.6981	62.5686
4819147	43.6981	62.5912
4819664	43.6981	62.9801
4828564	43.6981	63.0165
4829397	43.6981	63.0472
4830098	43.6981	63.0836
4830931	43.6981	63.2068
4833752	43.6981	63.2836
4835508	43.6981	63.4138
4838489	43.6981	63.5081
4840646	43.6981	63.6537
4843978	43.6981	64.0283
4852551	43.6981	64.1117
4854460	43.6981	64.2108
4856727	43.6981	64.2609
4857873	43.6981	64.2863
4858455	43.6981	64.2967
4858693	43.6981	64.3933
4860903	43.6981	64.4954
4863239	43.6981	64.6044
4865735	43.6981	64.9666
4874022	43.6981	65.3772
4883418	43.6981	65.5116
4886494	43.6981	65.5509
4887394	43.6981	65.6097
4888740	43.6981	65.6516
4889698	43.6981	65.9179
4895792	43.6981	66.0719
4899316	43.6981	66.4481
4907927	43.6981	66.5965
4911323	43.6981	66.8254
4916559	43.6981	66.8396
4916886	43.6981	66.905
4918382	43.6981	67.0683
4922119	43.6981	67.2141
4925455	43.6981	67.2373
4925986	43.6981	67.2809
4926983	43.6981	67.2957
4927322	43.6981	67.3538
4928652	43.6981	67.3705
4929034	43.6981	67.5059
4932134	43.6981	67.7874
4938575	43.6981	67.8831
4940764	43.6981	68.2932
4950150	43.6981	68.3411
4951246	43.6981	68.3522
4951501	43.6981	68.6917
4959269	43.6981	68.9434
4965030	43.6981	69.0294
4966997	43.6981	69.0899
4968381	43.6981	69.2938
4973048	43.6981	69.3143
4973516	43.6981	69.3735
4974872	43.6981	69.4838
4977395	43.6981	69.712
4982617	43.6981	69.7289
4983004	43.6981	69.759
4983693	43.6981	70.2573
