263	42.8982	0.0140277
590	42.8982	0.19124
4721	42.8982	0.23504
5742	42.8982	0.479173
11433	42.8982	0.49985
11915	42.8982	0.570847
13570	42.8982	0.689375
16333	42.8982	0.729957
17279	42.8982	0.735662
17412	42.8982	0.795076
18797	42.8982	0.864915
20425	42.8982	1.45301
34134	42.8982	1.4926
35057	42.8982	1.59976
37555	42.8982	1.63901
38470	42.8982	1.78307
41828	42.8982	1.79997
42222	42.8982	1.9097
44780	42.8982	1.9931
46724	42.8982	2.02776
47532	42.8982	2.10999
49449	42.8982	2.20051
51559	42.8982	2.2492
52694	42.8982	2.61465
61213	42.8982	2.77822
65026	42.8982	2.87478
67277	42.8982	2.93514
68684	42.8982	3.00944
70416	42.8982	3.17112
74185	42.8982	3.1909
74646	42.8982	3.62344
84729	42.8982	3.69315
86354	42.8982	3.81979
89306	42.8982	3.90258
91236	42.8982	3.96414
92671	42.8982	4.09211
95654	42.8982	4.48433
104797	42.8982	4.59166
107299	42.8982	4.71229
110111	42.8982	4.76445
111327	42.8982	4.76986
111453	42.8982	5.19601
121387	42.8982	5.41976
126603	42.8982	5.75815
134491	42.8982	5.84673
136556	42.8982	5.94467
138839	42.8982	5.95685
139123	42.8982	6.15997
143858	42.8982	6.21111
145050	42.8982	6.27065
146438	42.8982	6.29021
146894	42.8982	6.35345
148368	42.8982	6.39956
149443	42.8982	6.40046
149464	42.8982	6.40454
149559	42.8982	6.43135
150184	42.8982	6.55185
152993	42.8982	6.81233
159065	42.8982	6.89268
160938	42.8982	7.14192
166748	42.8982	7.24551
169163	42.8982	7.33011
171135	42.8982	7.38798
172484	42.8982	7.6817
179331	42.8982	7.83549
182916	42.8982	8.15294
190316	42.8982	8.28554
193407	42.8982	8.30115
193771	42.8982	8.41157
196345	42.8982	8.41591
196446	42.8982	8.49913
198386	42.8982	8.66772
202316	42.8982	8.69149
202870	42.8982	8.72799
203721	42.8982	8.81053
205645	42.8982	8.93
208430	42.8982	8.93047
208441	42.8982	9.04145
211028	42.8982	9.0762
211838	42.8982	9.25568
216022	42.8982	9.36147
218488	42.8982	9.41209
219668	42.8982	9.42191
219897	42.8982	9.98277
232971	42.8982	9.98946
233127	42.8982	10.1888
237775	42.8982	10.6839
249314	42.8982	10.7369
250550	42.8982	10.7814
251588	42.8982	10.8922
254170	42.8982	11.0416
257653	42.8982	11.3115
263946	42.8982	11.3414
264641	42.8982	11.5984
270633	42.8982	11.6968
272927	42.8982	11.8238
275887	42.8982	12.012
280275	42.8982	12.2244
285225	42.8982	12.4563
290631	42.8982	12.5527
292879	42.8982	12.6331
294754	42.8982	13.1764
307418	42.8982	13.1956
307865	42.8982	13.4428
313628	42.8982	13.5348
315773	42.8982	13.7923
321776	42.8982	13.8275
322595	42.8982	13.8908
324070	42.8982	14.0419
327594	42.8982	14.1573
330284	42.8982	14.2861
333287	42.8982	14.3317
334348	42.8982	14.3417
334581	42.8982	14.35
334775	42.8982	14.3668
335167	42.8982	14.3838
335563	42.8982	14.6287
341272	42.8982	14.6696
342226	42.8982	14.8167
345654	42.8982	15.0415
350894	42.8982	15.1764
354040	42.8982	15.3154
357280	42.8982	15.3994
359239	42.8982	15.4621
360700	42.8982	15.5855
363577	42.8982	15.8253
369167	42.8982	15.9137
371226	42.8982	16.0932
375411	42.8982	16.3015
380266	42.8982	16.4344
383366	42.8982	16.6219
387735	42.8982	16.634
388017	42.8982	16.9866
396237	42.8982	17.1433
399890	42.8982	17.1481
400003	42.8982	17.1961
401122	42.8982	17.2159
401582	42.8982	17.2164
401594	42.8982	17.2411
402171	42.8982	17.374
405268	42.8982	17.6129
410836	42.8982	17.7151
413220	42.8982	17.8827
417127	42.8982	17.8999
417527	42.8982	17.9963
419775	42.8982	18.0537
421113	42.8982	18.1181
422613	42.8982	18.2128
424820	42.8982	18.3951
429071	42.8982	18.3978
429134	42.8982	18.4625
430642	42.8982	18.5175
431923	42.8982	18.6092
434061	42.8982	18.6283
434506	42.8982	18.8256
439106	42.8982	18.8514
439708	42.8982	19.039
444080	42.8982	19.0459
444242	42.8982	19.138
446388	42.8982	19.1687
447104	42.8982	19.254
449093	42.8982	19.5561
456134	42.8982	19.5576
456170	42.8982	19.6899
459253	42.8982	19.9926
466311	42.8982	20.0106
466729	42.8982	20.204
471239	42.8982	20.317
473871	42.8982	20.5249
478719	42.8982	20.6206
480949	42.8982	20.6211
480961	42.8982	20.7145
483138	42.8982	20.7831
484737	42.8982	20.8054
485258	42.8982	20.8625
486588	42.8982	20.9473
488565	42.8982	20.9873
489498	42.8982	20.9992
489775	42.8982	21.0207
490276	42.8982	21.56
502848	42.8982	21.794
508302	42.8982	21.8081
508630	42.8982	21.8513
509638	42.8982	21.8984
510737	42.8982	21.9207
511256	42.8982	22.1147
515779	42.8982	22.1685
517032	42.8982	22.3357
520931	42.8982	22.4463
523508	42.8982	22.5755
526520	42.8982	22.7688
531027	42.8982	22.8639
533242	42.8982	22.9416
535053	42.8982	22.9558
535385	42.8982	23.0383
537308	42.8982	23.1165
539131	42.8982	23.1391
539659	42.8982	23.2164
541461	42.8982	23.2186
541511	42.8982	23.2604
542485	42.8982	23.3601
544809	42.8982	23.6237
550955	42.8982	23.6395
551323	42.8982	23.8936
557246	42.8982	23.9038
557484	42.8982	23.9394
558314	42.8982	23.9671
558960	42.8982	24.0227
560256	42.8982	24.0538
560980	42.8982	24.2097
564615	42.8982	24.2417
565360	42.8982	24.4547
570326	42.8982	24.4698
570677	42.8982	24.4725
570741	42.8982	24.562
572826	42.8982	24.896
580614	42.8982	25.0117
583311	42.8982	25.0619
584481	42.8982	25.076
584808	42.8982	25.1098
585596	42.8982	25.1591
586746	42.8982	25.1643
586867	42.8982	25.5466
595778	42.8982	25.765
600871	42.8982	25.8942
603882	42.8982	26.2784
612839	42.8982	26.2995
613331	42.8982	26.5978
620283	42.8982	26.6285
620999	42.8982	26.6816
622237	42.8982	27.0914
631790	42.8982	27.2506
635500	42.8982	27.5048
641427	42.8982	27.6354
644471	42.8982	27.7499
647141	42.8982	27.7881
648030	42.8982	27.7939
648165	42.8982	27.8441
649337	42.8982	27.8548
649586	42.8982	28.0196
653427	42.8982	28.0926
655128	42.8982	28.2064
657782	42.8982	28.4342
663092	42.8982	28.6683
668548	42.8982	28.7779
671105	42.8982	28.835
672435	42.8982	28.8993
673933	42.8982	28.9541
675211	42.8982	29.2061
681086	42.8982	29.2621
682392	42.8982	29.3468
684366	42.8982	29.3807
685156	42.8982	29.4627
687068	42.8982	29.5924
690091	42.8982	29.7767
694386	42.8982	30.0401
700526	42.8982	30.108
702109	42.8982	30.1424
702912	42.8982	30.3044
706689	42.8982	30.3116
706856	42.8982	30.4796
710772	42.8982	30.6828
715509	42.8982	30.9294
721257	42.8982	30.9435
721586	42.8982	31.089
724978	42.8982	31.1089
725442	42.8982	31.1221
725749	42.8982	31.1396
726158	42.8982	31.2982
729854	42.8982	31.3207
730380	42.8982	31.6217
737395	42.8982	31.6337
737676	42.8982	31.8393
742468	42.8982	32.0268
746838	42.8982	32.0316
746951	42.8982	32.5892
759949	42.8982	32.6028
760266	42.8982	32.6181
760622	42.8982	32.6549
761481	42.8982	32.9239
767752	42.8982	33.0765
771309	42.8982	33.0899
771621	42.8982	33.3578
777866	42.8982	33.4883
780907	42.8982	33.5881
783235	42.8982	33.6833
785453	42.8982	33.8885
790236	42.8982	34.3464
800911	42.8982	34.3768
801620	42.8982	34.7533
810396	42.8982	34.9568
815141	42.8982	34.9972
816081	42.8982	35.2845
822779	42.8982	35.3794
824991	42.8982	35.396
825379	42.8982	35.6009
830155	42.8982	35.7244
833034	42.8982	35.746
833536	42.8982	35.9099
837357	42.8982	35.9469
838221	42.8982	36.0321
840206	42.8982	36.0653
840981	42.8982	36.1301
842491	31.6364	36.1518
843176	31.6364	36.2896
847532	31.6364	36.4016
851072	31.6364	36.4146
851484	31.6364	36.5261
855009	31.6364	36.6186
857933	31.6364	36.6389
858573	31.6364	36.6836
859987	31.6364	36.6985
860458	31.6364	37.3051
879631	31.6364	37.3628
881454	31.6364	37.3671
881591	31.6364	37.3969
882532	28.5754	37.4047
882808	28.5754	37.9322
901265	28.5754	38.0173
904244	28.5754	38.058
905668	28.5754	38.1336
908313	28.5754	38.2239
911474	28.5754	38.3074
914395	28.5754	38.3692
916560	28.5754	38.5561
923099	28.5754	39.1315
943236	28.5754	39.1575
944147	28.5754	39.2413
947078	28.5754	39.2445
947189	28.5754	39.3041
949277	28.5754	39.5635
958353	28.5754	39.569
958547	28.5754	39.5963
959503	28.5754	39.9304
971195	28.5754	39.9518
971942	28.5754	40.0014
973679	28.5754	40.0285
974625	28.5754	40.0861
976641	28.5754	40.1096
977463	28.5754	40.4014
987676	28.5754	40.4478
989299	28.5754	40.5244
991980	28.5754	40.5869
994168	28.5754	40.6563
996597	28.5754	40.7227
998921	28.5754	40.7536
1000000	0.283909	40.7537
1000423	0.267354	40.7538
1001000	0.267354	40.7539
1001411	0.0976366	40.7542
1003602	0.0976366	40.7542
1004183	0.0976366	40.7545
1006681	0.0976366	40.755
1012520	0.0976366	40.7554
1015947	0.0976366	40.7555
1017054	0.0976366	40.7555
1017310	0.0976366	40.7555
1017742	0.0976366	40.7559
1021632	0.0976366	40.7562
1024222	0.0976366	40.7567
1029259	0.0976366	40.7567
1029617	0.0976366	40.757
1032553	0.0976366	40.7575
1038102	0.0976366	40.7583
1045735	0.0976366	40.7585
1047830	0.0976366	40.7585
1048308	0.0976366	40.7585
1048450	0.0976366	40.7586
1048661	0.0976366	40.7589
1051969	0.0976366	40.7592
1055665	0.0976366	40.7598
1061468	0.0976366	40.7598
1061580	0.0976366	40.7599
1061997	0.0976366	40.7601
1064285	0.0976366	40.7603
1066796	0.0976366	40.7606
1069682	0.0976366	40.761
1073688	0.0976366	40.7611
1074649	0.0976366	40.7613
1077093	0.0976366	40.7614
1078090	0.0976366	40.7619
1082987	0.0976366	40.7621
1084573	0.0976366	40.7621
1085187	0.0976366	40.7623
1087125	0.0976366	40.7625
1088665	0.0976366	40.7627
1091004	0.0976366	40.7627
1091027	0.0976366	40.7629
1092883	0.0976366	40.763
1094526	0.0976366	40.7633
1097185	0.0976366	40.7635
1099372	0.0976366	40.7638
1101989	0.0976366	40.7638
1102036	0.0976366	40.764
1104261	0.0976366	40.7648
1112599	0.0976366	40.7649
1113751	0.0976366	40.765
1114882	0.0976366	40.7652
1116602	0.0976366	40.7655
1119427	0.0976366	40.7655
1119751	0.0976366	40.7656
1121044	0.0976366	40.7656
1121142	0.0976366	40.7659
1123537	0.0976366	40.766
1124679	0.0976366	40.7662
1126740	0.0976366	40.767
1134680	0.0976366	40.7671
1136048	0.0976366	40.7675
1140631	0.0976366	40.7681
1146791	0.0976366	40.7682
1147723	0.0976366	40.7683
1148328	0.0976366	40.7689
1154474	0.0976366	40.7689
1154808	0.0976366	40.7694
1159611	0.0976366	40.7696
1162125	0.0976366	40.77
1165720	0.0976366	40.77
1166378	0.0976366	40.7704
1170404	0.0976366	40.7704
1170445	0.0976366	40.7712
1178236	0.0976366	40.7716
1182430	0.0976366	40.7722
1188324	0.0976366	40.7724
1190064	0.0976366	40.7727
1193818	0.0976366	40.7728
1194338	0.0976366	40.7729
1195334	0.0976366	40.7729
1195527	0.0976366	40.773
1196245	0.0976366	40.773
1196754	0.0976366	40.7732
1198923	0.0976366	40.7734
1200438	0.0976366	40.7736
1203007	0.0976366	40.7739
1206200	0.0976366	40.774
1206573	0.0976366	40.774
1207348	0.0976366	40.7748
1214849	0.0976366	40.7753
1220014	0.0976366	40.7753
1220016	0.0976366	40.7755
1221982	0.0976366	40.7757
1224226	0.0976366	40.7759
1226010	0.0976366	40.7765
1232001	0.0976366	40.7765
1232031	0.0976366	40.7765
1232614	0.0976366	40.7768
1235182	0.0976366	40.7774
1241481	0.0976366	40.7774
1241524	0.0976366	40.7775
1242677	0.0976366	40.7778
1245298	0.0976366	40.7778
1245850	0.0976366	40.7779
1247100	0.0976366	40.7785
1253109	0.0976366	40.7788
1255763	0.0976366	40.779
1258190	0.0976366	40.7793
1261279	0.0976366	40.7793
1261370	0.0976366	40.7798
1266197	0.0976366	40.7801
1269161	0.0976366	40.7805
1273582	0.0976366	40.7806
1274155	0.0976366	40.7809
1277614	0.0976366	40.7811
1279694	0.0976366	40.7813
1281661	0.0976366	40.7816
1284543	0.0976366	40.7818
1286804	0.0976366	40.7821
1289763	0.0976366	40.7823
1291431	0.0976366	40.7824
1292432	0.0976366	40.7831
1300444	0.0976366	40.7833
1301677	0.0976366	40.7833
1302477	0.0976366	40.7834
1302730	0.0976366	40.7835
1303676	0.0976366	40.7835
1304409	0.0976366	40.7838
1307135	0.0976366	40.7839
1307772	0.0976366	40.7842
1310972	0.0976366	40.7843
1311939	0.0976366	40.785
1319087	0.0976366	40.7851
1320751	0.0976366	40.7855
1324811	0.0976366	40.7862
1331355	0.0976366	40.7862
1331714	0.0976366	40.7863
1332637	0.0976366	40.7863
1333255	0.0976366	40.7863
1333261	0.0976366	40.7864
1334125	0.0976366	40.7865
1334401	0.0976366	40.7867
1336775	0.0976366	40.787
1340027	0.0976366	40.7873
1342992	0.0976366	40.7892
1362450	0.0976366	40.7892
1362741	0.0976366	40.7896
1366940	0.0976366	40.7897
1367369	0.0976366	40.7908
1378677	0.0976366	40.7909
1379702	0.0976366	40.7913
1384248	0.0976366	40.7919
1390078	0.0976366	40.792
1391023	0.0976366	40.7922
1392930	0.0976366	40.7922
1393309	0.0976366	40.7925
1395916	0.0976366	40.7928
1399361	0.0976366	40.7928
1399612	0.0976366	40.7929
1400530	0.0976366	40.7935
1406904	0.0976366	40.7946
1418013	0.0976366	40.795
1421977	0.0976366	40.7951
1423357	0.0976366	40.7955
1426955	0.0976366	40.7961
1433548	0.0976366	40.7964
1435939	0.0976366	40.7966
1438661	0.0976366	40.7967
1439476	0.0976366	40.7967
1439661	0.0976366	40.7968
1439886	0.0976366	40.7968
1440368	0.0976366	40.7969
1440959	0.0976366	40.7969
1441508	0.0976366	40.797
1441980	0.0976366	40.797
1442577	0.0976366	40.7972
1444469	0.0976366	40.7979
1451339	0.0976366	40.798
1452729	0.0976366	40.7981
1453371	0.0976366	40.7983
1456219	0.0976366	40.7984
1457220	0.0976366	40.7994
1467275	0.0976366	40.7996
1469142	0.0976366	40.7999
1472156	0.0976366	40.8003
1475741	0.0976366	40.8004
1477193	0.0976366	40.8006
1479363	0.0976366	40.8007
1479998	0.0976366	40.8011
1484032	0.0976366	40.8021
1494338	0.0976366	40.8021
1494655	0.0976366	40.8023
1496824	0.0976366	40.8023
1497013	0.0976366	40.8024
1497537	0.0976366	40.8026
1499843	0.0976366	40.8027
1500387	0.0976366	40.8028
1501499	0.0976366	40.8032
1505407	0.0976366	40.8033
1506859	0.0976366	40.8033
1506969	0.0976366	40.8034
1507558	0.0976366	40.8036
1510286	0.0976366	40.804
1513645	0.0976366	40.8041
1514768	0.0976366	40.8043
1516773	0.0976366	40.8043
1517088	0.0976366	40.8049
1523221	0.0976366	40.8052
1526682	0.0976366	40.8053
1527866	0.0976366	40.8055
1529860	0.0976366	40.8057
1531138	0.0976366	40.8058
1532664	0.0976366	40.8058
1533014	0.0976366	40.8059
1533629	0.0976366	40.8059
1533678	0.0976366	40.8061
1535919	0.0976366	40.8063
1537797	0.0976366	40.8069
1544172	0.0976366	40.8072
1546764	0.0976366	40.8075
1549540	0.0976366	40.8076
1550481	0.0976366	40.808
1554565	0.0976366	40.8083
1557938	0.0976366	40.8084
1559676	0.0976366	40.8085
1559952	0.0976366	40.8088
1563707	0.0976366	40.8088
1563738	0.0976366	40.8089
1563833	0.0976366	40.8089
1564794	0.0976366	40.809
1565338	0.0976366	40.8091
1566204	0.0976366	40.8098
1573666	0.0976366	40.8099
1574487	0.0976366	40.8108
1583874	0.0976366	40.8108
1583881	0.0976366	40.8111
1587007	0.0976366	40.8116
1592258	0.0976366	40.8119
1594752	0.0976366	40.8121
1597476	0.0976366	40.8123
1599052	0.0976366	40.8126
1602172	0.0976366	40.8139
1615985	0.0976366	40.8143
1620002	0.0976366	40.8146
1622192	0.0976366	40.8151
1628156	0.0976366	40.8155
1632302	0.0976366	40.8156
1632988	0.0976366	40.816
1637181	0.0976366	40.8161
1638209	0.0976366	40.8164
1640750	0.0976366	40.8164
1641468	0.0976366	40.8174
1651734	0.0976366	40.8175
1652830	0.0976366	40.818
1657063	0.0976366	40.8182
1660029	0.0976366	40.8184
1661777	0.0976366	40.8185
1662383	0.0976366	40.8187
1664177	0.0976366	40.8188
1666131	0.0976366	40.8189
1667105	0.0976366	40.8192
1670175	0.0976366	40.8194
1671559	0.0976366	40.8196
1673811	0.0976366	40.8198
1676172	0.0976366	40.82
1677820	0.0976366	40.82
1678215	0.0976366	40.8203
1681022	0.0976366	40.8204
1681882	0.0976366	40.8204
1682513	0.0976366	40.8206
1683914	0.0976366	40.8213
1691400	0.0976366	40.8214
1692459	0.0976366	40.8215
1693621	0.0976366	40.8218
1696063	0.0976366	40.8222
1700821	0.0976366	40.8224
1702528	0.0976366	40.8227
1705223	0.0976366	40.8228
1707036	0.0976366	40.823
1709012	0.0976366	40.8231
1710232	0.0976366	40.8237
1715837	0.0976366	40.8237
1716242	0.0976366	40.8242
1721056	0.0976366	40.8244
1723424	0.0976366	40.8245
1724025	0.0976366	40.8246
1724604	0.0976366	40.8247
1725767	0.0976366	40.8247
1725998	0.0976366	40.8257
1736853	0.0976366	40.8261
1740778	0.0976366	40.8267
1746853	0.0976366	40.8271
1750512	0.0976366	40.8271
1750551	0.0976366	40.8276
1755376	0.0976366	40.8282
1762350	0.0976366	40.8285
1764787	0.0976366	40.8288
1767781	0.0976366	40.8288
1767908	0.0976366	40.8289
1768671	0.0976366	40.829
1769839	0.0976366	40.829
1770057	0.0976366	40.8297
1776819	0.0976366	40.8299
1779449	0.0976366	40.8299
1779562	0.0976366	40.83
1780710	0.0976366	40.8307
1787286	0.0976366	40.8309
1789966	0.0976366	40.831
1791012	0.0976366	40.8311
1792115	0.0976366	40.8313
1794053	0.0976366	40.8324
1805197	0.0976366	40.8325
1805803	0.0976366	40.833
1811422	0.0976366	40.8331
1811826	0.0976366	40.8331
1812366	0.0976366	40.8336
1817338	0.0976366	40.8337
1818159	0.0976366	40.8339
1820782	0.0976366	40.8343
1824135	0.0976366	40.8343
1824832	0.0976366	40.8346
1827086	0.0976366	40.8346
1827990	0.0976366	40.8348
1829179	0.0976366	40.8356
1838060	0.0976366	40.8359
1840841	0.0976366	40.836
1841632	0.0976366	40.8364
1846077	0.0976366	40.8366
1847906	0.0976366	40.8369
1851253	0.0976366	40.8372
1854226	0.0976366	40.8374
1856240	0.0976366	40.8376
1858125	0.0976366	40.8379
1861558	0.0976366	40.838
1862288	0.0976366	40.8384
1866008	0.0976366	40.8385
1867150	0.0976366	40.8387
1869804	0.0976366	40.8394
1876163	0.0976366	40.8394
1877014	0.0976366	40.8396
1879114	0.0976366	40.8396
1879161	0.0976366	40.8399
1882240	0.0976366	40.8405
1887853	0.0976366	40.8406
1888479	0.0976366	40.8408
1891434	0.0976366	40.8412
1894657	0.0976366	40.8413
1896635	0.0976366	40.8414
1897568	0.0976366	40.8415
1898677	0.0976366	40.8418
1900905	0.0976366	40.8418
1901755	0.0976366	40.8428
1911513	0.0976366	40.8434
1917598	0.0976366	40.8434
1917755	0.0976366	40.8435
1919064	0.0976366	40.8437
1921067	0.0976366	40.844
1923473	0.0976366	40.844
1923674	0.0976366	40.8442
1926257	0.0976366	40.8444
1927828	0.0976366	40.8449
1932864	0.0976366	40.8449
1932902	0.0976366	40.845
1933926	0.0976366	40.8456
1940652	0.0976366	40.8459
1942896	0.0976366	40.846
1944302	0.0976366	40.8462
1946129	0.0976366	40.8465
1949744	0.0976366	40.8468
1952440	0.0976366	40.8469
1953383	0.0976366	40.8469
1953913	0.0976366	40.8471
1955417	0.0976366	40.848
1964322	0.0976366	40.8482
1966712	0.0976366	40.8484
1969309	0.0976366	40.8486
1971005	0.0976366	40.8489
1973484	0.0976366	40.8493
1978069	0.0976366	40.8498
1983077	0.0976366	40.8503
1988498	0.0976366	40.8505
1990206	0.0976366	40.8507
1992632	0.0976366	40.8511
1996946	0.0976366	40.8526
2012334	0.0976366	40.8528
2013603	0.0976366	40.8528
2013785	0.0976366	40.8529
2015049	0.0976366	40.8532
2018107	0.0976366	40.8535
2020988	0.0976366	40.8536
2021721	0.0976366	40.8536
2022110	0.0976366	40.8545
2031050	0.0976366	40.8545
2031793	0.0976366	40.8548
2034516	0.0976366	40.8549
2035404	0.0976366	40.8552
2038659	0.0976366	40.8552
2038769	0.0976366	40.8554
2040213	0.0976366	40.8554
2040509	0.0976366	40.8555
2041665	0.0976366	40.8557
2043238	0.0976366	40.8565
2051747	0.0976366	40.8565
2052221	0.0976366	40.8566
2053172	0.0976366	40.857
2056456	0.0976366	40.8571
2057441	0.0976366	40.8571
2057648	0.0976366	40.8571
2058018	0.0976366	40.8575
2061856	0.0976366	40.8577
2063747	0.0976366	40.8577
2064170	0.0976366	40.8588
2075351	0.0976366	40.8591
2078522	0.0976366	40.8597
2084273	0.0976366	40.8598
2085180	0.0976366	40.8599
2086815	0.0976366	40.8603
2090725	0.0976366	40.8607
2094360	0.0976366	40.8609
2097256	0.0976366	40.861
2097642	0.0976366	40.861
2097900	0.0976366	40.8611
2099121	0.0976366	40.8614
2102314	0.0976366	40.8619
2106823	0.0976366	40.8626
2114356	0.0976366	40.8629
2117159	0.0976366	40.8634
2122576	0.0976366	40.8645
2133454	0.0976366	40.865
2138700	0.0976366	40.8651
2140374	0.0976366	40.8653
2141569	0.0976366	40.8654
2142774	0.0976366	40.8657
2146106	0.0976366	40.8658
2146708	0.0976366	40.8661
2150554	0.0976366	40.8667
2156359	0.0976366	40.8673
2162352	0.0976366	40.8676
2165863	0.0976366	40.8677
2166369	0.0976366	40.8679
2168185	0.0976366	40.8679
2168276	0.0976366	40.868
2169129	0.0976366	40.868
2169812	0.0976366	40.868
2170055	0.0976366	40.8682
2171860	0.0976366	40.8684
2173619	0.0976366	40.8685
2174721	0.0976366	40.8688
2177998	0.0976366	40.8689
2178957	0.0976366	40.8689
2179267	0.0976366	40.8699
2189356	0.0976366	40.87
2189964	0.0976366	40.8704
2193774	0.0976366	40.8706
2196121	0.0976366	40.8706
2196491	0.0976366	40.8711
2201021	0.0976366	40.8713
2203825	0.0976366	40.8716
2205997	0.0976366	40.8718
2208840	0.0976366	40.8719
2209149	0.0976366	40.8721
2211873	0.0976366	40.8722
2212838	0.0976366	40.8725
2216019	0.0976366	40.8729
2220095	0.0976366	40.8731
2221849	0.0976366	40.8732
2222509	0.0976366	40.8733
2224158	0.0976366	40.8736
2227144	0.0976366	40.8737
2227482	0.0976366	40.874
2231253	0.0976366	40.8741
2232367	0.0976366	40.8748
2239304	0.0976366	40.8748
2239697	0.0976366	40.8749
2239808	0.0976366	40.875
2241149	0.0976366	40.8753
2243937	0.0976366	40.8755
2246827	0.0976366	40.8756
2247210	0.0976366	40.8758
2249676	0.0976366	40.876
2251889	0.0976366	40.8761
2253033	0.0976366	40.8765
2257005	0.0976366	40.8767
2258264	0.0976366	40.8767
2258840	0.0976366	40.8769
2261246	0.0976366	40.8771
2262928	0.0976366	40.8774
2265566	0.0976366	40.8778
2269458	0.0976366	40.8787
2279637	0.0976366	40.8788
2280694	0.0976366	40.8789
2281573	0.0976366	40.8798
2290907	0.0976366	40.8803
2295610	0.0976366	40.8812
2304643	0.0976366	40.8813
2305940	0.0976366	40.8818
2310542	0.0976366	40.8819
2311911	0.0976366	40.8823
2316509	0.0976366	40.8827
2320102	0.0976366	40.883
2323162	0.0976366	40.8831
2324558	0.0976366	40.8832
2325098	0.0976366	40.8835
2328090	0.0976366	40.8837
2330167	0.0976366	40.8839
2332339	0.0976366	40.884
2333211	0.0976366	40.8845
2338123	0.0976366	40.885
2343620	0.0976366	40.8851
2344624	0.0976366	40.8851
2344746	0.0976366	40.8852
2345500	0.0976366	40.8858
2351913	0.0976366	40.8874
2368230	0.0976366	40.8875
2369108	0.0976366	40.8878
2372280	0.0976366	40.8881
2374966	0.0976366	40.8882
2376206	0.0976366	40.8882
2376272	0.0976366	40.8886
2380557	0.0976366	40.8887
2381894	0.0976366	40.8891
2385573	0.0976366	40.8892
2386537	0.0976366	40.8893
2387338	0.0976366	40.8894
2388513	0.0976366	40.8894
2388889	0.0976366	40.8895
2389577	0.0976366	40.8896
2391077	0.0976366	40.8898
2392749	0.0976366	40.8903
2397635	0.0976366	40.8904
2399047	0.0976366	40.8905
2400283	0.0976366	40.8907
2401980	0.0976366	40.8917
2412509	0.0976366	40.8921
2416892	0.0976366	40.8927
2422512	0.0976366	40.8928
2423568	0.0976366	40.8928
2424025	0.0976366	40.8932
2427739	0.0976366	40.8935
2430809	0.0976366	40.8937
2432876	0.0976366	40.8939
2435083	0.0976366	40.8941
2437015	0.0976366	40.8943
2438740	0.0976366	40.8948
2443656	0.0976366	40.8949
2444912	0.0976366	40.8949
2444975	0.0976366	40.8949
2445492	0.0976366	40.8952
2448381	0.0976366	40.8957
2452905	0.0976366	40.8957
2453346	0.0976366	40.8958
2454729	0.0976366	40.8959
2455782	0.0976366	40.896
2456878	0.0976366	40.8962
2458491	0.0976366	40.8964
2460038	0.0976366	40.8965
2461166	0.0976366	40.8966
2462155	0.0976366	40.8966
2462361	0.0976366	40.8967
2463520	0.0976366	40.8973
2469182	0.0976366	40.898
2476472	0.0976366	40.898
2476680	0.0976366	40.8988
2484860	0.0976366	40.8989
2486028	0.0976366	40.8993
2490130	0.0976366	40.8998
2495479	0.0976366	40.8999
2496814	0.0976366	40.9011
2508506	0.0976366	40.9012
2509387	0.0976366	40.9013
2510982	0.0976366	40.9015
2512509	0.0976366	40.9017
2515049	0.0976366	40.9018
2515308	0.0976366	40.902
2517335	0.0976366	40.9028
2525739	0.0976366	40.9033
2531501	0.0976366	40.9036
2534316	0.0976366	40.9042
2540849	0.0976366	40.9044
2541941	0.0976366	40.9045
2543728	0.0976366	40.9052
2550225	0.0976366	40.9052
2550226	0.0976366	40.9052
2550609	0.0976366	40.9053
2551413	0.0976366	40.9053
2551621	0.0976366	40.9054
2552656	0.0976366	40.9055
2553339	0.0976366	40.9056
2554686	0.0976366	40.9063
2562051	0.0976366	40.9066
2564549	0.0976366	40.9067
2565814	0.0976366	40.9068
2566891	0.0976366	40.9071
2569648	0.0976366	40.9071
2569763	0.0976366	40.9075
2573819	0.0976366	40.9078
2577286	0.0976366	40.9079
2578344	0.0976366	40.9083
2581900	0.0976366	40.9084
2582952	0.0976366	40.9084
2583857	0.0976366	40.9086
2585138	0.0976366	40.9088
2587068	0.0976366	40.9089
2588922	0.0976366	40.9092
2591610	0.0976366	40.9092
2591750	0.0976366	40.9095
2594178	0.0976366	40.9097
2596767	0.0976366	40.9103
2603088	0.0976366	40.9109
2608522	0.0976366	40.911
2609695	0.0976366	40.9111
2611285	0.0976366	40.9112
2611893	0.0976366	40.9115
2615224	0.0976366	40.9118
2618448	0.0976366	40.9121
2621751	0.0976366	40.9123
2623171	0.0976366	40.9125
2625808	0.0976366	40.9127
2627120	0.0976366	40.9128
2628500	0.0976366	40.9129
2629359	0.0976366	40.9137
2638048	0.0976366	40.914
2640872	0.0976366	40.9154
2655179	0.0976366	40.9155
2656409	0.0976366	40.9162
2663259	0.0976366	40.9163
2663990	0.0976366	40.9164
2665646	0.0976366	40.9165
2666118	0.0976366	40.9168
2669123	0.0976366	40.917
2671138	0.0976366	40.917
2671442	0.0976366	40.9171
2672258	0.0976366	40.9176
2677090	0.0976366	40.9177
2678392	0.0976366	40.9177
2678715	0.0976366	40.9181
2682917	0.0976366	40.9184
2685706	0.0976366	40.9189
2690818	0.0976366	40.9193
2695179	0.0976366	40.9193
2695378	0.0976366	40.9197
2699337	0.0976366	40.9199
2700972	0.0976366	40.92
2702280	0.0976366	40.9203
2705261	0.0976366	40.9204
2706011	0.0976366	40.9205
2706972	0.0976366	40.9206
2708659	0.0976366	40.9208
2709875	0.0976366	40.9209
2711401	0.0976366	40.9209
2711610	0.0976366	40.9211
2713089	0.0976366	40.9212
2714213	0.0976366	40.9213
2715599	0.0976366	40.9217
2719295	0.0976366	40.9221
2724046	0.0976366	40.9222
2724315	0.0976366	40.9227
2729905	0.0976366	40.9231
2734430	0.0976366	40.9233
2736131	0.0976366	40.9235
2737843	0.0976366	40.9235
2738260	0.0976366	40.9241
2743726	0.0976366	40.9244
2747482	0.0976366	40.9244
2747529	0.0976366	40.9246
2749083	0.0976366	40.9249
2752555	0.0976366	40.9252
2755729	0.0976366	40.9252
2755763	0.0976366	40.9253
2756134	0.0976366	40.9253
2756345	0.0976366	40.9261
2764359	0.0976366	40.9262
2765637	0.0976366	40.9263
2766267	0.0976366	40.9265
2769238	0.0976366	40.9267
2770546	0.0976366	40.9268
2771749	0.0976366	40.9269
2772568	0.0976366	40.927
2774274	0.0976366	40.9273
2777041	0.0976366	40.9275
2778896	0.0976366	40.9276
2779515	0.0976366	40.9277
2781277	0.0976366	40.9283
2787657	0.0976366	40.9285
2789106	0.0976366	40.9286
2790098	0.0976366	40.9288
2792475	0.0976366	40.9289
2793467	0.0976366	40.929
2794694	0.0976366	40.9292
2796755	0.0976366	40.9294
2798877	0.0976366	40.9297
2801019	0.0976366	40.9298
2802731	0.0976366	40.93
2804377	0.0976366	40.93
2804965	0.0976366	40.9301
2805373	0.0976366	40.9305
2809436	0.0976366	40.9306
2810275	0.0976366	40.9307
2811635	0.0976366	40.9311
2816211	0.0976366	40.9314
2819297	0.0976366	40.9315
2819843	0.0976366	40.9316
2820893	0.0976366	40.932
2824690	0.0976366	40.9321
2826204	0.0976366	40.9324
2828851	0.0976366	40.9326
2831728	0.0976366	40.9328
2833495	0.0976366	40.9328
2833786	0.0976366	40.9336
2841202	0.0976366	40.9336
2841604	0.0976366	40.9341
2846552	0.0976366	40.9341
2847038	0.0976366	40.9344
2849529	0.0976366	40.9345
2851145	0.0976366	40.9348
2853788	0.0976366	40.9356
2862058	0.0976366	40.9356
2862216	0.0976366	40.9361
2867103	0.0976366	40.9361
2867217	0.0976366	40.9363
2869447	0.0976366	40.9364
2869901	0.0976366	40.9365
2871603	0.0976366	40.9382
2888957	0.0976366	40.9383
2889402	0.0976366	40.9383
2889843	0.0976366	40.9391
2897349	0.0976366	40.9391
2897849	0.0976366	40.9393
2899856	0.0976366	40.9398
2904984	0.0976366	40.9398
2905093	0.0976366	40.9399
2906355	0.0976366	40.9402
2908778	0.0976366	40.9405
2912573	0.0976366	40.9406
2912982	0.0976366	40.9414
2921476	0.0976366	40.9415
2921901	0.0976366	40.9418
2925529	0.0976366	40.9418
2925694	0.0976366	40.942
2927627	0.0976366	40.943
2937720	0.0976366	40.9432
2940150	0.0976366	40.9433
2940688	0.0976366	40.9439
2946691	0.0976366	40.9441
2948747	0.0976366	40.9441
2948782	0.0976366	40.9442
2949708	0.0976366	40.9446
2953833	0.0976366	40.945
2957983	0.0976366	40.9457
2965459	0.0976366	40.9459
2967642	0.0976366	40.9462
2970190	0.0976366	40.9462
2970929	0.0976366	40.9464
2972096	0.0976366	40.9466
2974606	0.0976366	40.9467
2975671	0.0976366	40.947
2979104	0.0976366	40.9471
2979258	0.0976366	40.9474
2982351	0.0976366	40.9477
2985427	0.0976366	40.948
2988879	0.0976366	40.9484
2993077	0.0976366	40.9485
2994000	0.0976366	40.9495
3004517	0.0976366	40.9497
3006776	0.0976366	40.9501
3010398	0.0976366	40.9501
3010489	0.0976366	40.9503
3012252	0.0976366	40.9503
3012677	0.0976366	40.9504
3013125	0.0976366	40.9512
3021494	0.0976366	40.9515
3025160	0.0976366	40.9523
3033056	0.0976366	40.9525
3035532	0.0976366	40.9526
3036378	0.0976366	40.953
3039851	0.0976366	40.9532
3041708	0.0976366	40.9534
3044628	0.0976366	40.9537
3047066	0.0976366	40.9538
3048504	0.0976366	40.9539
3049830	0.0976366	40.954
3050868	0.0976366	40.9541
3051263	0.0976366	40.9544
3054243	0.0976366	40.9545
3055887	0.0976366	40.9546
3056486	0.0976366	40.9549
3059385	0.0976366	40.9554
3065089	0.0976366	40.9556
3066561	0.0976366	40.9557
3067751	0.0976366	40.9562
3072612	0.0976366	40.9564
3074798	0.0976366	40.9569
3079892	0.0976366	40.9571
3082264	0.0976366	40.9585
3096139	0.0976366	40.9585
3096499	0.0976366	40.959
3101548	0.0976366	40.9593
3104464	0.0976366	40.9596
3107467	0.0976366	40.9596
3107659	0.0976366	40.9604
3115579	0.0976366	40.9605
3116506	0.0976366	40.9607
3119002	0.0976366	40.9608
3120179	0.0976366	40.9609
3120595	0.0976366	40.9609
3120942	0.0976366	40.9611
3122671	0.0976366	40.9611
3123252	0.0976366	40.9611
3123336	0.0976366	40.9615
3127707	0.0976366	40.9617
3129430	0.0976366	40.9619
3131510	0.0976366	40.9619
3131757	0.0976366	40.9625
3137238	0.0976366	40.9627
3139915	0.0976366	40.9628
3140945	0.0976366	40.9629
3141116	0.0976366	40.963
3142548	0.0976366	40.964
3153062	0.0976366	40.9641
3153719	0.0976366	40.9642
3154453	0.0976366	40.9643
3155484	0.0976366	40.9643
3155941	0.0976366	40.9644
3157209	0.0976366	40.9648
3161025	0.0976366	40.9649
3161860	0.0976366	40.9649
3162025	0.0976366	40.9651
3164518	0.0976366	40.9652
3165464	0.0976366	40.9654
3167208	0.0976366	40.9662
3175714	0.0976366	40.9664
3177832	0.0976366	40.9665
3178238	0.0976366	40.9673
3186183	0.0976366	40.9676
3189849	0.0976366	40.968
3193607	0.0976366	40.9686
3200127	0.0976366	40.9688
3202402	0.0976366	40.9692
3206319	0.0976366	40.9698
3212727	0.0976366	40.9702
3215900	0.0976366	40.9703
3216851	0.0976366	40.9704
3217969	0.0976366	40.9704
3218133	0.0976366	40.971
3224527	0.0976366	40.9713
3227821	0.0976366	40.9715
3229485	0.0976366	40.9716
3230468	0.0976366	40.9718
3232492	0.0976366	40.9719
3233509	0.0976366	40.9719
3233562	0.0976366	40.9731
3245872	0.0976366	40.9734
3248893	0.0976366	40.9736
3251394	0.0976366	40.9739
3253826	0.0976366	40.974
3255545	0.0976366	40.9741
3256207	0.0976366	40.9742
3257370	0.0976366	40.9744
3258991	0.0976366	40.9746
3261261	0.0976366	40.975
3265025	0.0976366	40.9751
3266479	0.0976366	40.9753
3268659	0.0976366	40.9754
3269895	0.0976366	40.9757
3272744	0.0976366	40.9757
3272899	0.0976366	40.9765
3280607	0.0976366	40.9765
3280952	0.0976366	40.9771
3286623	0.0976366	40.9772
3287999	0.0976366	40.9774
3289695	0.0976366	40.9774
3290395	0.0976366	40.9776
3292288	0.0976366	40.9784
3300358	0.0976366	40.9786
3302410	0.0976366	40.9786
3302710	0.0976366	40.9787
3303491	0.0976366	40.9788
3304544	0.0976366	40.9791
3307611	0.0976366	40.9795
3312078	0.0976366	40.9796
3312652	0.0976366	40.9796
3312904	0.0976366	40.9796
3312985	0.0976366	40.9805
3321462	0.0976366	40.9806
3323343	0.0976366	40.9807
3323854	0.0976366	40.981
3326676	0.0976366	40.9811
3328178	0.0976366	40.9812
3328838	0.0976366	40.9812
3329042	0.0976366	40.9815
3331843	0.0976366	40.9819
3335839	0.0976366	40.9823
3339825	0.0976366	40.9824
3340925	0.0976366	40.9831
3348478	0.0976366	40.9832
3349083	0.0976366	40.9838
3355180	0.0976366	40.9842
3359299	0.0976366	40.9843
3360288	0.0976366	40.9844
3361319	0.0976366	40.9845
3362652	0.0976366	40.9847
3364795	0.0976366	40.985
3367831	0.0976366	40.9851
3368982	0.0976366	40.9854
3372321	0.0976366	40.9856
3374385	0.0976366	40.9858
3375696	0.0976366	40.986
3377750	0.0976366	40.9865
3382843	0.0976366	40.9866
3384377	0.0976366	40.9867
3384958	0.0976366	40.9868
3386750	0.0976366	40.987
3387956	0.0976366	40.987
3388197	0.0976366	40.9871
3389431	0.0976366	40.9872
3390588	0.0976366	40.9875
3393345	0.0976366	40.9875
3393661	0.0976366	40.9883
3401501	0.0976366	40.9884
3402364	0.0976366	40.9895
3413617	0.0976366	40.9896
3415217	0.0976366	40.9904
3423025	0.0976366	40.9904
3423184	0.0976366	40.9906
3424851	0.0976366	40.9909
3428492	0.0976366	40.9911
3430217	0.0976366	40.9914
3433051	0.0976366	40.9921
3440540	0.0976366	40.9925
3444496	0.0976366	40.9928
3447439	0.0976366	40.9932
3452342	0.0976366	40.9932
3452401	0.0976366	40.9935
3455396	0.0976366	40.9939
3459175	0.0976366	40.9955
3475402	0.0976366	40.9956
3476517	0.0976366	40.996
3480692	0.0976366	40.9963
3483618	0.0976366	40.9963
3484045	0.0976366	40.9966
3486649	0.0976366	40.9967
3487937	0.0976366	40.997
3490539	0.0976366	40.9974
3494489	0.0976366	40.9975
3496063	0.0976366	40.9976
3497341	0.0976366	40.9982
3503322	0.0976366	40.9983
3504015	0.0976366	40.9983
3504166	0.0976366	40.9991
3512211	0.0976366	40.9992
3513446	0.0976366	40.9997
3518331	0.0976366	41
3521658	0.0976366	41.0002
3523851	0.0976366	41.0008
3529867	0.0976366	41.0011
3532381	0.0976366	41.0011
3532963	0.0976366	41.0013
3534649	0.0976366	41.0014
3535583	0.0976366	41.0014
3535941	0.0976366	41.0018
3539568	0.0976366	41.0018
3540080	0.0976366	41.0021
3542663	0.0976366	41.0022
3544284	0.0976366	41.0023
3544839	0.0976366	41.0025
3546888	0.0976366	41.0025
3547622	0.0976366	41.0026
3548262	0.0976366	41.003
3552572	0.0976366	41.0051
3573738	0.0976366	41.0056
3579043	0.0976366	41.0059
3582002	0.0976366	41.0062
3584600	0.0976366	41.0066
3589065	0.0976366	41.007
3593259	0.0976366	41.0072
3595593	0.0976366	41.0079
3602818	0.0976366	41.0083
3606059	0.0976366	41.0083
3606601	0.0976366	41.0085
3608421	0.0976366	41.009
3613262	0.0976366	41.0091
3614648	0.0976366	41.0092
3615737	0.0976366	41.0093
3617243	0.0976366	41.0095
3618890	0.0976366	41.0098
3622236	0.0976366	41.0101
3624514	0.0976366	41.0101
3624679	0.0976366	41.0105
3629290	0.0976366	41.0108
3632263	0.0976366	41.0114
3638200	0.0976366	41.0118
3642005	0.0976366	41.0123
3648022	0.0976366	41.0128
3652346	0.0976366	41.0128
3652726	0.0976366	41.013
3655031	0.0976366	41.0146
3671349	0.0976366	41.0147
3671853	0.0976366	41.0154
3679590	0.0976366	41.0155
3679846	0.0976366	41.0159
3684762	0.0976366	41.0164
3689141	0.0976366	41.0168
3693182	0.0976366	41.0169
3694679	0.0976366	41.0169
3694706	0.0976366	41.0177
3703331	0.0976366	41.018
3705629	0.0976366	41.0185
3710822	0.0976366	41.0191
3716812	0.0976366	41.0193
3719122	0.0976366	41.0193
3719535	0.0976366	41.0197
3723773	0.0976366	41.0198
3724473	0.0976366	41.0199
3725791	0.0976366	41.0201
3727882	0.0976366	41.0203
3729762	0.0976366	41.0208
3734190	0.0976366	41.021
3736806	0.0976366	41.0214
3740253	0.0976366	41.0214
3740455	0.0976366	41.0214
3740500	0.0976366	41.022
3746748	0.0976366	41.0226
3752725	0.0976366	41.0227
3754146	0.0976366	41.0234
3761484	0.0976366	41.0242
3769404	0.0976366	41.0244
3771367	0.0976366	41.0249
3776883	0.0976366	41.025
3777533	0.0976366	41.0259
3787285	0.0976366	41.0267
3794660	0.0976366	41.0268
3796441	0.0976366	41.0269
3797499	0.0976366	41.027
3797851	0.0976366	41.027
3797857	0.0976366	41.0271
3799202	0.0976366	41.0273
3800876	0.0976366	41.0273
3800965	0.0976366	41.0275
3803172	0.0976366	41.0277
3805190	0.0976366	41.0278
3806453	0.0976366	41.0279
3807465	0.0976366	41.0281
3809810	0.0976366	41.0282
3810030	0.0976366	41.0282
3810166	0.0976366	41.0282
3810663	0.0976366	41.0282
3810675	0.0976366	41.0288
3816679	0.0976366	41.0288
3816861	0.0976366	41.0294
3823151	0.0976366	41.0294
3823156	0.0976366	41.0297
3825418	0.0976366	41.0299
3828130	0.0976366	41.0304
3833351	0.0976366	41.0311
3839574	0.0976366	41.0314
3843061	0.0976366	41.0316
3845138	0.0976366	41.0327
3856577	0.0976366	41.0336
3865528	0.0976366	41.0343
3872831	0.0976366	41.0344
3873579	0.0976366	41.035
3880135	0.0976366	41.0353
3883174	0.0976366	41.0359
3889530	0.0976366	41.0361
3891221	0.0976366	41.0361
3891766	0.0976366	41.0367
3897031	0.0976366	41.0369
3899059	0.0976366	41.037
3900248	0.0976366	41.0373
3903100	0.0976366	41.0373
3903975	0.0976366	41.0374
3904738	0.0976366	41.0375
3906029	0.0976366	41.038
3910835	0.0976366	41.0382
3913110	0.0976366	41.0383
3913664	0.0976366	41.0389
3920343	0.0976366	41.039
3921095	0.0976366	41.0395
3926556	0.0976366	41.0396
3927456	0.0976366	41.0399
3930382	0.0976366	41.0402
3933597	0.0976366	41.0405
3935943	0.0976366	41.0405
3936711	0.0976366	41.0407
3938598	0.0976366	41.0408
3939924	0.0976366	41.0409
3940754	0.0976366	41.041
3941293	0.0976366	41.0411
3942963	0.0976366	41.0413
3944900	0.0976366	41.0415
3946716	0.0976366	41.0415
3947038	0.0976366	41.0416
3947296	0.0976366	41.0418
3949859	0.0976366	41.0421
3953173	0.0976366	41.043
3961483	0.0976366	41.043
3961664	0.0976366	41.043
3962055	0.0976366	41.044
3971930	0.0976366	41.0444
3976168	0.0976366	41.0445
3977129	0.0976366	41.0455
3987298	0.0976366	41.0458
3990428	0.0976366	41.0462
3994409	0.0976366	41.0462
3994916	0.0976366	41.0464
3996663	0.948505	41.0465
3996762	0.948505	41.0468
3997143	3.17579	41.0468
3997144	31.2711	41.189
4001689	31.2711	41.2189
4002647	31.2711	41.3369
4006420	31.2711	41.7827
4020674	31.2711	41.8383
4022454	31.2711	42.1755
4033236	31.2711	42.2001
4034023	31.2711	42.2762
4036456	31.2711	42.5656
4045711	31.2711	42.6761
4049245	31.2711	42.7361
4051164	31.2711	42.8357
4054348	31.2711	43.005
4059764	31.2711	43.0051
4059765	31.2711	43.1286
4063716	31.2711	43.3309
4070184	31.2711	43.3765
4071644	31.2711	43.392
4072138	31.2711	43.5263
4076434	31.2711	43.5415
4076919	31.2711	43.5416
4076921	31.2711	43.839
4086431	31.2711	43.8892
4088037	31.2711	43.9159
4088892	31.2711	43.9274
4089259	31.2711	43.9395
4089646	31.2711	44.0853
4094308	31.2711	44.1173
4095331	31.2711	44.2242
4098752	31.2711	44.2968
4101072	31.2711	44.3448
4102608	31.2711	44.3615
4103141	31.2711	44.4186
4104966	31.2711	44.4272
4105241	31.2711	44.5868
4110347	31.2711	44.6491
4112338	31.2711	44.6896
4113635	31.2711	44.8252
4117970	31.2711	44.9931
4123340	31.2711	45.0477
4125086	31.2711	45.0701
4125800	31.2711	45.0797
4126109	31.2711	45.1111
4127113	31.2711	45.3779
4135644	31.2711	45.4253
4137159	31.2711	45.5195
4140173	31.2711	45.5494
4141128	31.2711	45.61
4143067	31.2711	45.6287
4143663	31.2711	45.7661
4148058	31.2711	45.7692
4148157	31.2711	45.8516
4150792	31.2711	45.8547
4150892	31.2711	45.882
4151763	31.2711	45.8825
4151782	31.2711	45.9432
4153723	31.2711	46.1077
4158981	31.2711	46.1727
4161060	31.2711	46.1809
4161324	31.2711	46.1967
4161827	31.2711	46.2161
4162450	31.2711	46.2338
4163016	31.2711	46.2993
4165109	31.2711	46.5276
4172411	31.2711	46.5877
4174331	31.2711	46.6424
4176081	31.2711	46.7409
4179230	31.2711	46.8517
4182774	31.2711	46.9858
4187063	31.2711	46.9946
4187345	31.2711	47.0083
4187783	31.2711	47.066
4189626	31.2711	47.3493
4198685	31.2711	47.3645
4199172	31.2711	47.3922
4200058	31.2711	47.4565
4202113	31.2711	47.5331
4204563	31.2711	47.543
4204880	31.2711	47.649
4208269	31.2711	47.6922
4209651	31.2711	47.7963
4212981	31.2711	48.1054
4222866	31.2711	48.1155
4223188	31.2711	48.3301
4230050	31.2711	48.4594
4234187	31.2711	48.6555
4240455	31.2711	48.692
4241623	31.2711	48.7542
4243613	31.2711	48.8593
4246973	31.2711	48.8842
4247771	31.2711	49.088
4254286	31.2711	49.2932
4260850	31.2711	49.3601
4262989	31.2711	49.3936
4264060	31.2711	49.395
4264104	31.2711	49.8226
4277778	31.2711	49.835
4278175	31.2711	49.8371
4278242	31.2711	49.9117
4280627	31.2711	49.9389
4281497	31.2711	50.1131
4287067	31.2711	50.1405
4287944	31.2711	50.2259
4290676	31.2711	50.4081
4296501	31.2711	50.6585
4304509	31.2711	50.9596
4314138	31.2711	50.9678
4314401	31.2711	50.9849
4314947	31.2711	50.9999
4315428	31.2711	51.0296
4316378	31.2711	51.2802
4324389	31.2711	51.2989
4324989	31.2711	51.3479
4326555	31.2711	51.6829
4337268	31.2711	51.9391
4345461	31.2711	52.3273
4357875	31.2711	52.3443
4358419	31.2711	52.6385
4367825	31.2711	52.6904
4369485	31.2711	52.7049
4369951	31.2711	52.7284
4370702	31.2711	52.7433
4371179	31.2711	52.8433
4374375	31.2711	52.9286
4377102	31.2711	53.3622
4390969	31.2711	53.517
4395921	31.2711	53.5916
4398304	31.2711	53.6147
4399045	31.2711	53.6395
4399837	31.2711	53.7717
4404065	31.2711	53.7842
4404464	31.2711	53.8877
4407773	31.2711	53.9905
4411061	31.2711	54.0181
4411944	31.2711	54.1114
4414928	31.2711	54.1964
4417646	31.2711	54.3369
4422138	31.2711	54.4727
4426481	31.2711	54.5956
4430412	31.2711	54.6845
4433253	31.2711	54.6909
4433458	31.2711	54.8179
4437520	31.2711	54.8879
4439760	31.2711	54.9138
4440587	31.2711	54.9653
4442235	31.2711	54.9686
4442339	31.2711	55.2452
4451184	31.2711	55.4175
4456695	31.2711	55.4685
4458324	31.2711	55.7752
4468132	31.2711	55.8555
4470701	31.2711	56.2382
4482939	31.2711	56.4169
4488653	31.2711	56.5192
4491924	31.2711	56.6625
4496507	31.2711	56.7014
4497751	31.2711	56.8619
4502885	31.2711	56.8873
4503698	31.2711	56.967
4506245	31.2711	56.9886
4506937	31.2711	57.1655
4512592	31.2711	57.1758
4512921	31.2711	57.1783
4513001	31.2711	57.1913
4513419	31.2711	57.3386
4518127	31.2711	57.3575
4518732	31.2711	57.573
4525625	31.2711	57.7954
4532735	31.2711	58.0429
4540652	31.2711	58.049
4540845	31.2711	58.0878
4542087	31.2711	58.166
4544586	31.2711	58.1889
4545318	31.2711	58.1959
4545544	31.2711	58.3156
4549372	31.2711	58.3568
4550690	31.2711	58.5105
4555604	31.2711	58.6433
4559852	31.2711	58.9809
4570648	31.2711	58.9956
4571118	31.2711	59.1926
4577416	31.2711	59.2355
4578788	31.2711	59.3393
4582107	31.2711	59.5379
4588460	31.2711	59.6043
4590582	31.2711	59.6496
4592031	31.2711	59.7603
4595570	31.2711	59.7682
4595823	31.2711	59.7956
4596699	31.2711	59.8522
4598510	31.2711	59.8847
4599547	31.2711	59.9671
4602182	31.2711	60.0528
4604924	31.2711	60.0605
4605169	31.2711	60.1574
4608269	31.2711	60.2951
4612672	31.2711	60.3591
4614720	31.2711	60.3858
4615573	31.2711	60.3911
4615743	31.2711	60.4159
4616536	31.2711	60.6205
4623079	31.2711	60.6568
4624239	31.2711	60.7299
4626578	31.2711	60.7527
4627305	31.2711	60.7735
4627971	31.2711	61.045
4636654	31.2711	61.0804
4637785	31.2711	61.1587
4640289	31.2711	61.2198
4642244	31.2711	61.2457
4643071	31.2711	61.2902
4644494	31.2711	61.3882
4647627	31.2711	61.6186
4654995	31.2711	61.6275
4655281	31.2711	61.9206
4664652	31.2711	62.2742
4675962	31.2711	62.291
4676498	31.2711	62.3212
4677463	31.2711	62.3922
4679735	31.2711	62.4726
4682305	31.2711	62.5787
4685698	31.2711	62.5891
4686031	31.2711	62.6063
4686581	31.2711	62.7275
4690456	31.2711	62.7476
4691100	31.2711	62.7499
4691174	31.2711	62.8117
4693149	31.2711	62.8386
4694010	31.2711	62.8747
4695163	31.2711	62.8845
4695477	31.2711	62.9812
4698569	31.2711	63.0014
4699217	31.2711	63.1707
4704630	31.2711	63.5543
4716895	31.2711	63.9693
4730166	31.2711	63.989
4730797	31.2711	64.0311
4732145	31.2711	64.0408
4732454	31.2711	64.0607
4733089	31.2711	64.1315
4735356	31.2711	64.2669
4739683	31.2711	64.2697
4739773	31.2711	64.2758
4739968	31.2711	64.3256
4741563	31.2711	64.3898
4743615	31.2711	64.3921
4743688	31.2711	64.4153
4744430	31.2711	64.4818
4746557	31.2711	64.5195
4747763	31.2711	64.58
4749696	31.2711	64.8377
4757939	31.2711	64.8413
4758052	31.2711	64.9006
4759949	31.2711	64.9886
4762762	31.2711	65.0711
4765401	31.2711	65.078
4765621	31.2711	65.3089
4773007	31.2711	65.3215
4773410	31.2711	65.3638
4774761	31.2711	65.3838
4775400	31.2711	65.3965
4775807	31.2711	65.5188
4779717	31.2711	65.8046
4788859	31.2711	66.1309
4799292	31.2711	66.2924
4804458	31.2711	66.331
4805692	31.2711	66.4084
4808166	31.2711	66.4422
4809247	31.2711	66.4923
4810849	31.2711	66.5062
4811293	31.2711	66.5739
4813457	31.2711	66.5745
4813479	31.2711	66.7148
4817964	31.2711	66.7221
4818198	31.2711	66.7921
4820435	31.2711	66.9963
4826966	31.2711	67.0092
4827380	31.2711	67.0225
4827804	31.2711	67.3892
4839530	31.2711	67.8011
4852702	31.2711	67.9248
4856658	31.2711	68.0426
4860424	31.2711	68.2158
4865964	31.2711	68.2239
4866223	31.2711	68.3184
4869244	31.2711	68.3732
4870997	31.2711	68.4629
4873867	31.2711	68.4888
4874694	31.2711	68.5238
4875812	31.2711	68.5887
4877889	31.2711	68.6895
4881112	31.2711	68.9407
4889145	31.2711	69.0279
4891935	31.2711	69.0528
4892730	31.2711	69.228
4898331	31.2711	69.3487
4902193	31.2711	69.4212
4904510	31.2711	69.4626
4905836	31.2711	69.7279
4914317	31.2711	69.7356
4914566	31.2711	69.8387
4917862	31.2711	69.8412
4917940	31.2711	70.06
4924937	31.2711	70.1318
4927235	31.2711	70.2118
4929794	31.2711	70.4021
4935879	31.2711	70.531
4940001	31.2711	70.5678
4941177	31.2711	70.6091
4942498	31.2711	70.6225
4942927	31.2711	70.8278
4949491	31.2711	70.8306
4949582	31.2711	70.8954
4951652	31.2711	70.9989
4954963	31.2711	71.2185
4961986	31.2711	71.2515
4963041	31.2711	71.3883
4967414	31.2711	71.4124
4968187	31.2711	71.4839
4970474	31.2711	71.6148
4974660	31.2711	71.7486
4978938	31.2711	71.882
4983202	31.2711	71.9129
4984192	31.2711	72.11
4990493	31.2711	72.1299
4991129	31.2711	72.2633
