4556 42.0091 0.151065
8152 42.0091 0.172573
8664 42.0091 0.193284
9157 42.0091 0.32116
12201 42.0091 0.323092
12247 42.0091 0.36111
13152 42.0091 0.63858
19757 42.0091 0.709912
21455 42.0091 0.733605
22019 42.0091 0.934408
26799 42.0091 1.20923
33341 42.0091 1.2804
35035 42.0091 1.29695
35429 42.0091 1.32148
36013 42.0091 1.51947
40726 42.0091 1.51968
40731 42.0091 1.64642
43748 42.0091 1.66465
44182 42.0091 1.81538
47770 42.0091 1.83315
48193 42.0091 2.01976
52635 42.0091 2.03269
52943 42.0091 2.17468
56323 42.0091 2.23123
57669 42.0091 2.30332
59385 42.0091 2.33075
60038 42.0091 2.47476
63466 42.0091 2.52399
64638 42.0091 2.75067
70034 42.0091 2.83641
72075 42.0091 2.85141
72432 42.0091 2.86918
72855 42.0091 3.01407
76304 42.0091 3.21353
81052 42.0091 3.41316
85804 42.0091 3.46789
87107 42.0091 3.59715
90184 42.0091 3.89181
97198 42.0091 4.02288
100318 42.0091 4.31358
107238 42.0091 4.44049
110259 42.0091 4.58021
113585 42.0091 4.63789
114958 42.0091 4.64566
115143 42.0091 4.92485
121789 42.0091 4.96451
122733 42.0091 4.97862
123069 42.0091 5.34965
131901 42.0091 5.60183
137904 42.0091 5.68803
139956 42.0091 6.07191
149094 42.0091 6.26835
153770 42.0091 6.63051
162391 42.0091 6.70226
164099 42.0091 6.71116
164311 42.0091 6.71675
164444 42.0091 6.72284
164589 42.0091 6.79779
166373 42.0091 6.83396
167234 42.0091 7.14835
174718 42.0091 7.17532
175360 42.0091 7.18708
175640 42.0091 7.28207
177901 42.0091 7.39717
180641 42.0091 7.62448
186052 42.0091 7.7017
187890 42.0091 7.85402
191516 42.0091 7.9908
194772 42.0091 8.08494
197013 42.0091 8.25836
201141 42.0091 8.34595
203226 42.0091 8.34645
203238 42.0091 8.43975
205459 42.0091 8.5073
207067 42.0091 8.58632
208948 42.0091 8.61031
209519 42.0091 8.98612
218465 42.0091 9.00478
218909 42.0091 9.01221
219086 42.0091 9.04216
219799 42.0091 9.53775
231596 42.0091 9.6802
234987 42.0091 9.70204
235507 42.0091 9.73792
236361 42.0091 10.2685
248990 42.0091 10.3104
249989 42.0091 10.5132
254817 42.0091 10.5239
255070 42.0091 10.5284
255177 42.0091 10.5429
255523 42.0091 10.6036
256969 42.0091 10.6502
258078 42.0091 10.679
258764 42.0091 10.7663
260841 42.0091 11.1166
269180 42.0091 11.1377
269683 42.0091 11.1601
270216 42.0091 11.1914
270960 42.0091 11.5771
280142 42.0091 11.6366
281559 42.0091 11.6405
281650 42.0091 12.1668
294179 42.0091 12.3742
299115 42.0091 12.642
305491 42.0091 12.6583
305879 42.0091 12.8447
310315 42.0091 13.3152
321515 42.0091 13.3667
322743 42.0091 13.4537
324813 42.0091 13.5044
326020 42.0091 13.5527
327169 42.0091 13.5691
327559 42.0091 13.5705
327593 42.0091 13.7199
331150 42.0091 13.7558
332005 42.0091 13.8557
334383 42.0091 14.0521
339057 42.0091 14.0998
340194 42.0091 14.3541
346247 42.0091 14.384
346957 42.0091 14.3864
347015 42.0091 14.4127
347641 42.0091 14.4695
348994 42.0091 14.5667
351306 42.0091 14.5834
351704 42.0091 14.6671
353696 42.0091 14.6679
353715 42.0091 14.7447
355544 42.0091 15.0764
363441 42.0091 15.2949
368641 42.0091 15.679
377784 42.0091 15.8448
381732 42.0091 15.9533
384314 42.0091 16.1553
389123 42.0091 16.2739
391945 42.0091 16.346
393663 42.0091 16.7622
403570 42.0091 16.9159
407229 42.0091 16.9533
408118 42.0091 16.9628
408345 42.0091 17.2218
414511 42.0091 17.2825
415954 42.0091 17.292
416182 42.0091 17.3432
417401 42.0091 17.3649
417917 42.0091 17.4549
420060 42.0091 17.5462
422233 42.0091 17.5533
422401 42.0091 17.7847
427910 42.0091 18.2306
438524 42.0091 18.3312
440919 42.0091 18.345
441247 42.0091 18.4181
442988 42.0091 18.4555
443877 42.0091 18.6159
447696 42.0091 19.0509
458051 42.0091 19.0949
459098 42.0091 19.1992
461581 42.0091 19.245
462672 42.0091 19.2537
462877 42.0091 19.4334
467156 42.0091 19.5336
469541 42.0091 19.6942
473363 42.0091 20.3891
489905 42.0091 20.4104
490413 42.0091 20.499
492521 42.0091 20.5352
493384 42.0091 20.6728
496660 42.0091 20.7556
498629 42.0091 21.0714
506148 42.0091 21.1389
507753 42.0091 21.2498
510394 42.0091 21.6295
519433 42.0091 21.6846
520745 42.0091 21.8849
525513 42.0091 21.9174
526285 42.0091 22.2102
533256 42.0091 22.2565
534357 42.0091 22.2684
534642 42.0091 22.5632
541659 42.0091 22.6053
542662 42.0091 22.6718
544244 42.0091 22.7712
546609 42.0091 22.796
547200 42.0091 22.9342
550490 42.0091 22.9998
552052 42.0091 23.0645
553593 42.0091 23.1167
554835 42.0091 23.2014
556850 42.0091 23.2828
558788 42.0091 23.3287
559881 42.0091 23.4603
563014 42.0091 23.461
563031 42.0091 23.5073
564133 42.0091 23.5715
565660 42.0091 23.8365
571968 42.0091 23.8692
572747 42.0091 24.0002
575866 42.0091 24.0426
576874 42.0091 24.0561
577197 42.0091 24.4897
587517 42.0091 24.5797
589660 42.0091 24.6564
591487 42.0091 24.6787
592017 42.0091 24.8342
595719 42.0091 24.9306
598012 42.0091 24.9479
598426 42.0091 24.9599
598711 42.0091 25.0285
600344 42.0091 25.0382
600574 42.0091 25.0402
600621 42.0091 25.054
600951 42.0091 25.0745
601439 42.0091 25.3418
607802 42.0091 25.4208
609681 42.0091 25.4373
610075 42.0091 25.4484
610339 42.0091 25.4524
610435 42.0091 25.5666
613153 42.0091 25.653
615210 42.0091 25.6698
615610 42.0091 25.7691
617974 42.0091 25.9403
622048 42.0091 25.9892
623213 42.0091 26.3412
631591 42.0091 26.6285
638431 42.0091 26.6767
639577 42.0091 26.8931
644730 42.0091 26.9191
645347 42.0091 26.949
646061 42.0091 27.0149
647629 42.0091 27.5372
660061 42.0091 27.5837
661168 42.0091 27.6149
661911 42.0091 27.6384
662470 42.0091 27.7399
664886 42.0091 27.8213
666824 42.0091 28.1434
674492 42.0091 28.1787
675331 42.0091 28.202
675887 42.0091 28.3879
680313 42.0091 28.5097
683211 42.0091 28.7557
689068 42.0091 28.7633
689248 42.0091 28.7647
689281 42.0091 28.8258
690737 42.0091 28.8309
690858 42.0091 29.036
695739 42.0091 29.2622
701125 42.0091 29.6412
710147 42.0091 29.7193
712004 42.0091 29.8002
713932 42.0091 29.9002
716312 42.0091 29.9377
717204 42.0091 30.0367
719560 42.0091 30.1262
721692 42.0091 30.2726
725176 42.0091 30.5632
732094 42.0091 30.6276
733626 42.0091 30.8322
738496 42.0091 30.8677
739341 42.0091 30.8802
739640 42.0091 30.9986
742458 42.0091 31.0057
742628 42.0091 31.1169
745275 42.0091 31.3843
751639 42.0091 31.4101
752254 42.0091 31.4233
752567 42.0091 31.7571
760513 42.0091 31.9431
764941 42.0091 32.0581
767678 42.0091 32.5824
780160 42.0091 32.5838
780193 42.0091 32.6941
782818 42.0091 33.0261
790722 42.0091 33.0728
791832 42.0091 33.2885
796967 42.0091 33.3375
798134 42.0091 33.5433
803034 42.0091 33.7847
808780 42.0091 34.2607
820110 42.0091 34.2766
820489 42.0091 34.3317
821801 42.0091 34.3371
821930 42.0091 34.3746
822822 42.0091 34.6188
828635 42.0091 34.6585
829579 42.0091 34.7263
831193 42.0091 34.7788
832443 42.0091 34.8046
833057 42.0091 34.8736
834699 42.0091 34.9716
837032 42.0091 34.9793
837216 42.0091 35.119
840542 42.0091 35.5927
851817 42.0091 35.6028
852059 42.0091 35.61
852230 42.0091 35.6895
854122 42.0091 35.8746
858529 42.0091 35.8931
858968 42.0091 35.98
861036 42.0091 36.0599
862940 42.0091 36.1786
865765 42.0091 36.2691
867920 42.0091 36.3077
868838 42.0091 36.3886
870763 42.0091 36.4242
871612 42.0091 36.4526
872288 42.0091 36.5249
874007 42.0091 36.5451
874490 42.0091 36.5913
875589 42.0091 36.7104
878423 42.0091 36.7213
878683 42.0091 36.8575
881926 42.0091 36.95
884128 42.0091 37.0259
885933 42.0091 37.1005
887711 42.0091 37.193
889912 42.0091 37.196
889984 42.0091 37.2108
890336 42.0091 37.3228
893001 42.0091 37.3324
893231 42.0091 37.4468
895953 42.0091 37.7103
902225 42.0091 37.7692
903627 42.0091 37.878
906217 42.0091 37.8807
906282 42.0091 37.926
907361 42.0091 38.0243
909701 42.0091 38.0907
911280 42.0091 38.2666
915468 42.0091 38.3185
916704 42.0091 38.4657
920208 42.0091 38.698
925738 42.0091 38.7471
926906 42.0091 39.0334
933722 42.0091 39.1843
937313 42.0091 39.1917
937490 42.0091 39.2398
938634 42.0091 39.3174
940482 42.0091 39.4352
943287 42.0091 39.6458
948299 42.0091 39.6494
948384 42.0091 39.974
956111 42.0091 40.045
957802 42.0091 40.225
962087 42.0091 40.2613
962950 42.0091 40.4055
966384 42.0091 40.4461
967351 42.0091 40.5211
969134 42.0091 40.5438
969676 42.0091 40.6223
971544 42.0091 40.6485
972169 42.0091 40.7719
975105 42.0091 40.8367
976649 42.0091 40.9026
978216 42.0091 40.9043
978256 42.0091 41.1133
983232 42.0091 41.1153
983279 42.0091 41.1498
984101 42.0091 41.1827
984885 42.0091 41.5072
992608 42.0091 41.7359
998053 42.0091 41.7891
999318 42.0091 42.0879
1006432 42.0091 42.1075
1006898 42.0091 42.3563
1012820 42.0091 42.4292
1014556 42.0091 42.5523
1017486 42.0091 42.6042
1018721 42.0091 42.6384
1019536 42.0091 42.877
1025216 42.0091 42.9391
1026693 42.0091 42.9495
1026941 42.0091 43.1033
1030602 42.0091 43.2044
1033010 42.0091 43.3164
1035675 42.0091 43.5173
1040459 42.0091 44.0848
1053968 42.0091 44.1942
1056570 42.0091 44.2509
1057920 42.0091 44.264
1058233 42.0091 44.3354
1059933 42.0091 44.3396
1060032 42.0091 44.3774
1060933 42.0091 44.4022
1061522 42.0091 44.5571
1065209 42.0091 44.602
1066278 42.0091 44.9904
1075524 42.0091 45.0304
1076476 42.0091 45.0314
1076500 42.0091 45.336
1083751 42.0091 45.4073
1085447 42.0091 45.6916
1092215 42.0091 45.8757
1096598 42.0091 45.9058
1097314 42.0091 46.4527
1110334 42.0091 46.7321
1116984 42.0091 46.8201
1119080 42.0091 46.9235
1121540 42.0091 46.9627
1122473 42.0091 46.9913
1123154 42.0091 47.0049
1123479 42.0091 47.1852
1127771 42.0091 47.2632
1129627 42.0091 47.2681
1129744 42.0091 47.4874
1134963 42.0091 47.6347
1138470 42.0091 47.7108
1140282 42.0091 47.8917
1144588 42.0091 47.9088
1144994 42.0091 48.0407
1148134 42.0091 48.1557
1150871 42.0091 48.5134
1159386 42.0091 48.5572
1160430 42.0091 48.5963
1161361 42.0091 48.9044
1168694 42.0091 48.9125
1168887 42.0091 49.0072
1171141 42.0091 49.1069
1173515 42.0091 49.1145
1173696 42.0091 49.1523
1174595 42.0091 49.2838
1177726 42.0091 49.5111
1183137 42.0091 49.6124
1185548 42.0091 49.7189
1188084 42.0091 49.7221
1188160 42.0091 49.9632
1193898 42.0091 50.1102
1197397 42.0091 50.1933
1199376 42.0091 50.1966
1199455 42.0091 50.5142
1207014 42.0091 50.5799
1208578 42.0091 51.0752
1220370 42.0091 51.4687
1229736 42.0091 51.5197
1230951 42.0091 51.5965
1232778 42.0091 51.6198
1233332 42.0091 51.668
1234479 42.0091 52.0048
1242497 42.0091 52.0183
1242819 42.0091 52.268
1248762 42.0091 52.3071
1249694 42.0091 52.351
1250738 42.0091 52.3594
1250938 42.0091 52.3667
1251113 42.0091 52.4075
1252083 42.0091 52.4091
1252121 42.0091 52.4428
1252923 42.0091 52.5267
1254920 42.0091 52.6206
1257157 42.0091 52.7277
1259705 42.0091 52.755
1260356 42.0091 52.8534
1262698 42.0091 53.0167
1266584 42.0091 53.3908
1275491 42.0091 53.4065
1275863 42.0091 53.5051
1278210 42.0091 53.6085
1280673 42.0091 53.6281
1281139 42.0091 53.6816
1282413 42.0091 54.0703
1291665 42.0091 54.1236
1292934 42.0091 54.219
1295205 42.0091 54.24
1295706 42.0091 54.4555
1300835 42.0091 54.4901
1301659 42.0091 54.6923
1306471 42.0091 54.7792
1308541 42.0091 55.2349
1319387 42.0091 55.3685
1322569 42.0091 55.3977
1323263 42.0091 55.3984
1323281 42.0091 55.6015
1328115 42.0091 55.7704
1332135 42.0091 55.8369
1333717 42.0091 56.0031
1337674 42.0091 56.2187
1342806 42.0091 56.2536
1343638 42.0091 56.4598
1348546 42.0091 57.0382
1362315 42.0091 57.1159
1364164 42.0091 57.2363
1367030 42.0091 57.2994
1368531 42.0091 57.3818
1370494 42.0091 57.5426
1374322 42.0091 58.0265
1385841 42.0091 58.1012
1387619 42.0091 58.6185
1399933 42.0091 58.6531
1400755 42.0091 58.7033
1401950 42.0091 58.7451
1402945 42.0091 59.1605
1412834 42.0091 59.1669
1412987 42.0091 59.6689
1424937 42.0091 59.7091
1425893 42.0091 59.7302
1426395 42.0091 59.7453
1426755 42.0091 60.2371
1438461 42.0091 60.3962
1442249 42.0091 60.5228
1445264 42.0091 60.5319
1445479 42.0091 60.5587
1446117 42.0091 60.5681
1446341 42.0091 60.681
1449028 42.0091 60.8371
1452745 42.0091 60.8691
1453506 42.0091 61.1703
1460676 42.0091 61.2015
1461418 42.0091 61.2937
1463613 42.0091 61.3841
1465765 42.0091 61.8571
1477025 42.0091 61.8668
1477255 42.0091 61.9071
1478216 42.0091 61.9132
1478361 42.0091 61.9306
1478775 42.0091 62.122
1483331 42.0091 62.3021
1487618 42.0091 62.5336
1493130 42.0091 62.5982
1494667 42.0091 62.7126
1497391 42.0091 62.7226
1497627 42.0091 62.7969
1499397 42.0091 62.8849
1501491 42.0091 63.0418
1505226 42.0091 63.0429
1505253 42.0091 63.1419
1507608 42.0091 63.3166
1511768 42.0091 63.3603
1512809 42.0091 63.3623
1512855 42.0091 63.3629
1512870 42.0091 63.4312
1514496 42.0091 63.4433
1514784 42.0091 63.5375
1517026 42.0091 63.5542
1517423 42.0091 64.0871
1530109 42.0091 64.1151
1530776 42.0091 64.296
1535082 42.0091 64.602
1542366 42.0091 64.6365
1543186 42.0091 64.8355
1547924 42.0091 64.8971
1549390 42.0091 65.115
1554578 42.0091 65.1324
1554991 42.0091 65.2562
1557939 42.0091 65.3015
1559016 42.0091 65.3698
1560643 42.0091 65.4944
1563608 42.0091 65.5222
1564270 42.0091 65.5515
1564969 42.0091 65.6412
1567104 42.0091 65.7432
1569532 42.0091 65.7516
1569731 42.0091 65.9924
1575464 42.0091 66.3363
1583649 42.0091 66.3483
1583935 42.0091 66.3968
1585091 42.0091 66.5813
1589482 42.0091 66.6463
1591029 42.0091 66.6627
1591420 42.0091 66.7106
1592560 42.0091 66.9403
1598027 42.0091 67.0791
1601331 42.0091 67.1228
1602373 42.0091 67.1917
1604012 42.0091 67.2573
1605574 42.0091 67.3662
1608167 42.0091 67.3741
1608354 42.0091 67.5674
1612956 42.0091 67.5913
1613524 42.0091 67.865
1620040 42.0091 67.9732
1622616 42.0091 68.0877
1625340 42.0091 68.1243
1626213 42.0091 68.1278
1626296 42.0091 68.4405
1633740 42.0091 68.4875
1634857 42.0091 68.526
1635774 42.0091 69.0357
1647907 42.0091 69.0752
1648847 42.0091 69.0869
1649127 42.0091 69.405
1656697 42.0091 69.4138
1656908 42.0091 69.415
1656936 42.0091 69.4675
1658187 42.0091 69.5586
1660354 42.0091 69.7083
1663919 42.0091 69.7118
1664002 42.0091 69.8114
1666373 42.0091 69.8712
1667795 42.0091 69.9186
1668923 42.0091 69.9597
1669902 42.0091 70.0555
1672183 42.0091 70.111
1673505 42.0091 70.38
1679908 42.0091 70.6448
1686211 42.0091 70.6754
1686940 42.0091 70.7366
1688396 42.0091 70.8229
1690450 42.0091 70.8983
1692246 42.0091 70.9114
1692556 42.0091 70.9595
1693703 42.0091 71.0556
1695990 42.0091 71.1225
1697583 42.0091 71.1783
1698910 42.0091 71.3239
1702377 42.0091 71.3853
1703837 42.0091 71.4158
1704565 42.0091 71.4377
1705085 42.0091 71.4517
1705419 42.0091 71.4703
1705862 42.0091 71.5373
1707456 42.0091 71.611
1709211 42.0091 71.6874
1711030 42.0091 71.8014
1713742 42.0091 71.8077
1713893 42.0091 71.8183
1714145 42.0091 71.8253
1714311 42.0091 71.9587
1717488 42.0091 71.9634
1717599 42.0091 72.0277
1719129 42.0091 72.0879
1720563 42.0091 72.224
1723802 42.0091 72.3119
1725896 42.0091 72.5391
1731303 42.0091 72.7403
1736093 42.0091 72.8583
1738901 42.0091 72.9624
1741379 42.0091 73.0766
1744099 42.0091 73.2369
1747914 42.0091 73.5797
1756074 42.0091 73.6369
1757435 42.0091 73.8245
1761902 42.0091 73.9259
1764315 42.0091 73.9349
1764529 42.0091 74.0859
1768123 42.0091 74.1453
1769538 42.0091 74.3239
1773790 42.0091 74.3348
1774048 42.0091 74.4349
1776432 42.0091 74.4668
1777191 42.0091 74.5038
1778073 42.0091 74.5575
1779350 42.0091 74.6814
1782299 42.0091 74.7909
1784907 42.0091 74.8295
1785826 42.0091 74.9624
1788989 42.0091 74.9713
1789201 42.0091 75.023
1790432 42.0091 75.0446
1790946 42.0091 75.1739
1794024 42.0091 75.1925
1794467 42.0091 75.2389
1795570 42.0091 75.3889
1799140 42.0091 75.7863
1808600 42.0091 75.9429
1812328 42.0091 76.049
1814855 42.0091 76.2113
1818717 42.0091 76.305
1820948 42.0091 76.3404
1821792 42.0091 76.5541
1826879 42.0091 76.7347
1831178 42.0091 76.8213
1833238 42.0091 76.8692
1834378 42.0091 76.9689
1836753 42.0091 77.1053
1839999 42.0091 77.1266
1840505 42.0091 77.1459
1840965 42.0091 77.234
1843063 42.0091 77.3304
1845357 42.0091 77.6019
1851821 42.0091 77.7073
1854329 42.0091 77.8328
1857316 42.0091 77.9737
1860670 42.0091 77.9783
1860780 42.0091 78.1543
1864970 42.0091 78.1736
1865428 42.0091 78.2019
1866104 42.0091 78.2828
1868028 42.0091 78.3273
1869087 42.0091 78.6276
1876236 42.0091 78.8262
1880965 42.0091 78.8289
1881029 42.0091 78.8525
1881589 42.0091 79.122
1888006 42.0091 79.266
1891432 42.0091 79.291
1892029 42.0091 79.7234
1902320 42.0091 79.9996
1908895 42.0091 80.0938
1911138 42.0091 80.5556
1922130 42.0091 80.7875
1927652 42.0091 80.9246
1930916 42.0091 81.0037
1932798 42.0091 81.1323
1935859 42.0091 81.2154
1937838 42.0091 81.3313
1940596 42.0091 81.3629
1941349 42.0091 81.525
1945208 42.0091 81.6199
1947465 42.0091 81.6387
1947914 42.0091 81.8407
1952722 42.0091 81.845
1952824 42.0091 81.8627
1953245 42.0091 82.1353
1959736 42.0091 82.2899
1963416 42.0091 82.4079
1966223 42.0091 82.7025
1973236 42.0091 83.0217
1980836 42.0091 83.1494
1983875 42.0091 83.4217
1990357 42.0091 83.4342
1990655 42.0091 83.4383
1990753 42.0091 83.5451
1993295 42.0091 83.6353
1995441 42.0091 83.7008
1997001 42.0091 83.8618
2000832 42.0091 83.9374
2002632 42.0091 83.9798
2003642 42.0091 84.051
2005338 42.0091 84.0734
2005871 42.0091 84.3086
2011470 42.0091 84.4021
2013695 42.0091 84.5744
2017796 42.0091 84.8914
2025342 42.0091 85.1563
2031647 42.0091 85.3087
2035275 42.0091 85.5362
2040691 42.0091 85.6736
2043962 42.0091 85.9944
2051598 42.0091 86.0944
2053979 42.0091 86.1419
2055109 42.0091 86.5466
2064742 42.0091 87.1197
2078386 42.0091 87.1332
2078707 42.0091 87.3487
2083837 42.0091 87.5011
2087464 42.0091 87.6867
2091883 42.0091 87.7029
2092269 42.0091 87.7877
2094287 42.0091 87.7969
2094506 42.0091 88.2124
2104396 42.0091 88.5207
2111735 42.0091 88.6904
2115774 42.0091 88.8467
2119495 42.0091 89.0541
2124432 42.0091 89.0996
2125515 42.0091 89.1623
2127008 42.0091 89.2014
2127938 42.0091 89.363
2131786 42.0091 89.3645
2131822 42.0091 89.3856
2132324 42.0091 89.4196
2133132 42.0091 89.5855
2137082 42.0091 89.7232
2140361 42.0091 89.8614
2143650 42.0091 89.8644
2143722 42.0091 89.8901
2144333 42.0091 89.907
2144735 42.0091 89.942
2145569 42.0091 90.0588
2148348 42.0091 90.8059
2166132 42.0091 90.89
2168136 42.0091 90.8911
2168161 42.0091 90.9497
2169555 42.0091 91.1563
2174473 42.0091 91.1776
2174982 42.0091 91.3304
2178618 42.0091 91.3903
2180044 42.0091 91.5532
2183923 42.0091 91.5772
2184493 42.0091 91.6305
2185762 42.0091 91.6666
2186621 42.0091 91.9276
2192835 42.0091 91.9902
2194325 42.0091 92.1033
2197016 42.0091 92.199
2199296 42.0091 92.2434
2200352 42.0091 92.3983
2204040 42.0091 92.55
2207651 42.0091 92.5592
2207869 42.0091 92.7463
2212323 42.0091 92.7633
2212727 42.0091 92.7759
2213027 42.0091 92.7963
2213514 42.0091 92.8395
2214541 42.0091 92.8987
2215951 42.0091 92.968
2217600 42.0091 93.0331
2219151 42.0091 93.1476
2221876 42.0091 93.2154
2223489 42.0091 93.2498
2224308 42.0091 93.489
2230003 42.0091 93.5919
2232453 42.0091 93.7578
2236400 42.0091 93.8557
2238731 42.0091 93.8563
2238746 42.0091 93.8788
2239281 42.0091 93.9919
2241974 42.0091 94.0094
2242390 42.0091 94.2303
2247648 42.0091 94.3812
2251242 42.0091 94.4214
2252197 42.0091 94.5334
2254864 42.0091 94.8606
2262653 42.0091 94.909
2263805 42.0091 94.9107
2263846 42.0091 95.0022
2266024 42.0091 95.1837
2270344 42.0091 95.3243
2273691 42.0091 95.8398
2285963 42.0091 96.2688
2296173 42.0091 96.4575
2300667 42.0091 96.506
2301820 42.0091 96.6136
2304381 42.0091 96.6445
2305117 42.0091 97.1061
2316106 42.0091 97.1203
2316444 42.0091 97.1303
2316681 42.0091 97.1699
2317623 42.0091 97.2577
2319715 42.0091 97.2912
2320511 42.0091 97.3182
2321154 42.0091 97.3493
2321895 42.0091 97.4439
2324147 42.0091 97.5841
2327484 42.0091 97.5889
2327597 42.0091 97.7813
2332177 42.0091 97.9052
2335128 42.0091 98.1297
2340472 42.0091 98.357
2345883 42.0091 98.3845
2346538 42.0091 98.4164
2347297 42.0091 98.6196
2352133 42.0091 98.6724
2353390 42.0091 98.7736
2355798 42.0091 98.8371
2357311 42.0091 99.2276
2366606 42.0091 99.2723
2367670 42.0091 99.5479
2374231 42.0091 99.5686
2374723 42.0091 99.6061
2375616 42.0091 99.7429
2378873 42.0091 99.7825
2379816 42.0091 100.069
2386641 42.0091 100.13
2388087 42.0091 100.176
2389189 42.0091 100.266
2391320 42.0091 100.342
2393127 42.0091 100.423
2395063 42.0091 100.457
2395881 42.0091 100.618
2399711 42.0091 100.752
2402902 42.0091 100.93
2407133 42.0091 100.948
2407562 42.0091 101.154
2412465 42.0091 101.174
2412936 42.0091 101.211
2413819 42.0091 101.41
2418547 42.0091 101.468
2419930 42.0091 101.474
2420081 42.0091 101.551
2421913 42.0091 102.044
2433642 42.0091 102.337
2440620 42.0091 102.351
2440963 42.0091 102.354
2441040 42.0091 102.488
2444217 42.0091 102.546
2445601 42.0091 102.75
2450450 42.0091 102.811
2451915 42.0091 103.486
2467973 42.0091 103.663
2472194 42.0091 103.774
2474838 42.0091 103.795
2475325 42.0091 103.868
2477074 42.0091 104.008
2480403 42.0091 104.351
2488555 42.0091 104.472
2491456 42.0091 105.001
2504027 42.0091 105.166
2507961 42.0091 105.197
2508702 42.0091 105.403
2513612 42.0091 105.684
2520308 42.0091 105.708
2520880 42.0091 105.813
2523373 42.0091 105.839
2523995 42.0091 106.21
2532826 42.0091 106.552
2540969 42.0091 106.677
2543940 42.0091 106.839
2547790 42.0091 107.004
2551714 42.0091 107.08
2553529 42.0091 107.192
2556200 42.0091 107.292
2558564 42.0091 107.328
2559428 42.0091 107.4
2561143 42.0091 107.406
2561290 42.0091 107.43
2561871 42.0091 107.61
2566137 42.0091 107.949
2574224 42.0091 107.973
2574781 42.0091 108.046
2576520 42.0091 108.175
2579586 42.0091 108.227
2580822 42.0091 108.375
2584358 42.0091 108.528
2588004 42.0091 108.54
2588278 42.0091 108.77
2593755 42.0091 108.838
2595377 42.0091 108.871
2596173 42.0091 108.889
2596594 42.0091 109.041
2600220 42.0091 109.365
2607912 42.0091 109.573
2612870 42.0091 109.675
2615300 42.0091 109.879
2620168 42.0091 110.12
2625885 42.0091 110.368
2631801 42.0091 110.592
2637126 42.0091 110.622
2637832 42.0091 110.639
2638243 42.0091 110.844
2643116 42.0091 110.869
2643717 42.0091 110.9
2644472 42.0091 110.961
2645911 42.0091 110.988
2646562 42.0091 111.018
2647279 42.0091 111.037
2647727 42.0091 111.112
2649515 42.0091 111.142
2650225 42.0091 111.552
2659981 42.0091 111.705
2663615 42.0091 111.858
2667269 42.0091 111.858
2667275 42.0091 111.891
2668039 42.0091 111.966
2669826 42.0091 111.967
2669864 42.0091 112.026
2671272 42.0091 112.03
2671365 42.0091 112.098
2672967 42.0091 112.361
2679233 42.0091 112.379
2679665 42.0091 112.4
2680165 42.0091 112.447
2681274 42.0091 112.845
2690765 42.0091 112.981
2694007 42.0091 113.005
2694577 42.0091 113.048
2695595 42.0091 113.223
2699769 42.0091 113.352
2702828 42.0091 113.573
2708098 42.0091 113.658
2710118 42.0091 113.709
2711329 42.0091 113.84
2714434 42.0091 113.987
2717952 42.0091 114.155
2721944 42.0091 114.177
2722462 42.0091 114.226
2723626 42.0091 114.67
2734212 42.0091 114.719
2735370 42.0091 114.863
2738804 42.0091 114.897
2739604 42.0091 114.912
2739967 42.0091 114.932
2740440 42.0091 115.425
2752174 42.0091 115.537
2754844 42.0091 116.459
2776785 42.0091 116.707
2782683 42.0091 116.776
2784346 42.0091 116.894
2787133 42.0091 116.92
2787753 42.0091 116.938
2788190 42.0091 116.955
2788599 42.0091 116.972
2788999 42.0091 116.975
2789081 42.0091 117.01
2789906 42.0091 117.104
2792144 42.0091 117.15
2793227 42.0091 117.346
2797913 42.0091 117.439
2800107 42.0091 117.49
2801339 42.0091 117.544
2802613 42.0091 117.881
2810637 42.0091 117.948
2812239 42.0091 118.021
2813965 42.0091 118.187
2817916 42.0091 118.194
2818083 42.0091 118.398
2822946 42.0091 118.474
2824761 42.0091 118.513
2825693 42.0091 118.568
2826992 42.0091 118.639
2828673 42.0091 118.775
2831917 42.0091 118.915
2835253 42.0091 119.045
2838339 42.0091 119.059
2838679 42.0091 119.099
2839643 42.0091 119.152
2840901 42.0091 119.564
2850702 42.0091 119.894
2858567 42.0091 119.916
2859090 42.0091 119.939
2859625 42.0091 119.97
2860369 42.0091 119.982
2860652 42.0091 120.013
2861381 42.0091 120.016
2861470 42.0091 120.034
2861880 42.0091 120.228
2866508 42.0091 120.359
2869630 42.0091 120.388
2870325 42.0091 120.518
2873422 42.0091 120.522
2873516 42.0091 120.528
2873649 42.0091 120.57
2874653 42.0091 120.673
2877112 42.0091 120.817
2880536 42.0091 120.863
2881613 42.0091 120.948
2883645 42.0091 121.075
2886666 42.0091 121.221
2890141 42.0091 121.303
2892086 42.0091 121.325
2892615 42.0091 121.336
2892893 42.0091 121.362
2893513 42.0091 121.617
2899567 42.0091 121.617
2899571 42.0091 121.736
2902398 42.0091 122.124
2911644 42.0091 122.64
2923923 42.0091 122.849
2928905 42.0091 123.003
2932558 42.0091 123.005
2932603 42.0091 123.005
2932624 42.0091 123.07
2934153 42.0091 123.292
2939445 42.0091 123.334
2940449 42.0091 123.344
2940679 42.0091 123.68
2948688 42.0091 123.738
2950061 42.0091 123.765
2950713 42.0091 123.786
2951192 42.0091 123.787
2951223 42.0091 123.924
2954477 42.0091 123.977
2955744 42.0091 124.13
2959389 42.0091 124.254
2962346 42.0091 124.261
2962511 42.0091 124.279
2962935 42.0091 124.353
2964702 42.0091 124.386
2965490 42.0091 124.443
2966840 42.0091 124.562
2969671 42.0091 124.669
2972215 42.0091 124.825
2975939 42.0091 125.43
2990338 42.0091 125.434
2990430 42.0091 125.914
3001865 42.0091 125.926
3002154 42.0091 125.942
3002528 42.0091 126.031
3004638 42.0091 126.139
3007219 42.0091 126.679
3020070 42.0091 126.683
3020161 42.0091 126.763
3022069 42.0091 126.777
3022404 42.0091 126.781
3022500 42.0091 126.871
3024650 42.0091 126.931
3026072 42.0091 127.174
3031851 42.0091 127.236
3033318 42.0091 127.254
3033767 42.0091 127.261
3033935 42.0091 127.564
3041148 42.0091 127.75
3045572 42.0091 128.006
3051659 42.0091 128.542
3064419 42.0091 128.549
3064575 42.0091 128.564
3064951 42.0091 128.6
3065799 42.0091 128.614
3066123 42.0091 128.755
3069479 42.0091 129.01
3075556 42.0091 129.014
3075642 42.0091 129.145
3078783 42.0091 129.19
3079838 42.0091 129.355
3083763 42.0091 129.609
3089818 42.0091 129.628
3090268 42.0091 129.637
3090489 42.0091 129.735
3092821 42.0091 129.739
3092919 42.0091 129.783
3093967 42.0091 130.219
3104347 42.0091 130.23
3104602 42.0091 130.579
3112898 42.0091 130.59
3113178 42.0091 130.678
3115252 42.0091 130.751
3117011 42.0091 131.14
3126252 42.0091 131.294
3129922 42.0091 131.348
3131204 42.0091 131.369
3131718 42.0091 131.475
3134225 42.0091 131.595
3137102 42.0091 131.626
3137824 42.0091 131.638
3138111 42.0091 131.806
3142123 42.0091 131.849
3143146 42.0091 131.898
3144313 42.0091 132.252
3152725 42.0091 132.506
3158773 42.0091 132.642
3162014 42.0091 132.724
3163961 42.0091 133.039
3171475 42.0091 133.45
3181243 42.0091 133.472
3181766 42.0091 133.705
3187328 42.0091 133.767
3188806 42.0091 133.777
3189034 42.0091 133.787
3189274 42.0091 133.95
3193149 42.0091 134.234
3199918 42.0091 134.261
3200546 42.0091 134.272
3200809 42.0091 134.667
3210216 42.0091 134.771
3212703 42.0091 134.775
3212791 42.0091 135.053
3219401 42.0091 135.389
3227409 42.0091 135.644
3233483 42.0091 135.941
3240539 42.0091 136.667
3257824 42.0091 136.675
3258011 42.0091 136.788
3260717 42.0091 136.893
3263209 42.0091 136.932
3264128 42.0091 136.949
3264529 42.0091 136.965
3264921 42.0091 137.124
3268718 42.0091 137.198
3270458 42.0091 137.259
3271919 42.0091 137.266
3272088 42.0091 137.522
3278190 42.0091 137.941
3288154 42.0091 137.951
3288384 42.0091 138.055
3290865 42.0091 138.085
3291585 42.0091 138.12
3292415 42.0091 138.172
3293649 42.0091 138.212
3294605 42.0091 138.291
3296484 42.0091 138.367
3298286 42.0091 138.369
3298347 42.0091 138.426
3299694 42.0091 138.691
3306009 42.0091 138.963
3312481 42.0091 139.096
3315655 42.0091 139.237
3318995 42.0091 139.259
3319518 42.0091 139.501
3325290 42.0091 139.587
3327327 42.0091 139.87
3334062 42.0091 140.015
3337518 42.0091 140.075
3338954 42.0091 140.098
3339510 42.0091 140.269
3343580 42.0091 140.403
3346765 42.0091 140.494
3348921 42.0091 140.502
3349117 42.0091 140.528
3349738 42.0091 140.74
3354776 42.0091 141.308
3368303 42.0091 141.327
3368759 42.0091 141.513
3373188 42.0091 141.851
3381227 42.0091 141.853
3381278 42.0091 141.932
3383155 42.0091 142.652
3400291 42.0091 142.793
3403659 42.0091 142.795
3403699 42.0091 142.823
3404374 42.0091 142.972
3407903 42.0091 143.035
3409412 42.0091 143.069
3410219 42.0091 143.124
3411543 42.0091 143.307
3415896 42.0091 143.388
3417813 42.0091 143.521
3420994 42.0091 143.586
3422533 42.0091 143.596
3422764 42.0091 144.294
3439389 42.0091 144.35
3440714 42.0091 144.359
3440920 42.0091 144.381
3441458 42.0091 144.437
3442797 42.0091 144.447
3443021 42.0091 144.481
3443827 42.0091 144.821
3451921 42.0091 144.856
3452755 42.0091 144.868
3453039 42.0091 144.913
3454128 42.0091 145.093
3458397 42.0091 145.125
3459171 42.0091 145.267
3462556 42.0091 145.367
3464930 42.0091 145.384
3465342 42.0091 145.538
3469001 42.0091 145.612
3470761 42.0091 145.66
3471894 42.0091 145.698
3472813 42.0091 145.822
3475754 42.0091 145.931
3478348 42.0091 146.097
3482296 42.0091 146.246
3485841 42.0091 146.389
3489259 42.0091 146.587
3493969 42.0091 146.653
3495540 42.0091 146.694
3496524 42.0091 146.728
3497312 42.0091 147.091
3505953 42.0091 147.094
3506038 42.0091 147.151
3507400 42.0091 147.52
3516185 42.0091 147.736
3521311 42.0091 147.766
3522030 42.0091 147.875
3524626 42.0091 147.914
3525565 42.0091 147.999
3527575 42.0091 148.151
3531186 42.0091 148.173
3531729 42.0091 148.211
3532628 42.0091 148.254
3533640 42.0091 148.26
3533787 42.0091 148.533
3540286 42.0091 148.658
3543276 42.0091 148.751
3545483 42.0091 148.916
3549414 42.0091 149.112
3554082 42.0091 149.445
3561989 42.0091 149.47
3562596 42.0091 149.508
3563490 42.0091 149.521
3563820 42.0091 149.591
3565485 42.0091 149.8
3570440 42.0091 149.956
3574168 42.0091 150.055
3576525 42.0091 150.061
3576657 42.0091 150.156
3578934 42.0091 150.193
3579808 42.0091 150.281
3581902 42.0091 150.578
3588967 42.0091 150.578
3588981 42.0091 150.701
3591890 42.0091 150.786
3593930 42.0091 150.808
3594456 42.0091 150.838
3595162 42.0091 151.22
3604257 42.0091 151.353
3607427 42.0091 151.392
3608356 42.0091 151.584
3612922 42.0091 151.649
3614472 42.0091 151.737
3616556 42.0091 151.868
3619670 42.0091 152.147
3626312 42.0091 152.209
3627791 42.0091 152.221
3628082 42.0091 152.277
3629405 42.0091 152.788
3641583 42.0091 152.83
3642573 42.0091 152.843
3642881 42.0091 152.848
3643000 42.0091 153.119
3649450 42.0091 153.155
3650318 42.0091 153.163
3650513 42.0091 153.486
3658204 42.0091 153.777
3665117 42.0091 153.819
3666113 42.0091 153.866
3667239 42.0091 153.966
3669617 42.0091 154.165
3674364 42.0091 154.217
3675591 42.0091 154.271
3676891 42.0091 154.304
3677655 42.0091 154.305
3677700 42.0091 154.365
3679127 42.0091 154.384
3679578 42.0091 154.597
3684635 42.0091 154.634
3685513 42.0091 154.748
3688230 42.0091 154.774
3688845 42.0091 154.829
3690173 42.0091 154.847
3690597 42.0091 154.979
3693732 42.0091 155.506
3706284 42.0091 155.629
3709196 42.0091 155.843
3714309 42.0091 155.875
3715070 42.0091 155.9
3715653 42.0091 155.933
3716437 42.0091 155.938
3716559 42.0091 156.039
3718954 42.0091 156.101
3720438 42.0091 156.328
3725851 42.0091 156.345
3726251 42.0091 156.439
3728490 42.0091 156.494
3729803 42.0091 156.728
3735364 42.0091 156.787
3736767 42.0091 156.905
3739584 42.0091 157.054
3743129 42.0091 157.103
3744288 42.0091 157.221
3747102 42.0091 157.269
3748249 42.0091 157.322
3749503 42.0091 157.505
3753871 42.0091 157.57
3755406 42.0091 157.88
3762785 42.0091 157.938
3764178 42.0091 158.048
3766796 42.0091 158.07
3767316 42.0091 158.487
3777245 42.0091 158.539
3778487 42.0091 158.544
3778586 42.0091 158.58
3779443 42.0091 158.648
3781060 42.0091 158.695
3782200 42.0091 158.715
3782659 42.0091 158.851
3785895 42.0091 158.886
3786738 42.0091 158.936
3787928 42.0091 158.955
3788386 42.0091 158.986
3789110 42.0091 159.019
3789904 42.0091 159.121
3792339 42.0091 159.224
3794781 42.0091 159.254
3795501 42.0091 159.546
3802437 42.0091 159.554
3802640 42.0091 159.58
3803262 42.0091 159.686
3805792 42.0091 159.824
3809062 42.0091 159.895
3810767 42.0091 159.992
3813073 42.0091 160.049
3814425 42.0091 160.156
3816975 42.0091 160.314
3820728 42.0091 160.653
3828791 42.0091 160.697
3829841 42.0091 160.708
3830115 42.0091 160.795
3832185 42.0091 160.853
3833550 42.0091 160.924
3835259 42.0091 161.019
3837504 42.0091 161.146
3840523 42.0091 161.221
3842315 42.0091 161.484
3848588 42.0091 161.894
3858333 42.0091 161.929
3859174 42.0091 161.951
3859709 42.0091 161.99
3860636 42.0091 162.181
3865181 42.0091 162.204
3865723 42.0091 162.331
3868753 42.0091 162.484
3872392 42.0091 162.691
3877311 42.0091 162.72
3878005 42.0091 163.047
3885781 42.0091 163.083
3886648 42.0091 163.086
3886718 42.0091 163.191
3889206 42.0091 163.404
3894285 42.0091 163.408
3894377 42.0091 163.549
3897745 42.0091 163.592
3898763 42.0091 163.631
3899686 42.0091 163.64
3899907 42.0091 163.809
3903933 42.0091 163.891
3905871 42.0091 164.176
3912654 42.0091 164.197
3913153 42.0091 164.692
3924956 42.0091 164.883
3929483 42.0091 164.968
3931506 42.0091 165.364
3940935 42.0091 165.422
3942312 42.0091 165.524
3944744 42.0091 165.815
3951673 42.0091 165.91
3953948 42.0091 166.19
3960611 42.0091 166.307
3963396 42.0091 166.353
3964488 42.0091 166.558
3969369 42.0091 166.896
3977419 42.0091 166.954
3978786 42.0091 167.044
3980932 42.0091 167.11
3982499 42.0091 167.256
3985981 42.0091 167.418
3989836 42.0091 167.45
3990605 42.0091 167.594
3994020 42.0091 167.79
3998683 42.0091 167.91
4001557 42.0091 167.996
4003583 42.0091 168.128
4006733 42.0091 168.195
4008326 42.0091 168.25
4009648 42.0091 168.375
4012611 42.0091 168.394
4013059 42.0091 168.426
4013827 42.0091 168.565
4017139 42.0091 168.789
4022468 42.0091 168.864
4024256 42.0091 168.956
4026450 42.0091 169.041
4028459 42.0091 169.059
4028897 42.0091 169.461
4038464 42.0091 169.567
4040997 42.0091 169.662
4043258 42.0091 169.887
4048608 42.0091 169.926
4049526 42.0091 170.203
4056126 42.0091 170.217
4056467 42.0091 170.525
4063802 42.0091 170.587
4065260 42.0091 170.646
4066668 42.0091 170.932
4073491 42.0091 170.996
4075001 42.0091 171.033
4075877 42.0091 171.052
4076337 42.0091 171.084
4077092 42.0091 171.144
4078521 42.0091 171.288
4081965 42.0091 171.306
4082397 42.0091 171.515
4087360 42.0091 171.593
4089208 42.0091 171.712
4092047 42.0091 171.717
4092159 42.0091 171.745
4092846 42.0091 171.894
4096373 42.0091 171.9
4096531 42.0091 171.918
4096951 42.0091 171.95
4097709 42.0091 172.003
4098971 42.0091 172.079
4100781 42.0091 172.11
4101533 42.0091 172.138
4102193 42.0091 172.269
4105320 42.0091 172.43
4109134 42.0091 172.492
4110615 42.0091 172.595
4113069 42.0091 172.726
4116178 42.0091 173.017
4123114 42.0091 173.139
4126030 42.0091 173.182
4127050 42.0091 173.507
4134776 42.0091 173.641
4137965 42.0091 173.679
4138880 42.0091 173.885
4143771 42.0091 173.893
4143972 42.0091 174.036
4147370 42.0091 174.224
4151845 42.0091 174.328
4154329 42.0091 174.591
4160590 42.0091 174.712
4163467 42.0091 174.851
4166766 42.0091 174.965
4169488 42.0091 175.068
4171941 42.0091 175.129
4173393 42.0091 175.326
4178071 42.0091 175.511
4182486 42.0091 175.534
4183031 42.0091 175.768
4188610 42.0091 175.895
4191628 42.0091 175.901
4191758 42.0091 176.174
4198257 42.0091 176.468
4205262 42.0091 177.67
4233868 42.0091 177.675
4233993 42.0091 177.736
4235456 42.0091 177.848
4238123 42.0091 177.885
4239004 42.0091 178.179
4246000 42.0091 178.285
4248527 42.0091 178.432
4252007 42.0091 178.501
4253666 42.0091 178.53
4254356 42.0091 178.755
4259694 42.0091 178.912
4263441 42.0091 179.236
4271152 42.0091 179.238
4271202 42.0091 179.273
4272047 42.0091 179.363
4274171 42.0091 179.597
4279747 42.0091 180.1
4291712 42.0091 180.157
4293091 42.0091 180.297
4296413 42.0091 180.342
4297490 42.0091 180.765
4307552 42.0091 180.965
4312313 42.0091 181.159
4316931 42.0091 181.184
4317521 42.0091 181.241
4318887 42.0091 181.302
4320335 42.0091 181.314
4320611 42.0091 181.439
4323601 42.0091 181.69
4329562 42.0091 182.018
4337383 42.0091 182.023
4337509 42.0091 182.108
4339531 42.0091 182.126
4339955 42.0091 182.234
4342530 42.0091 182.622
4351753 42.0091 182.801
4356013 42.0091 182.981
4360295 42.0091 183.158
4364519 42.0091 183.288
4367605 42.0091 183.471
4371973 42.0091 183.504
4372745 42.0091 183.559
4374065 42.0091 183.681
4376960 42.0091 183.795
4379668 42.0091 183.816
4380169 42.0091 183.849
4380954 42.0091 184.034
4385377 42.0091 184.135
4387773 42.0091 184.957
4407329 42.0091 185.124
4411326 42.0091 185.144
4411782 42.0091 185.303
4415584 42.0091 185.517
4420668 42.0091 185.606
4422786 42.0091 185.742
4426018 42.0091 186.002
4432206 42.0091 186.045
4433237 42.0091 186.314
4439646 42.0091 186.345
4440389 42.0091 186.459
4443100 42.0091 186.49
4443822 42.0091 186.502
4444119 42.0091 186.572
4445795 42.0091 186.731
4449570 42.0091 186.813
4451513 42.0091 186.949
4454766 42.0091 187.004
4456062 42.0091 187.168
4459961 42.0091 187.233
4461521 42.0091 187.289
4462864 42.0091 187.305
4463230 42.0091 187.336
4463970 42.0091 187.363
4464622 42.0091 187.415
4465843 42.0091 187.447
4466613 42.0091 187.93
4478106 42.0091 188.03
4480503 42.0091 188.054
4481052 42.0091 188.492
4491485 42.0091 188.514
4492002 42.0091 188.628
4494728 42.0091 188.733
4497215 42.0091 188.82
4499287 42.0091 188.909
4501410 42.0091 189.042
4504587 42.0091 189.114
4506289 42.0091 189.128
4506634 42.0091 189.147
4507071 42.0091 189.878
4524485 42.0091 189.912
4525284 42.0091 189.965
4526563 42.0091 190.071
4529076 42.0091 190.157
4531135 42.0091 190.395
4536798 42.0091 190.443
4537920 42.0091 190.48
4538810 42.0091 190.769
4545690 42.0091 190.841
4547416 42.0091 191.03
4551900 42.0091 191.069
4552840 42.0091 191.136
4554423 42.0091 191.227
4556595 42.0091 191.358
4559702 42.0091 191.412
4560993 42.0091 191.533
4563874 42.0091 191.874
4571992 42.0091 191.901
4572646 42.0091 192.334
4582944 42.0091 192.336
4582989 42.0091 192.448
4585655 42.0091 192.496
4586808 42.0091 192.568
4588520 42.0091 192.702
4591700 42.0091 192.757
4593011 42.0091 192.918
4596841 42.0091 192.961
4597876 42.0091 193.085
4600832 42.0091 193.184
4603187 42.0091 193.194
4603407 42.0091 193.399
4608293 42.0091 193.696
4615378 42.0091 193.899
4620195 42.0091 193.933
4621020 42.0091 194.299
4629715 42.0091 194.589
4636615 42.0091 194.647
4638014 42.0091 194.754
4640548 42.0091 194.757
4640628 42.0091 195.033
4647185 42.0091 195.074
4648163 42.0091 195.476
4657736 42.0091 195.579
4660187 42.0091 195.843
4666465 42.0091 196.165
4674149 42.0091 196.222
4675497 42.0091 196.481
4681655 42.0091 196.555
4683422 42.0091 196.809
4689471 42.0091 197.021
4694518 42.0091 197.227
4699431 42.0091 197.373
4702887 42.0091 197.455
4704838 42.0091 197.845
4714133 42.0091 197.976
4717257 42.0091 198.419
4727795 42.0091 198.681
4734028 42.0091 198.729
4735168 42.0091 198.739
4735413 42.0091 198.85
4738055 42.0091 199.215
4746733 42.0091 199.235
4747214 42.0091 199.241
4747366 42.0091 199.389
4750887 42.0091 200.203
4770251 42.0091 200.342
4773582 42.0091 200.368
4774199 42.0091 200.407
4775107 42.0091 200.448
4776100 42.0091 200.51
4777569 42.0091 200.618
4780140 42.0091 200.769
4783728 42.0091 200.881
4786412 42.0091 201.033
4790009 42.0091 201.145
4792691 42.0091 201.185
4793630 42.0091 201.402
4798792 42.0091 201.421
4799244 42.0091 201.476
4800571 42.0091 201.569
4802782 42.0091 201.637
4804402 42.0091 201.68
4805426 42.0091 201.826
4808886 42.0091 201.945
4811733 42.0091 202.064
4814560 42.0091 202.119
4815866 42.0091 202.22
4818276 42.0091 202.225
4818397 42.0091 202.273
4819534 42.0091 202.424
4823131 42.0091 202.506
4825078 42.0091 202.541
4825928 42.0091 202.65
4828505 42.0091 202.779
4831587 42.0091 202.874
4833844 42.0091 202.885
4834110 42.0091 202.91
4834709 42.0091 202.913
4834777 42.0091 203
4836831 42.0091 203.135
4840062 42.0091 203.16
4840640 42.0091 203.196
4841510 42.0091 203.205
4841726 42.0091 203.235
4842438 42.0091 203.307
4844143 42.0091 203.46
4847781 42.0091 203.511
4849015 42.0091 203.562
4850223 42.0091 203.632
4851883 42.0091 203.756
4854845 42.0091 204.043
4861665 42.0091 204.292
4867587 42.0091 204.295
4867669 42.0091 204.403
4870238 42.0091 204.441
4871138 42.0091 204.502
4872587 42.0091 205.06
4885874 42.0091 205.412
4894258 42.0091 205.519
4896807 42.0091 205.994
4908113 42.0091 206.317
4915806 42.0091 206.57
4921819 42.0091 206.64
4923492 42.0091 206.687
4924620 42.0091 206.703
4924997 42.0091 206.789
4927027 42.0091 206.843
4928313 42.0091 206.882
4929247 42.0091 207.49
4943736 42.0091 207.502
4944000 42.0091 207.578
4945822 42.0091 207.593
4946182 42.0091 207.737
4949615 42.0091 207.83
4951809 42.0091 207.848
4952247 42.0091 208.015
4956212 42.0091 208.074
4957624 42.0091 208.109
4958461 42.0091 208.123
4958781 42.0091 208.409
4965601 42.0091 208.578
4969634 42.0091 208.602
4970194 42.0091 208.615
4970503 42.0091 209.038
4980578 42.0091 209.075
4981443 42.0091 209.443
