399 46.1385 0.051306
1511 46.1385 0.0728065
1977 46.1385 0.26502
6143 46.1385 0.288735
6657 46.1385 0.479425
10790 46.1385 1.02252
22561 46.1385 1.08712
23961 46.1385 1.25423
27583 46.1385 1.31264
28849 46.1385 1.46167
32079 46.1385 1.47486
32365 46.1385 1.66394
36463 46.1385 1.89966
41572 46.1385 2.1495
46987 46.1385 2.5629
55947 46.1385 2.57614
56234 46.1385 2.59663
56678 46.1385 3.02253
65909 46.1385 3.08413
67244 46.1385 3.12376
68103 46.1385 3.1991
69736 46.1385 3.27754
71436 46.1385 3.34112
72814 46.1385 3.51054
76486 46.1385 3.7995
82749 46.1385 3.98697
86812 46.1385 4.08838
89010 46.1385 4.11569
89602 46.1385 4.31376
93895 46.1385 4.37079
95131 46.1385 4.43271
96473 46.1385 4.59096
99903 46.1385 4.61689
100465 46.1385 4.70257
102322 46.1385 4.7506
103363 46.1385 5.03828
109598 46.1385 5.23155
113787 46.1385 5.66941
123277 46.1385 5.68869
123695 46.1385 5.82646
126681 46.1385 6.00968
130652 46.1385 6.15746
133855 46.1385 6.15774
133861 46.1385 6.18288
134406 46.1385 6.35498
138136 46.1385 6.42091
139565 46.1385 6.53058
141942 46.1385 6.68879
145371 46.1385 6.74928
146682 46.1385 6.8249
148321 46.1385 6.85987
149079 46.1385 7.2938
158484 46.1385 7.30359
158696 46.1385 7.5274
163547 46.1385 7.53202
163647 46.1385 7.89042
171415 46.1385 7.90966
171832 46.1385 8.09366
175820 46.1385 8.6111
187035 46.1385 8.64105
187684 46.1385 8.79778
191081 46.1385 8.92761
193895 46.1385 8.99857
195433 46.1385 9.09436
197509 46.1385 9.22982
200445 46.1385 9.35255
203105 46.1385 9.49867
206272 46.1385 9.9063
215107 46.1385 10.0741
218744 46.1385 10.2923
223474 46.1385 10.3347
224392 46.1385 10.4816
227576 46.1385 10.7445
233273 46.1385 10.9105
236872 46.1385 10.9202
237082 46.1385 11.0019
238852 46.1385 11.0105
239040 46.1385 11.1
240980 46.1385 11.218
243536 46.1385 11.3457
246305 46.1385 11.4391
248328 46.1385 11.5845
251479 46.1385 11.9089
258512 46.1385 12.0802
262224 46.1385 12.2744
266432 46.1385 12.367
268440 46.1385 12.3949
269045 46.1385 12.4204
269597 46.1385 12.4647
270557 46.1385 12.578
273012 46.1385 12.8437
278772 46.1385 12.8702
279347 46.1385 13.1412
285220 46.1385 13.1777
286011 46.1385 13.3931
290679 46.1385 13.4631
292197 46.1385 13.5763
294650 46.1385 13.6123
295431 46.1385 13.7814
299096 46.1385 14.3169
310702 46.1385 14.3911
312309 46.1385 14.6956
318909 46.1385 14.7119
319262 46.1385 14.8524
322308 46.1385 14.9357
324113 46.1385 14.9413
324235 46.1385 14.9697
324851 46.1385 15.0851
327351 46.1385 15.3642
333400 46.1385 15.3958
334086 46.1385 15.4727
335753 46.1385 15.5519
337468 46.1385 15.7573
341920 46.1385 15.8134
343137 46.1385 15.8194
343267 46.1385 15.8438
343795 46.1385 15.9776
346695 46.1385 15.992
347008 46.1385 16.0059
347308 46.1385 16.2444
352478 46.1385 16.2503
352607 46.1385 16.3818
355456 46.1385 16.4392
356701 46.1385 16.6268
360767 46.1385 16.8369
365320 46.1385 16.9469
367704 46.1385 16.965
368096 46.1385 17.4519
378650 46.1385 17.4708
379058 46.1385 17.938
389185 46.1385 17.9718
389917 46.1385 17.9802
390099 46.1385 18.2104
395089 46.1385 18.4866
401076 46.1385 18.5752
402995 46.1385 18.7195
406123 46.1385 18.7983
407830 46.1385 18.907
410187 46.1385 18.9443
410995 46.1385 19.0157
412544 46.1385 19.1174
414748 46.1385 19.2141
416842 46.1385 19.3649
420112 46.1385 19.4358
421648 46.1385 19.5561
424255 46.1385 19.6467
426219 46.1385 19.7556
428579 46.1385 19.7597
428669 46.1385 19.918
432100 46.1385 20.1658
437471 46.1385 20.2769
439877 46.1385 20.3751
442006 46.1385 20.3873
442271 46.1385 20.5925
446718 46.1385 20.6819
448656 46.1385 20.7043
449142 46.1385 20.8371
452020 46.1385 20.8975
453328 46.1385 20.9262
453950 46.1385 20.9764
455039 46.1385 21.1727
459293 46.1385 21.246
460883 46.1385 21.3302
462708 46.1385 21.3358
462829 46.1385 21.4808
465972 46.1385 21.493
466235 46.1385 21.5512
467497 46.1385 21.7029
470784 46.1385 21.7563
471942 46.1385 21.9367
475853 46.1385 21.9691
476554 46.1385 21.9986
477194 46.1385 22.1587
480665 46.1385 22.1975
481505 46.1385 22.2228
482053 46.1385 22.3644
485123 46.1385 22.6398
491092 46.1385 22.6521
491357 46.1385 23.0068
499045 46.1385 23.214
503537 46.1385 23.3538
506567 46.1385 23.3868
507282 46.1385 23.5177
510119 46.1385 23.5482
510779 46.1385 23.7163
514424 46.1385 23.8464
517244 46.1385 23.8547
517422 46.1385 23.8983
518367 46.1385 23.9445
519370 46.1385 24.0993
522724 46.1385 24.2862
526775 46.1385 24.3287
527697 46.1385 24.3435
528018 46.1385 24.3683
528555 46.1385 24.3816
528842 46.1385 24.4851
531087 46.1385 24.6589
534852 46.1385 24.8888
539835 46.1385 24.9606
541391 46.1385 25.0355
543015 46.1385 25.0889
544172 46.1385 25.2389
547423 46.1385 25.3459
549743 46.1385 25.5574
554328 46.1385 25.7018
557456 46.1385 25.8012
559612 46.1385 26.1155
566424 46.1385 26.1783
567784 46.1385 26.201
568276 46.1385 26.4195
573012 46.1385 26.498
574714 46.1385 26.519
575169 46.1385 26.7287
579713 46.1385 26.8846
583092 46.1385 27.0104
585820 46.1385 27.112
588021 46.1385 27.2335
590655 46.1385 27.2846
591762 46.1385 27.3304
592755 46.1385 27.7293
601401 46.1385 28.0889
609194 46.1385 28.1655
610854 46.1385 28.1736
611031 46.1385 28.3258
614328 46.1385 28.3584
615035 46.1385 28.5211
618561 46.1385 28.6366
621065 46.1385 28.6763
621926 46.1385 28.7217
622910 46.1385 28.7892
624372 46.1385 28.863
625972 46.1385 29.0352
629704 46.1385 29.1061
631242 46.1385 29.429
638240 46.1385 29.4743
639221 46.1385 29.8276
646878 46.1385 30.1885
654701 46.1385 30.2702
656472 46.1385 30.2804
656693 46.1385 30.2828
656744 46.1385 30.7213
666249 46.1385 30.7442
666745 46.1385 31.0772
673963 46.1385 31.1302
675111 46.1385 31.1966
676551 46.1385 31.2262
677192 46.1385 31.4091
681157 46.1385 31.4094
681163 46.1385 31.4144
681270 46.1385 31.4277
681559 46.1385 31.4789
682669 46.1385 32.2095
698503 46.1385 32.5741
706405 46.1385 32.6222
707449 46.1385 32.6496
708043 46.1385 32.651
708073 46.1385 32.6776
708650 46.1385 32.8484
712351 46.1385 32.9526
714609 46.1385 33.2553
721170 46.1385 33.2646
721372 46.1385 33.4343
725050 46.1385 33.4356
725079 46.1385 33.4868
726187 46.1385 33.5168
726839 46.1385 33.5202
726911 46.1385 33.5628
727834 46.1385 34.1844
741307 46.1385 34.2149
741969 46.1385 34.3588
745087 46.1385 34.4809
747733 46.1385 34.5703
749672 46.1385 34.6125
750587 46.1385 34.7064
752622 46.1385 34.9701
758336 46.1385 35.0009
759004 46.1385 35.5274
770416 46.1385 35.8345
777071 46.1385 36.1161
783175 46.1385 36.126
783390 46.1385 36.2205
785437 46.1385 36.2833
786798 46.1385 36.2993
787145 46.1385 36.4609
790647 46.1385 36.4687
790817 46.1385 36.5391
792342 46.1385 36.5818
793269 46.1385 36.6609
794983 46.1385 36.7765
797489 46.1385 36.7903
797787 46.1385 37.121
804954 46.1385 37.185
806343 46.1385 37.5086
813355 46.1385 37.662
816680 46.1385 37.7154
817838 46.1385 37.8005
819682 46.1385 37.8519
820796 46.1385 37.9233
822343 46.1385 37.9758
823482 46.1385 38.1931
828192 46.1385 38.3224
830994 46.1385 38.7502
840265 46.1385 38.8068
841493 46.1385 38.8437
842293 46.1385 38.9459
844508 46.1385 39.0607
846996 46.1385 39.1059
847976 46.1385 39.4447
855318 46.1385 39.4815
856116 46.1385 39.5429
857448 46.1385 39.7148
861172 46.1385 39.7789
862562 46.1385 39.7873
862745 46.1385 39.9726
866761 46.1385 40.0976
869470 46.1385 40.1648
870925 46.1385 40.2656
873111 46.1385 40.3715
875405 46.1385 40.4185
876425 46.1385 41.1225
891683 46.1385 41.2004
893372 46.1385 41.3384
896362 46.1385 41.4864
899570 46.1385 41.517
900234 46.1385 41.5504
900957 46.1385 41.7403
905073 46.1385 41.8694
907871 46.1385 41.9123
908802 46.1385 41.9516
909652 46.1385 42.147
913888 46.1385 42.1581
914129 46.1385 42.2138
915336 46.1385 42.3245
917735 46.1385 42.3837
919017 46.1385 42.4133
919659 46.1385 42.6126
923980 46.1385 42.6194
924127 46.1385 42.9577
931459 46.1385 43.1399
935408 46.1385 43.4387
941885 46.1385 43.6789
947089 46.1385 43.7584
948813 46.1385 43.9095
952088 46.1385 44.0742
955658 46.1385 44.1034
956291 46.1385 44.335
961311 46.1385 44.4626
964076 46.1385 44.7375
970034 46.1385 44.974
975159 46.1385 45.0207
976172 46.1385 45.0348
976477 46.1385 45.1826
979680 46.1385 45.3008
982243 46.1385 45.3728
983804 46.1385 45.3784
983925 46.1385 45.4504
985485 46.1385 46.0931
999416 46.1385 46.1329
1000278 46.1385 46.1533
1000720 46.1385 46.4301
1006720 46.1385 46.5659
1009662 46.1385 46.8749
1016359 46.1385 46.9467
1017917 46.1385 47.0234
1019579 46.1385 47.0973
1021180 46.1385 47.2268
1023986 46.1385 47.3415
1026472 46.1385 47.7107
1034475 46.1385 47.9167
1038939 46.1385 47.9817
1040348 46.1385 48.311
1047486 46.1385 48.3524
1048383 46.1385 48.3753
1048880 46.1385 48.4522
1050546 46.1385 48.8833
1059890 46.1385 49.0154
1062753 46.1385 49.0475
1063448 46.1385 49.3159
1069266 46.1385 49.3395
1069777 46.1385 49.5568
1074487 46.1385 49.6576
1076672 46.1385 49.7003
1077598 46.1385 49.736
1078370 46.1385 49.748
1078632 46.1385 49.8261
1080324 46.1385 49.8457
1080749 46.1385 49.9436
1082870 46.1385 50.0158
1084436 46.1385 50.0558
1085303 46.1385 50.1459
1087254 46.1385 50.3256
1091150 46.1385 50.6638
1098481 46.1385 50.7472
1100288 46.1385 50.8268
1102012 46.1385 50.8489
1102491 46.1385 50.8552
1102629 46.1385 50.9622
1104948 46.1385 50.9712
1105143 46.1385 50.9901
1105552 46.1385 51.1174
1108311 46.1385 51.1856
1109789 46.1385 51.2487
1111157 46.1385 51.2552
1111298 46.1385 51.4194
1114856 46.1385 51.45
1115519 46.1385 51.5976
1118719 46.1385 51.6654
1120188 46.1385 51.6849
1120611 46.1385 51.7392
1121789 46.1385 51.7611
1122263 46.1385 51.8064
1123244 46.1385 51.8073
1123263 46.1385 51.9646
1126674 46.1385 51.9687
1126762 46.1385 52.0549
1128630 46.1385 52.0834
1129249 46.1385 52.1579
1130863 46.1385 52.2942
1133818 46.1385 52.5529
1139423 46.1385 52.6019
1140485 46.1385 52.6611
1141770 46.1385 52.6811
1142202 46.1385 52.7153
1142944 46.1385 52.8365
1145570 46.1385 52.8828
1146574 46.1385 52.9903
1148904 46.1385 53.0535
1150275 46.1385 53.2493
1154517 46.1385 53.2978
1155568 46.1385 53.508
1160124 46.1385 53.6465
1163126 46.1385 53.7336
1165015 46.1385 53.8598
1167750 46.1385 54.0832
1172592 46.1385 54.2643
1176517 46.1385 54.4185
1179858 46.1385 54.5075
1181787 46.1385 54.8014
1188158 46.1385 54.9173
1190670 46.1385 55.0835
1194273 46.1385 55.1832
1196433 46.1385 55.4001
1201133 46.1385 55.5436
1204244 46.1385 55.5958
1205376 46.1385 55.6119
1205725 46.1385 55.6219
1205941 46.1385 55.6501
1206553 46.1385 55.6929
1207480 46.1385 55.8374
1210611 46.1385 55.9156
1212307 46.1385 55.9848
1213807 46.1385 55.9973
1214077 46.1385 56.4185
1223207 46.1385 56.7947
1231361 46.1385 56.9091
1233839 46.1385 57.3895
1244253 46.1385 57.4993
1246632 46.1385 57.5392
1247496 46.1385 57.679
1250526 46.1385 57.7432
1251918 46.1385 57.9282
1255927 46.1385 57.9577
1256568 46.1385 58.2982
1263947 46.1385 58.5422
1269235 46.1385 58.6592
1271771 46.1385 58.8539
1275991 46.1385 58.9751
1278617 46.1385 59.1198
1281755 46.1385 59.2329
1284206 46.1385 59.3369
1286459 46.1385 59.6782
1293856 46.1385 59.6864
1294035 46.1385 59.7755
1295965 46.1385 59.9159
1299008 46.1385 59.9228
1299158 46.1385 60.4321
1310196 46.1385 60.7298
1316650 46.1385 60.8381
1318996 46.1385 60.933
1321053 46.1385 61.2005
1326852 46.1385 61.2823
1328625 46.1385 61.4478
1332210 46.1385 61.5667
1334787 46.1385 61.6069
1335659 46.1385 61.6372
1336316 46.1385 61.6525
1336647 46.1385 62.0631
1345548 46.1385 62.1431
1347280 46.1385 62.1543
1347523 46.1385 62.1948
1348402 46.1385 62.28
1350248 46.1385 62.3193
1351100 46.1385 62.363
1352048 46.1385 62.5649
1356422 46.1385 62.5837
1356831 46.1385 62.6877
1359084 46.1385 62.7627
1360711 46.1385 62.8644
1362915 46.1385 62.8927
1363528 46.1385 62.8976
1363633 46.1385 63.0292
1366485 46.1385 63.0342
1366594 46.1385 63.0834
1367661 46.1385 63.1178
1368407 46.1385 63.1293
1368655 46.1385 63.1416
1368923 46.1385 63.2689
1371682 46.1385 63.3762
1374008 46.1385 63.4543
1375700 46.1385 63.7104
1381250 46.1385 63.7387
1381864 46.1385 63.8274
1383786 46.1385 63.8951
1385253 46.1385 64.0529
1388674 46.1385 64.0721
1389089 46.1385 64.0881
1389437 46.1385 64.1159
1390039 46.1385 64.1845
1391525 46.1385 64.1916
1391679 46.1385 64.3896
1395971 46.1385 64.4216
1396665 46.1385 64.5494
1399435 46.1385 64.9333
1407755 46.1385 65.0256
1409756 46.1385 65.0797
1410928 46.1385 65.2932
1415555 46.1385 65.3915
1417687 46.1385 65.6723
1423773 46.1385 65.9257
1429264 46.1385 66.0959
1432953 46.1385 66.1907
1435008 46.1385 66.2399
1436075 46.1385 66.6245
1444411 46.1385 66.875
1449839 46.1385 67.0493
1453618 46.1385 67.0542
1453723 46.1385 67.2164
1457239 46.1385 67.2901
1458836 46.1385 67.8933
1471911 46.1385 67.9312
1472732 46.1385 68.1191
1476805 46.1385 68.2016
1478592 46.1385 68.2383
1479387 46.1385 68.4577
1484142 46.1385 68.4689
1484385 46.1385 68.5515
1486176 46.1385 68.7566
1490620 46.1385 68.8609
1492882 46.1385 69.3067
1502543 46.1385 69.4738
1506166 46.1385 69.567
1508186 46.1385 69.6325
1509605 46.1385 69.7542
1512243 46.1385 69.9428
1516331 46.1385 70.2388
1522746 46.1385 70.4992
1528390 46.1385 70.713
1533024 46.1385 70.8239
1535428 46.1385 70.9987
1539216 46.1385 71.0789
1540954 46.1385 71.3549
1546937 46.1385 71.4032
1547983 46.1385 71.4258
1548472 46.1385 71.7507
1555515 46.1385 71.8959
1558662 46.1385 72.3432
1568357 46.1385 72.3737
1569018 46.1385 72.4044
1569682 46.1385 72.4426
1570510 46.1385 72.5089
1571949 46.1385 72.5649
1573161 46.1385 72.9483
1581472 46.1385 73.2013
1586954 46.1385 73.3322
1589793 46.1385 73.3685
1590578 46.1385 73.4472
1592285 46.1385 73.5087
1593618 46.1385 73.6431
1596530 46.1385 73.7087
1597953 46.1385 73.7344
1598510 46.1385 74.1595
1607722 46.1385 74.4197
1613363 46.1385 74.5356
1615875 46.1385 74.647
1618288 46.1385 74.6859
1619131 46.1385 74.8226
1622094 46.1385 74.8475
1622635 46.1385 74.9782
1625468 46.1385 75.155
1629300 46.1385 75.4008
1634626 46.1385 75.4606
1635922 46.1385 75.5318
1637466 46.1385 75.5326
1637483 46.1385 75.5398
1637639 46.1385 75.5615
1638109 46.1385 75.7888
1643035 46.1385 76.0781
1649306 46.1385 76.0859
1649475 46.1385 76.1546
1650964 46.1385 76.2128
1652226 46.1385 76.3314
1654797 46.1385 76.6383
1661448 46.1385 76.7389
1663628 46.1385 76.8677
1666419 46.1385 77.147
1672474 46.1385 77.3095
1675995 46.1385 77.3616
1677125 46.1385 77.6858
1684151 46.1385 78.2335
1696023 46.1385 78.6008
1703983 46.1385 78.7431
1707068 46.1385 78.7762
1707785 46.1385 78.9962
1712553 46.1385 78.998
1712592 46.1385 79.0117
1712888 46.1385 79.0396
1713493 46.1385 79.0416
1713536 46.1385 79.5603
1724780 46.1385 79.7326
1728513 46.1385 79.7891
1729738 46.1385 79.8303
1730630 46.1385 79.9642
1733534 46.1385 80.2286
1739263 46.1385 80.3048
1740916 46.1385 80.3853
1742660 46.1385 80.3876
1742709 46.1385 80.3952
1742875 46.1385 80.4678
1744448 46.1385 80.5085
1745331 46.1385 80.7635
1750857 46.1385 80.7719
1751039 46.1385 80.959
1755094 46.1385 80.9908
1755784 46.1385 81.015
1756309 46.1385 81.1202
1758588 46.1385 81.2972
1762425 46.1385 81.5194
1767240 46.1385 81.5244
1767348 46.1385 81.5915
1768803 46.1385 81.7107
1771387 46.1385 81.7739
1772756 46.1385 82.0215
1778122 46.1385 82.1326
1780530 46.1385 82.3503
1785249 46.1385 82.7236
1793339 46.1385 82.9478
1798199 46.1385 82.9876
1799062 46.1385 83.214
1803970 46.1385 83.3422
1806748 46.1385 83.5338
1810900 46.1385 83.5408
1811051 46.1385 83.6175
1812714 46.1385 83.9707
1820370 46.1385 84.4156
1830013 46.1385 84.4194
1830094 46.1385 84.4523
1830808 46.1385 84.5133
1832129 46.1385 84.5822
1833623 46.1385 84.9253
1841059 46.1385 85.0391
1843526 46.1385 85.0972
1844785 46.1385 85.2763
1848666 46.1385 85.5448
1854487 46.1385 85.7662
1859284 46.1385 85.8164
1860373 46.1385 86.0944
1866398 46.1385 86.2342
1869428 46.1385 86.2365
1869478 46.1385 86.3209
1871307 46.1385 86.3486
1871907 46.1385 86.4813
1874784 46.1385 86.57
1876707 46.1385 86.8266
1882268 46.1385 86.8569
1882924 46.1385 86.9503
1884949 46.1385 87.0179
1886414 46.1385 87.2636
1891739 46.1385 87.2836
1892172 46.1385 87.4271
1895284 46.1385 87.6238
1899547 46.1385 87.6423
1899948 46.1385 87.8779
1905053 46.1385 88.3478
1915239 46.1385 88.402
1916414 46.1385 88.6466
1921715 46.1385 88.6846
1922538 46.1385 88.6997
1922866 46.1385 88.7077
1923039 46.1385 88.7689
1924365 46.1385 88.9381
1928032 46.1385 89.2551
1934904 46.1385 89.4181
1938436 46.1385 89.4388
1938885 46.1385 89.6116
1942629 46.1385 89.7036
1944623 46.1385 89.7308
1945214 46.1385 89.8484
1947762 46.1385 89.9918
1950871 46.1385 90.061
1952371 46.1385 90.0745
1952662 46.1385 90.0911
1953022 46.1385 90.11
1953433 46.1385 90.2146
1955700 46.1385 90.38
1959283 46.1385 90.8115
1968637 46.1385 90.8366
1969181 46.1385 90.8733
1969976 46.1385 91.1265
1975463 46.1385 91.4182
1981785 46.1385 91.4332
1982111 46.1385 91.6708
1987261 46.1385 91.7523
1989028 46.1385 91.7577
1989144 46.1385 92.1093
1996765 46.1385 92.1442
1997520 46.1385 92.2938
2000764 46.1385 92.3774
2002575 46.1385 92.4053
2003181 46.1385 92.9526
2015042 46.1385 93.5162
2027258 46.1385 93.5655
2028326 46.1385 93.9078
2035744 46.1385 94.0835
2039554 46.1385 94.1062
2040046 46.1385 94.1109
2040146 46.1385 94.2051
2042189 46.1385 94.2526
2043219 46.1385 94.3845
2046077 46.1385 94.4394
2047267 46.1385 94.6988
2052889 46.1385 94.9341
2057988 46.1385 95.0187
2059822 46.1385 95.4743
2069698 46.1385 95.8082
2076935 46.1385 95.8383
2077587 46.1385 96.0137
2081388 46.1385 96.1878
2085162 46.1385 96.3753
2089225 46.1385 96.409
2089956 46.1385 96.4093
2089962 46.1385 96.432
2090455 46.1385 96.6677
2095563 46.1385 96.6911
2096070 46.1385 96.9133
2100885 46.1385 97.1308
2105599 46.1385 97.2715
2108650 46.1385 97.3831
2111068 46.1385 97.675
2117395 46.1385 97.8565
2121328 46.1385 97.9109
2122507 46.1385 98.3778
2132628 46.1385 98.4266
2133684 46.1385 98.546
2136272 46.1385 98.7496
2140686 46.1385 98.7662
2141045 46.1385 98.8395
2142635 46.1385 98.8501
2142863 46.1385 98.9786
2145650 46.1385 99.101
2148302 46.1385 99.6644
2160513 46.1385 99.7442
2162242 46.1385 100.032
2168480 46.1385 100.146
2170958 46.1385 100.271
2173665 46.1385 100.477
2178116 46.1385 100.567
2180068 46.1385 100.859
2186395 46.1385 100.922
2187760 46.1385 101.003
2189535 46.1385 101.139
2192478 46.1385 101.312
2196224 46.1385 101.752
2205749 46.1385 101.886
2208671 46.1385 102.083
2212927 46.1385 102.135
2214071 46.1385 102.144
2214255 46.1385 102.46
2221106 46.1385 102.464
2221182 46.1385 102.467
2221255 46.1385 102.567
2223423 46.1385 103.237
2237944 46.1385 103.289
2239080 46.1385 103.702
2248015 46.1385 104.084
2256295 46.1385 104.121
2257107 46.1385 104.335
2261746 46.1385 104.368
2262456 46.1385 104.458
2264408 46.1385 104.562
2266669 46.1385 104.66
2268785 46.1385 104.84
2272693 46.1385 105.115
2278654 46.1385 105.284
2282313 46.1385 105.364
2284040 46.1385 105.382
2284446 46.1385 105.501
2287014 46.1385 105.669
2290660 46.1385 105.711
2291564 46.1385 105.743
2292257 46.1385 105.845
2294480 46.1385 105.972
2297223 46.1385 105.985
2297503 46.1385 106.025
2298373 46.1385 106.078
2299528 46.1385 106.173
2301582 46.1385 106.241
2303064 46.1385 106.549
2309722 46.1385 106.751
2314116 46.1385 107.147
2322688 46.1385 107.153
2322827 46.1385 107.276
2325496 46.1385 107.395
2328058 46.1385 107.442
2329094 46.1385 107.695
2334567 46.1385 107.769
2336163 46.1385 107.846
2337842 46.1385 107.863
2338200 46.1385 107.871
2338385 46.1385 107.917
2339378 46.1385 107.932
2339693 46.1385 108.193
2345365 46.1385 108.212
2345767 46.1385 108.383
2349482 46.1385 108.716
2356702 46.1385 108.736
2357132 46.1385 108.837
2359312 46.1385 108.866
2359945 46.1385 108.876
2360163 46.1385 109.182
2366801 46.1385 109.488
2373420 46.1385 109.672
2377406 46.1385 109.74
2378884 46.1385 110.045
2385509 46.1385 110.057
2385764 46.1385 110.127
2387271 46.1385 110.26
2390161 46.1385 110.342
2391929 46.1385 110.371
2392567 46.1385 110.477
2394854 46.1385 110.53
2396021 46.1385 110.666
2398965 46.1385 110.688
2399442 46.1385 110.848
2402909 46.1385 110.979
2405746 46.1385 111.326
2413266 46.1385 111.39
2414650 46.1385 111.518
2417430 46.1385 111.63
2419853 46.1385 111.795
2423427 46.1385 111.985
2427542 46.1385 112.01
2428091 46.1385 112.038
2428698 46.1385 112.513
2438989 46.1385 112.544
2439662 46.1385 112.64
2441742 46.1385 112.647
2441903 46.1385 112.66
2442168 46.1385 112.863
2446576 46.1385 112.874
2446809 46.1385 113.056
2450764 46.1385 113.103
2451774 46.1385 113.399
2458186 46.1385 113.561
2461708 46.1385 113.763
2466093 46.1385 113.876
2468543 46.1385 113.9
2469044 46.1385 113.968
2470529 46.1385 113.992
2471047 46.1385 114.155
2474578 46.1385 114.177
2475053 46.1385 114.22
2475999 46.1385 114.61
2484434 46.1385 114.851
2489661 46.1385 114.876
2490208 46.1385 114.975
2492352 46.1385 115.196
2497137 46.1385 115.476
2503209 46.1385 115.76
2509370 46.1385 115.934
2513145 46.1385 116.035
2515327 46.1385 116.053
2515712 46.1385 116.289
2520829 46.1385 116.341
2521959 46.1385 116.346
2522074 46.1385 116.441
2524126 46.1385 116.447
2524267 46.1385 116.47
2524752 46.1385 116.66
2528867 46.1385 116.813
2532200 46.1385 116.936
2534845 46.1385 117.042
2537157 46.1385 117.095
2538296 46.1385 117.186
2540284 46.1385 117.347
2543755 46.1385 117.389
2544680 46.1385 117.447
2545934 46.1385 117.449
2545981 46.1385 117.555
2548264 46.1385 118.124
2560603 46.1385 118.37
2565928 46.1385 118.396
2566507 46.1385 118.598
2570868 46.1385 118.71
2573303 46.1385 118.888
2577166 46.1385 119.433
2588978 46.1385 119.684
2594410 46.1385 119.703
2594822 46.1385 119.709
2594954 46.1385 119.728
2595366 46.1385 119.764
2596149 46.1385 120.143
2604355 46.1385 120.307
2607928 46.1385 120.375
2609401 46.1385 120.564
2613488 46.1385 120.576
2613747 46.1385 120.881
2620361 46.1385 120.91
2620998 46.1385 121.056
2624156 46.1385 121.112
2625374 46.1385 121.166
2626538 46.1385 121.273
2628849 46.1385 121.305
2629546 46.1385 121.543
2634711 46.1385 121.84
2641136 46.1385 121.883
2642083 46.1385 121.891
2642257 46.1385 121.922
2642927 46.1385 121.96
2643748 46.1385 122.242
2649854 46.1385 122.28
2650675 46.1385 122.325
2651661 46.1385 122.372
2652677 46.1385 122.504
2655537 46.1385 122.578
2657130 46.1385 122.606
2657754 46.1385 122.67
2659131 46.1385 122.775
2661415 46.1385 122.777
2661445 46.1385 123.194
2670489 46.1385 123.326
2673362 46.1385 123.396
2674868 46.1385 123.512
2677383 46.1385 124.468
2698099 46.1385 124.513
2699070 46.1385 124.595
2700845 46.1385 124.709
2703325 46.1385 124.759
2704406 46.1385 124.892
2707292 46.1385 124.919
2707888 46.1385 125.196
2713892 46.1385 125.265
2715376 46.1385 125.484
2720123 46.1385 125.557
2721711 46.1385 125.642
2723545 46.1385 125.796
2726882 46.1385 125.831
2727637 46.1385 125.963
2730503 46.1385 125.966
2730580 46.1385 125.972
2730697 46.1385 126.061
2732630 46.1385 126.192
2735467 46.1385 126.306
2737944 46.1385 126.971
2752342 46.1385 126.987
2752706 46.1385 127.008
2753162 46.1385 127.229
2757939 46.1385 127.357
2760724 46.1385 127.39
2761436 46.1385 127.428
2762267 46.1385 127.63
2766637 46.1385 127.769
2769653 46.1385 127.801
2770347 46.1385 127.931
2773150 46.1385 128.067
2776103 46.1385 128.22
2779430 46.1385 128.67
2789179 46.1385 129.03
2796982 46.1385 129.303
2802904 46.1385 129.455
2806195 46.1385 129.496
2807080 46.1385 129.503
2807232 46.1385 129.539
2808008 46.1385 129.633
2810039 46.1385 129.659
2810613 46.1385 129.824
2814188 46.1385 129.948
2816882 46.1385 130.191
2822136 46.1385 130.223
2822837 46.1385 130.267
2823787 46.1385 130.338
2825318 46.1385 130.535
2829593 46.1385 130.573
2830427 46.1385 130.581
2830601 46.1385 130.635
2831769 46.1385 131.101
2841871 46.1385 131.179
2843563 46.1385 131.427
2848933 46.1385 131.489
2850280 46.1385 131.499
2850500 46.1385 132.101
2863548 46.1385 132.102
2863563 46.1385 132.378
2869542 46.1385 132.434
2870753 46.1385 132.44
2870884 46.1385 132.581
2873944 46.1385 132.751
2877638 46.1385 132.79
2878469 46.1385 133.277
2889023 46.1385 133.281
2889111 46.1385 133.309
2889731 46.1385 133.309
2889732 46.1385 133.319
2889941 46.1385 133.434
2892423 46.1385 133.566
2895297 46.1385 133.62
2896468 46.1385 133.626
2896593 46.1385 134.004
2904783 46.1385 134.112
2907118 46.1385 134.258
2910296 46.1385 134.278
2910715 46.1385 134.926
2924765 46.1385 134.984
2926025 46.1385 135.015
2926705 46.1385 135.085
2928217 46.1385 135.145
2929511 46.1385 135.15
2929626 46.1385 135.241
2931590 46.1385 135.287
2932586 46.1385 135.325
2933411 46.1385 135.365
2934274 46.1385 135.479
2936744 46.1385 135.507
2937355 46.1385 135.88
2945445 46.1385 135.991
2947856 46.1385 136.202
2952434 46.1385 136.272
2953950 46.1385 136.286
2954237 46.1385 136.78
2964956 46.1385 137.184
2973715 46.1385 137.437
2979182 46.1385 138.213
2996010 46.1385 138.249
2996780 46.1385 138.271
2997268 46.1385 138.49
3002019 46.1385 138.559
3003515 46.1385 138.641
3005291 46.1385 138.813
3009025 46.1385 138.926
3011460 46.1385 139.228
3018016 46.1385 139.622
3026541 46.1385 139.733
3028959 46.1385 140.04
3035611 46.1385 140.446
3044407 46.1385 140.553
3046719 46.1385 140.714
3050216 46.1385 141.193
3060603 46.1385 141.34
3063793 46.1385 141.369
3064406 46.1385 141.524
3067772 46.1385 141.543
3068190 46.1385 141.681
3071169 46.1385 141.936
3076700 46.1385 141.954
3077092 46.1385 141.962
3077276 46.1385 142.146
3081243 46.1385 142.146
3081262 46.1385 142.283
3084217 46.1385 142.359
3085881 46.1385 142.475
3088394 46.1385 142.548
3089970 46.1385 142.851
3096539 46.1385 143.104
3102018 46.1385 143.466
3109872 46.1385 143.658
3114029 46.1385 143.956
3120491 46.1385 144.236
3126557 46.1385 144.365
3129339 46.1385 144.439
3130942 46.1385 144.527
3132849 46.1385 144.64
3135298 46.1385 144.722
3137083 46.1385 144.73
3137268 46.1385 144.994
3142974 46.1385 145.032
3143802 46.1385 145.31
3149836 46.1385 145.323
3150107 46.1385 146.15
3168039 46.1385 146.303
3171343 46.1385 146.36
3172588 46.1385 146.468
3174921 46.1385 146.599
3177761 46.1385 146.711
3180190 46.1385 146.761
3181286 46.1385 146.796
3182030 46.1385 147.009
3186661 46.1385 147.288
3192709 46.1385 147.502
3197349 46.1385 148.036
3208911 46.1385 148.133
3211013 46.1385 148.39
3216595 46.1385 148.44
3217667 46.1385 148.459
3218071 46.1385 148.541
3219857 46.1385 148.799
3225456 46.1385 148.86
3226773 46.1385 148.935
3228399 46.1385 149.03
3230462 46.1385 149.158
3233237 46.1385 149.169
3233464 46.1385 149.289
3236062 46.1385 149.449
3239529 46.1385 149.47
3239993 46.1385 149.527
3241227 46.1385 149.728
3245580 46.1385 149.83
3247790 46.1385 149.901
3249331 46.1385 150.018
3251865 46.1385 150.112
3253910 46.1385 150.131
3254325 46.1385 150.275
3257442 46.1385 150.292
3257805 46.1385 150.595
3264387 46.1385 150.725
3267194 46.1385 150.927
3271574 46.1385 150.945
3271961 46.1385 151.088
3275060 46.1385 151.41
3282040 46.1385 151.457
3283051 46.1385 151.491
3283797 46.1385 151.545
3284963 46.1385 151.579
3285707 46.1385 151.6
3286157 46.1385 151.731
3288992 46.1385 151.809
3290685 46.1385 152.118
3297394 46.1385 152.161
3298327 46.1385 152.35
3302421 46.1385 152.471
3305040 46.1385 152.648
3308866 46.1385 152.703
3310059 46.1385 152.9
3314330 46.1385 152.95
3315429 46.1385 153.214
3321130 46.1385 153.232
3321524 46.1385 153.498
3327295 46.1385 153.901
3336040 46.1385 153.908
3336181 46.1385 154.125
3340893 46.1385 154.197
3342437 46.1385 154.257
3343745 46.1385 154.274
3344108 46.1385 154.472
3348402 46.1385 154.814
3355823 46.1385 155.023
3360352 46.1385 155.214
3364491 46.1385 155.359
3367621 46.1385 155.623
3373353 46.1385 155.646
3373860 46.1385 155.788
3376939 46.1385 155.814
3377496 46.1385 155.906
3379487 46.1385 156.078
3383210 46.1385 156.089
3383456 46.1385 156.125
3384233 46.1385 156.278
3387557 46.1385 156.386
3389893 46.1385 156.423
3390697 46.1385 156.521
3392810 46.1385 156.971
3402569 46.1385 156.999
3403171 46.1385 157.09
3405145 46.1385 157.262
3408878 46.1385 157.298
3409654 46.1385 157.527
3414610 46.1385 157.605
3416306 46.1385 157.76
3419680 46.1385 158.047
3425900 46.1385 158.051
3425983 46.1385 158.132
3427741 46.1385 158.193
3429053 46.1385 158.377
3433035 46.1385 158.454
3434716 46.1385 158.569
3437211 46.1385 158.632
3438571 46.1385 158.73
3440702 46.1385 159.098
3448661 46.1385 159.218
3451279 46.1385 159.277
3452555 46.1385 159.339
3453894 46.1385 159.392
3455050 46.1385 159.597
3459487 46.1385 159.698
3461680 46.1385 159.804
3463967 46.1385 160.02
3468644 46.1385 160.08
3469943 46.1385 160.159
3471658 46.1385 160.186
3472260 46.1385 160.23
3473211 46.1385 160.258
3473816 46.1385 160.285
3474406 46.1385 160.38
3476464 46.1385 160.501
3479077 46.1385 160.544
3480009 46.1385 160.558
3480317 46.1385 160.675
3482850 46.1385 160.977
3489405 46.1385 161.341
3497285 46.1385 161.693
3504914 46.1385 161.93
3510043 46.1385 162.089
3513495 46.1385 162.439
3521085 46.1385 162.613
3524847 46.1385 162.687
3526454 46.1385 162.909
3531259 46.1385 162.932
3531769 46.1385 163.253
3538726 46.1385 163.418
3542306 46.1385 163.474
3543519 46.1385 163.684
3548071 46.1385 163.964
3554124 46.1385 164.229
3559877 46.1385 164.6
3567926 46.1385 165.022
3577070 46.1385 165.028
3577204 46.1385 165.502
3587475 46.1385 165.506
3587552 46.1385 165.89
3595886 46.1385 165.934
3596828 46.1385 165.997
3598199 46.1385 166.097
3600366 46.1385 166.319
3605175 46.1385 166.32
3605191 46.1385 166.595
3611168 46.1385 166.762
3614784 46.1385 166.769
3614939 46.1385 167.205
3624389 46.1385 167.223
3624776 46.1385 167.33
3627079 46.1385 167.782
3636881 46.1385 168.002
3641661 46.1385 168.315
3648432 46.1385 168.417
3650640 46.1385 168.47
3651794 46.1385 168.496
3652363 46.1385 168.598
3654563 46.1385 168.641
3655509 46.1385 168.77
3658289 46.1385 168.858
3660205 46.1385 168.911
3661359 46.1385 168.924
3661628 46.1385 168.942
3662035 46.1385 169.382
3671562 46.1385 169.515
3674449 46.1385 169.544
3675078 46.1385 169.583
3675928 46.1385 169.732
3679157 46.1385 169.784
3680273 46.1385 169.994
3684838 46.1385 170.118
3687516 46.1385 170.135
3687888 46.1385 170.176
3688776 46.1385 170.245
3690259 46.1385 170.327
3692050 46.1385 170.367
3692903 46.1385 170.482
3695397 46.1385 170.508
3695960 46.1385 170.538
3696629 46.1385 170.756
3701343 46.1385 170.87
3703810 46.1385 170.973
3706038 46.1385 171.088
3708539 46.1385 171.129
3709418 46.1385 171.138
3709628 46.1385 171.177
3710465 46.1385 171.319
3713556 46.1385 171.534
3718197 46.1385 171.563
3718833 46.1385 171.828
3724588 46.1385 172.014
3728616 46.1385 172.032
3728989 46.1385 172.065
3729720 46.1385 172.067
3729749 46.1385 172.207
3732803 46.1385 172.21
3732859 46.1385 172.247
3733669 46.1385 172.277
3734305 46.1385 172.316
3735152 46.1385 172.339
3735643 46.1385 172.557
3740377 46.1385 172.748
3744521 46.1385 172.765
3744876 46.1385 172.975
3749434 46.1385 173.199
3754294 46.1385 173.411
3758897 46.1385 173.42
3759074 46.1385 173.436
3759431 46.1385 173.438
3759472 46.1385 173.546
3761814 46.1385 173.627
3763576 46.1385 173.698
3765117 46.1385 173.717
3765513 46.1385 173.717
3765526 46.1385 173.785
3766983 46.1385 173.794
3767186 46.1385 173.909
3769681 46.1385 173.955
3770688 46.1385 174.034
3772380 46.1385 174.064
3773038 46.1385 175.196
3797567 46.1385 175.338
3800661 46.1385 175.625
3806881 46.1385 175.666
3807762 46.1385 175.916
3813183 46.1385 175.97
3814359 46.1385 176
3814996 46.1385 176.022
3815477 46.1385 176.275
3820955 46.1385 176.316
3821845 46.1385 176.333
3822228 46.1385 176.345
3822472 46.1385 176.397
3823603 46.1385 176.641
3828903 46.1385 176.748
3831215 46.1385 176.94
3835375 46.1385 177.062
3838019 46.1385 177.225
3841552 46.1385 177.39
3845124 46.1385 177.397
3845280 46.1385 177.437
3846156 46.1385 177.468
3846818 46.1385 177.634
3850411 46.1385 177.714
3852141 46.1385 177.729
3852470 46.1385 177.823
3854510 46.1385 177.857
3855252 46.1385 177.901
3856212 46.1385 178.188
3862428 46.1385 178.298
3864803 46.1385 178.362
3866196 46.1385 178.571
3870719 46.1385 178.662
3872690 46.1385 178.677
3873031 46.1385 178.757
3874765 46.1385 178.903
3877915 46.1385 179.166
3883614 46.1385 179.251
3885457 46.1385 179.353
3887663 46.1385 179.532
3891544 46.1385 179.551
3891974 46.1385 179.603
3893084 46.1385 179.745
3896160 46.1385 179.831
3898037 46.1385 179.943
3900461 46.1385 179.976
3901171 46.1385 180.125
3904412 46.1385 180.306
3908320 46.1385 180.419
3910786 46.1385 180.451
3911471 46.1385 180.469
3911855 46.1385 180.871
3920567 46.1385 180.922
3921679 46.1385 181.209
3927906 46.1385 181.25
3928786 46.1385 181.564
3935592 46.1385 181.652
3937492 46.1385 181.719
3938951 46.1385 181.767
3939985 46.1385 181.788
3940460 46.1385 181.889
3942632 46.1385 182.078
3946727 46.1385 182.08
3946771 46.1385 182.148
3948258 46.1385 182.469
3955212 46.1385 182.487
3955599 46.1385 182.656
3959273 46.1385 182.743
3961158 46.1385 183.398
3975340 46.1385 183.453
3976540 46.1385 183.785
3983735 46.1385 183.822
3984542 46.1385 183.927
3986802 46.1385 184.097
3990501 46.1385 184.19
3992508 46.1385 184.197
3992659 46.1385 184.218
3993114 46.1385 184.316
3995251 46.1385 184.342
3995798 46.1385 184.371
3996423 46.1385 184.595
4001288 46.1385 184.676
4003045 46.1385 184.695
4003464 46.1385 184.709
4003757 46.1385 184.871
4007267 46.1385 184.99
4009841 46.1385 184.997
4010008 46.1385 185.022
4010542 46.1385 185.043
4011002 46.1385 185.239
4015249 46.1385 185.33
4017211 46.1385 185.368
4018038 46.1385 185.392
4018560 46.1385 185.492
4020730 46.1385 185.657
4024298 46.1385 185.682
4024845 46.1385 185.716
4025594 46.1385 186.231
4036757 46.1385 186.363
4039605 46.1385 186.553
4043732 46.1385 186.602
4044792 46.1385 186.724
4047428 46.1385 186.927
4051825 46.1385 187.002
4053457 46.1385 187.06
4054725 46.1385 187.433
4062803 46.1385 187.604
4066503 46.1385 187.991
4074891 46.1385 188.093
4077099 46.1385 188.644
4089041 46.1385 188.738
4091083 46.1385 189.036
4097538 46.1385 189.134
4099668 46.1385 189.16
4100221 46.1385 189.173
4100515 46.1385 189.216
4101452 46.1385 189.408
4105609 46.1385 189.674
4111360 46.1385 189.828
4114714 46.1385 190.131
4121271 46.1385 190.188
4122505 46.1385 190.254
4123943 46.1385 190.386
4126792 46.1385 190.499
4129247 46.1385 190.502
4129326 46.1385 190.526
4129844 46.1385 190.702
4133644 46.1385 190.873
4137359 46.1385 190.977
4139604 46.1385 191.062
4141459 46.1385 191.128
4142885 46.1385 191.361
4147923 46.1385 191.664
4154491 46.1385 191.713
4155557 46.1385 191.776
4156925 46.1385 191.797
4157382 46.1385 192.18
4165686 46.1385 192.276
4167757 46.1385 192.297
4168231 46.1385 192.459
4171730 46.1385 192.815
4179441 46.1385 192.862
4180466 46.1385 193.088
4185362 46.1385 193.416
4192471 46.1385 193.484
4193947 46.1385 193.511
4194526 46.1385 193.633
4197180 46.1385 193.807
4200949 46.1385 194.137
4208092 46.1385 194.383
4213432 46.1385 194.47
4215317 46.1385 194.571
4217509 46.1385 194.633
4218847 46.1385 194.762
4221656 46.1385 194.783
4222100 46.1385 194.875
4224087 46.1385 194.933
4225347 46.1385 195.025
4227352 46.1385 195.149
4230043 46.1385 195.363
4234679 46.1385 195.378
4235005 46.1385 195.437
4236281 46.1385 195.463
4236835 46.1385 195.571
4239176 46.1385 195.634
4240554 46.1385 195.707
4242137 46.1385 195.883
4245942 46.1385 195.963
4247678 46.1385 196.203
4252871 46.1385 196.238
4253635 46.1385 196.47
4258675 46.1385 196.637
4262289 46.1385 196.679
4263198 46.1385 197.06
4271445 46.1385 197.117
4272694 46.1385 197.133
4273036 46.1385 197.447
4279838 46.1385 197.578
4282680 46.1385 197.64
4284018 46.1385 197.753
4286481 46.1385 197.876
4289133 46.1385 198.506
4302801 46.1385 198.51
4302873 46.1385 198.516
4303009 46.1385 198.632
4305535 46.1385 198.691
4306799 46.1385 198.988
4313233 46.1385 199.22
4318277 46.1385 199.224
4318364 46.1385 199.295
4319899 46.1385 199.3
4320005 46.1385 199.33
4320651 46.1385 199.359
4321273 46.1385 199.378
4321689 46.1385 199.595
4326396 46.1385 199.603
4326573 46.1385 199.822
4331317 46.1385 200.015
4335501 46.1385 200.022
4335660 46.1385 200.05
4336254 46.1385 200.188
4339250 46.1385 200.303
4341736 46.1385 200.346
4342672 46.1385 200.732
4351036 46.1385 200.856
4353732 46.1385 200.913
4354952 46.1385 200.968
4356152 46.1385 201.018
4357234 46.1385 201.167
4360457 46.1385 201.232
4361886 46.1385 201.263
4362542 46.1385 201.274
4362778 46.1385 201.583
4369480 46.1385 201.747
4373029 46.1385 201.792
4374004 46.1385 201.941
4377235 46.1385 201.97
4377878 46.1385 202.143
4381627 46.1385 202.283
4384653 46.1385 202.58
4391099 46.1385 202.669
4393022 46.1385 202.794
4395723 46.1385 202.827
4396445 46.1385 202.904
4398119 46.1385 203.112
4402625 46.1385 203.495
4410932 46.1385 203.507
4411186 46.1385 203.688
4415102 46.1385 204.159
4425317 46.1385 204.196
4426126 46.1385 204.237
4427011 46.1385 204.264
4427595 46.1385 204.349
4429440 46.1385 204.465
4431954 46.1385 204.744
4437986 46.1385 204.865
4440618 46.1385 204.925
4441914 46.1385 204.988
4443274 46.1385 205.123
4446217 46.1385 205.153
4446856 46.1385 205.299
4450014 46.1385 205.509
4454584 46.1385 205.539
4455223 46.1385 205.847
4461901 46.1385 205.933
4463764 46.1385 206.064
4466603 46.1385 206.307
4471868 46.1385 206.383
4473528 46.1385 206.391
4473693 46.1385 206.548
4477092 46.1385 206.709
4480586 46.1385 206.747
4481406 46.1385 207.038
4487724 46.1385 207.146
4490056 46.1385 207.164
4490451 46.1385 207.171
4490591 46.1385 207.281
4492979 46.1385 207.311
4493639 46.1385 207.547
4498739 46.1385 207.578
4499415 46.1385 207.99
4508342 46.1385 208.241
4513797 46.1385 208.87
4527411 46.1385 208.999
4530218 46.1385 209.04
4531108 46.1385 209.184
4534233 46.1385 209.214
4534876 46.1385 209.222
4535057 46.1385 209.227
4535166 46.1385 209.523
4541577 46.1385 209.561
4542392 46.1385 209.723
4545902 46.1385 209.921
4550192 46.1385 209.931
4550423 46.1385 209.941
4550628 46.1385 209.986
4551603 46.1385 210.044
4552872 46.1385 210.357
4559646 46.1385 210.455
4561772 46.1385 210.652
4566049 46.1385 210.917
4571797 46.1385 211.062
4574928 46.1385 211.103
4575823 46.1385 211.143
4576685 46.1385 211.302
4580129 46.1385 211.444
4583220 46.1385 211.467
4583700 46.1385 211.602
4586632 46.1385 211.893
4592946 46.1385 211.909
4593282 46.1385 212.144
4598379 46.1385 212.192
4599416 46.1385 212.278
4601276 46.1385 212.33
4602412 46.1385 212.371
4603300 46.1385 212.395
4603816 46.1385 212.462
4605273 46.1385 212.586
4607966 46.1385 212.632
4608963 46.1385 212.78
4612172 46.1385 212.796
4612518 46.1385 213.023
4617430 46.1385 213.18
4620843 46.1385 213.295
4623318 46.1385 213.496
4627683 46.1385 213.651
4631040 46.1385 213.993
4638458 46.1385 214.144
4641733 46.1385 214.182
4642543 46.1385 214.386
4646978 46.1385 214.443
4648219 46.1385 214.448
4648318 46.1385 214.681
4653361 46.1385 214.765
4655189 46.1385 214.807
4656102 46.1385 214.956
4659330 46.1385 214.993
4660129 46.1385 215.021
4660736 46.1385 215.082
4662053 46.1385 215.133
4663165 46.1385 215.15
4663530 46.1385 215.476
4670595 46.1385 215.487
4670832 46.1385 215.54
4671985 46.1385 215.758
4676720 46.1385 215.844
4678569 46.1385 215.848
4678670 46.1385 215.93
4680436 46.1385 215.987
4681680 46.1385 216.036
4682734 46.1385 216.171
4685661 46.1385 216.174
4685730 46.1385 216.183
4685924 46.1385 216.608
4695128 46.1385 216.653
4696120 46.1385 216.784
4698955 46.1385 216.878
4700995 46.1385 217.035
4704389 46.1385 217.222
4708439 46.1385 217.272
4709519 46.1385 217.459
4713582 46.1385 217.52
4714896 46.1385 217.551
4715564 46.1385 217.574
4716063 46.1385 217.576
4716105 46.1385 218.254
4730810 46.1385 218.265
4731040 46.1385 218.318
4732206 46.1385 218.545
4737119 46.1385 218.578
4737835 46.1385 218.795
4742528 46.1385 218.852
4743775 46.1385 218.92
4745249 46.1385 219.25
4752407 46.1385 219.559
4759088 46.1385 219.694
4762009 46.1385 220.169
4772317 46.1385 220.239
4773828 46.1385 220.259
4774257 46.1385 220.551
4780598 46.1385 220.687
4783550 46.1385 221.063
4791696 46.1385 221.181
4794242 46.1385 221.24
4795537 46.1385 221.362
4798181 46.1385 221.525
4801697 46.1385 221.55
4802254 46.1385 221.669
4804832 46.1385 221.677
4805001 46.1385 221.685
4805167 46.1385 221.755
4806681 46.1385 221.834
4808398 46.1385 222.211
4816583 46.1385 222.248
4817371 46.1385 222.248
4817373 46.1385 222.274
4817934 46.1385 222.932
4832191 46.1385 223.081
4835436 46.1385 223.252
4839133 46.1385 223.396
4842255 46.1385 223.657
4847917 46.1385 223.693
4848701 46.1385 223.793
4850861 46.1385 223.805
4851118 46.1385 224.007
4855509 46.1385 224.319
4862268 46.1385 224.541
4867067 46.1385 224.993
4876878 46.1385 225.036
4877802 46.1385 225.06
4878315 46.1385 225.258
4882618 46.1385 225.279
4883073 46.1385 225.321
4883984 46.1385 225.391
4885502 46.1385 225.473
4887271 46.1385 225.783
4893991 46.1385 225.879
4896074 46.1385 225.882
4896136 46.1385 226.037
4899491 46.1385 226.07
4900204 46.1385 226.121
4901315 46.1385 226.143
4901805 46.1385 226.226
4903604 46.1385 226.274
4904634 46.1385 226.362
4906551 46.1385 226.922
4918670 46.1385 226.973
4919790 46.1385 227.118
4922937 46.1385 227.238
4925529 46.1385 227.33
4927514 46.1385 227.478
4930738 46.1385 227.512
4931470 46.1385 227.699
4935525 46.1385 227.705
4935642 46.1385 227.99
4941816 46.1385 228.339
4949400 46.1385 228.537
4953682 46.1385 228.554
4954059 46.1385 228.646
4956043 46.1385 228.791
4959187 46.1385 228.961
4962882 46.1385 228.967
4962992 46.1385 229.226
4968611 46.1385 229.405
4972494 46.1385 229.424
4972914 46.1385 229.439
4973233 46.1385 229.464
4973765 46.1385 229.54
4975417 46.1385 229.569
4976045 46.1385 229.68
4978446 46.1385 229.82
4981499 46.1385 229.831
4981733 46.1385 229.913
4983511 46.1385 230.007
4985542 46.1385 230.043
4986325 46.1385 230.078
4987082 46.1385 230.109
4987753 46.1385 230.249
4990782 46.1385 230.314
4992187 46.1385 230.332
4992581 46.1385 230.356
4993107 46.1385 230.646
