3707 44.509 0.0193614
4142 44.509 0.0478027
4781 44.509 0.0844336
5604 44.509 0.184
7841 44.509 0.197486
8144 44.509 0.243642
9181 44.509 0.282721
10059 44.509 0.361903
11838 44.509 0.702797
19497 44.509 0.825731
22259 44.509 0.837392
22521 44.509 1.23566
31469 44.509 1.28315
32536 44.509 1.42847
35801 44.509 1.5413
38336 44.509 1.63192
40372 44.509 1.68894
41653 44.509 1.75917
43231 44.509 1.77747
43642 44.509 1.80012
44151 44.509 1.93165
47106 44.509 2.01746
49034 44.509 2.10942
51100 44.509 2.25002
54259 44.509 2.42173
58117 44.509 2.53643
60694 44.509 2.66017
63474 44.509 2.69952
64358 44.509 2.97538
70556 44.509 3.10192
73399 44.509 3.1329
74095 44.509 3.13615
74168 44.509 3.49988
82340 44.509 3.56437
83789 44.509 3.84954
90196 44.509 3.86129
90460 44.509 4.11753
96217 44.509 4.13956
96712 44.509 4.31573
100670 44.509 4.54099
105731 44.509 4.61972
107500 44.509 4.81133
111805 44.509 4.91531
114141 44.509 4.92679
114399 44.509 5.0102
116273 44.509 5.80393
134106 44.509 5.83647
134837 44.509 5.8767
135741 44.509 5.98584
138193 44.509 5.98682
138215 44.509 6.54518
150760 44.509 6.65392
153203 44.509 6.89342
158584 44.509 6.91697
159113 44.509 7.01003
161204 44.509 7.01453
161305 44.509 7.55398
173425 44.509 7.9773
182936 44.509 8.05088
184589 44.509 8.08591
185376 44.509 8.14719
186753 44.509 8.15578
186946 44.509 8.19931
187924 44.509 8.22157
188424 44.509 8.56602
196163 44.509 8.62825
197561 44.509 8.69902
199151 44.509 8.76409
200613 44.509 8.99754
205858 44.509 9.04855
207004 44.509 9.16169
209546 44.509 9.1883
210144 44.509 9.34956
213767 44.509 9.35107
213801 44.509 9.41085
215144 44.509 9.57949
218933 44.509 9.67857
221159 44.509 9.73292
222380 44.509 9.79185
223704 44.509 9.8915
225943 44.509 10.1186
231045 44.509 10.1894
232637 44.509 10.3094
235333 44.509 10.3263
235712 44.509 10.4845
239266 44.509 10.5187
240034 44.509 10.6699
243431 44.509 10.7146
244436 44.509 10.746
245142 44.509 10.9368
249429 44.509 11.1722
254716 44.509 11.1844
254991 44.509 11.1926
255175 44.509 11.4255
260409 44.509 11.6337
265086 44.509 11.6912
266378 44.509 11.6925
266407 44.509 11.8412
269748 44.509 11.884
270709 44.509 11.899
271046 44.509 11.9351
271857 44.509 12.1312
276262 44.509 12.1932
277657 44.509 12.5752
286238 44.509 12.5947
286677 44.509 13.04
296681 44.509 13.1544
299251 44.509 13.182
299872 44.509 13.2531
301469 44.509 13.299
302501 44.509 13.4367
305594 44.509 13.4489
305868 44.509 13.9003
316010 44.509 13.9357
316805 44.509 14.7285
334617 44.509 14.9327
339205 44.509 15.302
347503 44.509 15.3783
349216 44.509 15.7113
356699 44.509 15.794
358557 44.509 15.87
360263 44.509 15.9692
362492 44.509 15.9849
362845 44.509 16.4718
373786 44.509 16.5246
374971 44.509 16.7288
379560 44.509 16.9844
385302 44.509 17.0891
387653 44.509 17.1056
388024 44.509 17.3278
393018 44.509 17.533
397628 44.509 17.5854
398805 44.509 17.6544
400354 44.509 17.7756
403079 44.509 17.89
405649 44.509 17.9034
405949 44.509 17.9357
406675 44.509 17.9518
407037 44.509 18.0795
409905 44.509 18.1701
411941 44.509 18.3808
416676 44.509 18.6901
423625 44.509 18.7545
425071 44.509 19.093
432676 44.509 19.4445
440574 44.509 19.6228
444579 44.509 19.6827
445925 44.509 19.8367
449386 44.509 20.125
455862 44.509 20.3752
461484 44.509 20.5136
464594 44.509 20.5888
466282 44.509 20.6229
467050 44.509 20.6459
467565 44.509 20.6502
467662 44.509 20.8555
472276 44.509 20.9278
473900 44.509 20.9528
474462 44.509 21.0131
475815 44.509 21.3187
482682 44.509 21.528
487384 44.509 21.5852
488670 44.509 21.7377
492095 44.509 21.7763
492964 44.509 21.8147
493826 44.509 21.8514
494650 44.509 21.8944
495616 44.509 22.0405
498898 44.509 22.1815
502067 44.509 22.2406
503395 44.509 22.3398
505624 44.509 22.3423
505680 44.509 22.6442
512463 44.509 22.6481
512550 44.509 22.9086
518403 44.509 22.933
518951 44.509 23.0107
520696 44.509 23.0178
520857 44.509 23.1059
522836 44.509 23.1209
523173 44.509 23.3732
528842 44.509 23.3772
528932 44.509 23.412
529712 44.509 23.4582
530750 44.509 23.4665
530937 44.509 23.565
533150 44.509 23.6475
535005 44.509 23.9203
541134 44.509 24.1102
545399 44.509 24.484
553797 44.509 24.4945
554033 44.509 24.5831
556024 44.509 24.5904
556188 44.509 24.672
558021 44.509 24.8593
562230 44.509 24.9343
563916 44.509 25.1557
568890 44.509 25.5314
577331 44.509 25.7142
581437 44.509 25.748
582196 44.509 25.7614
582497 44.509 25.8522
584538 44.509 25.8721
584984 44.509 26.475
598531 44.509 26.7237
604119 44.509 26.989
610078 44.509 27.0097
610544 44.509 27.0718
611939 44.509 27.3336
617822 44.509 27.3482
618150 44.509 27.3539
618278 44.509 27.4568
620589 44.509 27.4832
621183 44.509 28.0944
634915 44.509 28.1357
635842 44.509 28.1634
636464 44.509 28.1855
636961 44.509 28.2086
637479 44.509 28.2603
638642 44.509 28.2611
638660 44.509 28.4349
642565 44.509 28.5014
644059 44.509 28.5633
645449 44.509 28.5865
645970 44.509 28.5968
646201 44.509 28.6376
647119 44.509 28.6666
647771 44.509 28.6684
647811 44.509 28.8166
651139 44.509 28.8545
651991 44.509 28.9552
654255 44.509 29.2181
660160 44.509 29.5913
668546 44.509 29.6071
668900 44.509 29.6334
669492 44.509 29.728
671617 44.509 29.8569
674514 44.509 29.8929
675322 44.509 30.091
679772 44.509 30.5534
690161 44.509 30.7773
695191 44.509 31.1393
703326 44.509 31.1547
703672 44.509 31.4785
710945 44.509 31.5112
711680 44.509 31.9019
720458 44.509 31.9604
721772 44.509 31.9896
722430 44.509 32.0385
723527 44.509 32.4579
732950 44.509 32.485
733560 44.509 32.6004
736153 44.509 32.6082
736327 44.509 32.6335
736895 44.509 32.7897
740406 44.509 33.0157
745482 44.509 33.1378
748226 44.509 33.1658
748856 44.509 33.2017
749661 44.509 33.4394
755002 44.509 33.5818
758201 44.509 33.6328
759348 44.509 34.0842
769490 44.509 34.2334
772841 44.509 34.3153
774681 44.509 34.3696
775902 44.509 34.3804
776144 44.509 34.5228
779344 44.509 34.6005
781088 44.509 34.6682
782611 44.509 34.8996
787810 44.509 35.2991
796785 44.509 35.7791
807570 44.509 35.9265
810881 44.509 36.4263
822110 44.509 37.033
835740 44.509 37.1789
839018 44.509 37.2691
841046 44.509 37.4266
844584 44.509 37.4784
845748 44.509 37.6628
849890 44.509 37.96
856569 44.509 38.1352
860504 44.509 38.1524
860891 44.509 38.2497
863076 44.509 38.3599
865554 44.509 38.3775
865949 44.509 38.4825
868307 44.509 38.5449
869710 44.509 38.6031
871018 44.509 38.7024
873249 44.509 38.8092
875648 44.509 38.8678
876965 44.509 39.1267
882782 44.509 39.1933
884277 44.509 39.2908
886467 44.509 39.3094
886885 44.509 39.4157
889273 44.509 39.508
891348 44.509 39.5321
891889 44.509 39.5647
892621 44.509 39.7821
897506 44.509 39.8226
898416 44.509 39.8303
898590 44.509 40.0253
902971 44.509 40.224
907434 44.509 40.2568
908171 44.509 40.4341
912155 44.509 40.4411
912312 44.509 40.5423
914585 44.509 40.6928
917968 44.509 40.7789
919901 44.509 40.8579
921676 44.509 41.0296
925534 44.509 41.1284
927754 44.509 41.1495
928228 44.509 41.1968
929291 44.509 41.2046
929465 44.509 41.2743
931032 44.509 41.3125
931890 44.509 41.4365
934675 44.509 41.6172
938736 44.509 41.6415
939282 44.509 41.6955
940494 44.509 41.7739
942256 44.509 41.8343
943614 44.509 41.8886
944834 44.509 41.9303
945770 44.509 42.02
947785 44.509 42.0327
948071 44.509 42.2464
952873 44.509 42.3727
955710 44.509 42.4465
957367 44.509 42.5315
959278 44.509 42.5385
959434 44.509 42.5606
959932 44.509 42.615
961154 44.509 42.8627
966720 44.509 42.9207
968021 44.509 42.9263
968147 44.509 43.0066
969952 44.509 43.1123
972326 44.509 43.2608
975664 44.509 43.3387
977413 44.509 43.5775
982778 44.509 43.6305
983970 44.509 43.7645
986979 44.509 43.8729
989415 44.509 43.8988
989998 44.509 43.9293
990683 44.509 44.1273
995132 44.509 44.2642
998208 44.509 44.2917
998824 44.509 44.4467
1002307 44.509 44.7862
1009936 44.509 44.8737
1011900 44.509 45.1984
1019195 44.509 45.4485
1024815 44.509 45.5673
1027485 44.509 45.5749
1027654 44.509 45.8075
1032882 44.509 45.8659
1034192 44.509 45.9532
1036155 44.509 45.9611
1036331 44.509 46.2689
1043248 44.509 46.3519
1045112 44.509 46.3737
1045603 44.509 46.4601
1047542 44.509 46.4678
1047715 44.509 46.6927
1052770 44.509 46.6955
1052831 44.509 46.7286
1053576 44.509 46.7636
1054361 44.509 47.0224
1060177 44.509 47.0538
1060881 44.509 47.1849
1063828 44.509 47.3069
1066568 44.509 47.4956
1070808 44.509 48.0255
1082713 44.509 48.033
1082881 44.509 48.0415
1083074 44.509 48.0703
1083719 44.509 48.1024
1084441 44.509 48.2596
1087974 44.509 48.3186
1089298 44.509 48.3508
1090022 44.509 48.4147
1091458 44.509 48.4874
1093091 44.509 48.9029
1102426 44.509 48.9077
1102534 44.509 48.9085
1102552 44.509 49.0016
1104643 44.509 49.0654
1106078 44.509 49.206
1109236 44.509 49.2226
1109610 44.509 49.266
1110584 44.509 49.5972
1118026 44.509 49.787
1122290 44.509 49.8854
1124500 44.509 50.0096
1127290 44.509 50.159
1130648 44.509 50.215
1131905 44.509 50.426
1136647 44.509 51.0352
1150334 44.509 51.0686
1151084 44.509 51.0776
1151287 44.509 51.1225
1152295 44.509 51.1553
1153032 44.509 51.2544
1155258 44.509 51.295
1156170 44.509 51.4009
1158549 44.509 51.737
1166101 44.509 51.7636
1166699 44.509 51.905
1169875 44.509 52.0578
1173309 44.509 52.2894
1178512 44.509 52.4369
1181827 44.509 52.5912
1185293 44.509 52.643
1186456 44.509 52.6641
1186930 44.509 53.0267
1195078 44.509 53.1112
1196976 44.509 53.1512
1197875 44.509 53.2499
1200092 44.509 53.2833
1200842 44.509 53.4444
1204462 44.509 53.544
1206699 44.509 53.5587
1207031 44.509 53.6463
1208999 44.509 53.701
1210227 44.509 53.7361
1211016 44.509 53.7996
1212443 44.509 53.9797
1216489 44.509 54.2798
1223232 44.509 54.314
1223999 44.509 54.3235
1224212 44.509 54.3325
1224416 44.509 54.339
1224561 44.509 54.3573
1224972 44.509 54.6371
1231258 44.509 54.9826
1239022 44.509 55.3913
1248203 44.509 55.6579
1254193 44.509 55.7388
1256011 44.509 55.9281
1260264 44.509 56.1185
1264542 44.509 56.4846
1272768 44.509 56.9135
1282403 44.509 57.0523
1285521 44.509 57.178
1288347 44.509 57.3287
1291732 44.509 57.3356
1291886 44.509 57.3892
1293092 44.509 57.4305
1294020 44.509 57.4767
1295057 44.509 57.5569
1296858 44.509 57.6199
1298274 44.509 57.6251
1298391 44.509 57.9748
1306248 44.509 58.1434
1310037 44.509 58.4385
1316667 44.509 58.4484
1316889 44.509 58.547
1319104 44.509 58.5682
1319581 44.509 58.6903
1322324 44.509 58.8178
1325189 44.509 58.9617
1328422 44.509 59.0024
1329335 44.509 59.3014
1336053 44.509 59.4305
1338954 44.509 59.4395
1339157 44.509 59.5114
1340772 44.509 59.5824
1342366 44.509 59.6094
1342974 44.509 59.6531
1343954 44.509 59.6549
1343995 44.509 59.734
1345773 44.509 59.7542
1346227 44.509 60.0065
1351896 44.509 60.0996
1353987 44.509 60.1219
1354487 44.509 60.2479
1357318 44.509 60.5014
1363015 44.509 60.5311
1363681 44.509 60.6851
1367141 44.509 60.6994
1367463 44.509 60.7055
1367600 44.509 60.9326
1372701 44.509 60.9887
1373962 44.509 61.2799
1380504 44.509 61.3427
1381917 44.509 61.3431
1381924 44.509 61.5216
1385935 44.509 61.6003
1387704 44.509 61.9263
1395028 44.509 61.9514
1395592 44.509 62.3457
1404450 44.509 62.3651
1404887 44.509 62.6315
1410872 44.509 62.7335
1413163 44.509 62.8691
1416210 44.509 62.9767
1418628 44.509 63.2287
1424290 44.509 63.3418
1426830 44.509 63.383
1427756 44.509 63.4057
1428265 44.509 63.5438
1431369 44.509 63.7522
1436050 44.509 64.2562
1447374 44.509 64.3251
1448923 44.509 64.4317
1451318 44.509 64.5589
1454176 44.509 64.8252
1460159 44.509 65.1303
1467013 44.509 65.1364
1467150 44.509 65.5121
1475592 44.509 65.6411
1478489 44.509 65.6503
1478697 44.509 65.7465
1480858 44.509 65.7535
1481016 44.509 65.8448
1483066 44.509 66.0369
1487382 44.509 66.0647
1488007 44.509 66.2301
1491722 44.509 66.3296
1493959 44.509 66.3507
1494433 44.509 66.5015
1497821 44.509 66.53
1498462 44.509 66.7426
1503237 44.509 67.1496
1512382 44.509 67.3283
1516397 44.509 67.4008
1518026 44.509 67.5366
1521076 44.509 67.6121
1522773 44.509 67.6797
1524292 44.509 67.6948
1524631 44.509 67.8455
1528017 44.509 67.8777
1528741 44.509 68.1685
1535274 44.509 68.285
1537890 44.509 68.3906
1540264 44.509 68.6894
1546978 44.509 68.8031
1549531 44.509 69.2586
1559765 44.509 69.3234
1561222 44.509 69.3909
1562738 44.509 69.3959
1562849 44.509 69.6825
1569290 44.509 69.8398
1572823 44.509 69.9901
1576201 44.509 70.3266
1583760 44.509 70.3832
1585033 44.509 70.5465
1588701 44.509 70.5985
1589870 44.509 70.7189
1592575 44.509 70.9777
1598390 44.509 71.0102
1599119 44.509 71.108
1601316 44.509 71.3974
1607819 44.509 71.4986
1610092 44.509 71.5614
1611504 44.509 71.768
1616144 44.509 71.7952
1616757 44.509 72.0765
1623077 44.509 72.0939
1623467 44.509 72.1639
1625040 44.509 72.2553
1627093 44.509 72.2849
1627759 44.509 72.4266
1630943 44.509 72.4312
1631046 44.509 72.5238
1633125 44.509 72.7136
1637389 44.509 72.7755
1638781 44.509 72.86
1640679 44.509 72.9671
1643085 44.509 73.2524
1649495 44.509 73.4195
1653250 44.509 73.4443
1653807 44.509 73.5432
1656029 44.509 73.6156
1657655 44.509 73.9908
1666086 44.509 74.144
1669528 44.509 74.2125
1671067 44.509 74.4486
1676370 44.509 74.5082
1677710 44.509 74.5167
1677901 44.509 74.996
1688670 44.509 75.1583
1692315 44.509 75.4471
1698805 44.509 75.4856
1699669 44.509 75.6458
1703270 44.509 75.7315
1705195 44.509 75.8302
1707411 44.509 75.8712
1708332 44.509 75.9163
1709347 44.509 76.3008
1717986 44.509 76.4152
1720555 44.509 76.5159
1722818 44.509 76.5207
1722925 44.509 76.749
1728055 44.509 76.9701
1733023 44.509 77.0008
1733713 44.509 77.003
1733761 44.509 77.0575
1734987 44.509 77.1321
1736662 44.509 77.2298
1738857 44.509 77.2384
1739050 44.509 77.2498
1739306 44.509 77.2644
1739634 44.509 77.3314
1741140 44.509 77.3797
1742225 44.509 77.4436
1743660 44.509 77.4532
1743876 44.509 77.5174
1745319 44.509 77.6505
1748310 44.509 77.85
1752791 44.509 77.9639
1755351 44.509 77.9851
1755827 44.509 78.1198
1758853 44.509 78.1421
1759355 44.509 78.2165
1761025 44.509 78.2717
1762266 44.509 78.3556
1764150 44.509 78.3676
1764420 44.509 78.8862
1776073 44.509 78.9839
1778267 44.509 79.061
1780000 44.509 79.1204
1781335 44.509 79.5106
1790101 44.509 79.5898
1791881 44.509 79.6029
1792175 44.509 79.6655
1793581 44.509 79.6997
1794350 44.509 79.7255
1794929 44.509 79.8814
1798432 44.509 80.0496
1802210 44.509 80.3848
1809742 44.509 80.3939
1809946 44.509 80.4343
1810853 44.509 80.5259
1812912 44.509 80.5352
1813120 44.509 80.6149
1814911 44.509 80.7999
1819069 44.509 81.0901
1825589 44.509 81.1424
1826763 44.509 81.2299
1828730 44.509 81.251
1829204 44.509 81.2887
1830049 44.509 81.6155
1837393 44.509 81.6168
1837422 44.509 81.7242
1839835 44.509 82.0279
1846658 44.509 82.0728
1847666 44.509 82.0794
1847816 44.509 82.0847
1847935 44.509 82.1134
1848578 44.509 82.3407
1853685 44.509 82.5942
1859382 44.509 82.6681
1861041 44.509 82.7295
1862422 44.509 82.8991
1866231 44.509 82.9217
1866739 44.509 82.9743
1867922 44.509 82.9985
1868465 44.509 83.0069
1868653 44.509 83.5629
1881145 44.509 83.8385
1887338 44.509 83.8473
1887535 44.509 83.8667
1887972 44.509 84.0066
1891113 44.509 84.0575
1892258 44.509 84.1272
1893824 44.509 84.1455
1894235 44.509 84.3684
1899243 44.509 84.4216
1900439 44.509 84.7655
1908164 44.509 84.8588
1910260 44.509 84.8726
1910571 44.509 85.301
1920196 44.509 85.4256
1922995 44.509 85.5094
1924877 44.509 85.7716
1930769 44.509 86.0638
1937335 44.509 86.2288
1941041 44.509 86.265
1941855 44.509 86.3564
1943909 44.509 86.407
1945045 44.509 86.6229
1949895 44.509 86.6775
1951122 44.509 86.9326
1956853 44.509 86.9364
1956940 44.509 87.3314
1965814 44.509 87.5073
1969766 44.509 87.5293
1970259 44.509 87.6413
1972776 44.509 87.6621
1973243 44.509 87.975
1980274 44.509 88.0035
1980913 44.509 88.2279
1985955 44.509 88.2979
1987529 44.509 88.5532
1993265 44.509 88.6323
1995041 44.509 88.6621
1995710 44.509 88.7076
1996733 44.509 88.7268
1997165 44.509 88.7323
1997288 44.509 89.0704
2004885 44.509 89.1035
2005629 44.509 89.1274
2006165 44.509 89.3778
2011790 44.509 89.5181
2014943 44.509 89.538
2015390 44.509 89.7756
2020729 44.509 89.8766
2022998 44.509 89.949
2024624 44.509 90.2626
2031669 44.509 90.4617
2036143 44.509 90.5659
2038485 44.509 90.9408
2046907 44.509 91.025
2048799 44.509 91.0672
2049748 44.509 91.2274
2053347 44.509 91.2458
2053760 44.509 91.2498
2053850 44.509 91.4774
2058963 44.509 91.5105
2059707 44.509 91.5372
2060307 44.509 91.5808
2061287 44.509 91.63
2062391 44.509 91.6794
2063501 44.509 91.8098
2066432 44.509 92.0084
2070893 44.509 92.0469
2071759 44.509 92.2903
2077227 44.509 92.3026
2077504 44.509 92.4467
2080742 44.509 92.4795
2081478 44.509 92.6787
2085953 44.509 92.6825
2086039 44.509 92.7154
2086778 44.509 92.7942
2088548 44.509 92.8324
2089406 44.509 92.8787
2090447 44.509 92.9438
2091909 44.509 93.0044
2093272 44.509 93.0423
2094123 44.509 93.5062
2104544 44.509 93.7726
2110530 44.509 93.7741
2110563 44.509 93.8143
2111468 44.509 94.3602
2123733 44.509 94.5559
2128129 44.509 94.6403
2130025 44.509 94.7755
2133062 44.509 94.784
2133253 44.509 94.9856
2137783 44.509 95.0872
2140067 44.509 95.1999
2142599 44.509 95.2597
2143941 44.509 95.3398
2145742 44.509 95.4105
2147329 44.509 95.7563
2155100 44.509 95.9003
2158335 44.509 95.9315
2159036 44.509 96.3132
2167611 44.509 96.373
2168955 44.509 96.3789
2169086 44.509 96.4101
2169788 44.509 96.4161
2169922 44.509 96.5861
2173743 44.509 96.698
2176256 44.509 96.8833
2180420 44.509 96.9084
2180983 44.509 97.013
2183334 44.509 97.041
2183963 44.509 97.0436
2184022 44.509 97.0614
2184421 44.509 97.1576
2186583 44.509 97.1852
2187203 44.509 97.2885
2189523 44.509 97.4995
2194264 44.509 97.5404
2195182 44.509 98.1038
2207842 44.509 98.1495
2208867 44.509 98.1576
2209049 44.509 98.4858
2216424 44.509 98.5445
2217742 44.509 98.5718
2218355 44.509 98.5812
2218566 44.509 98.7016
2221271 44.509 98.7154
2221583 44.509 98.7312
2221936 44.509 98.7522
2222408 44.509 99.312
2234986 44.509 99.5162
2239575 44.509 99.7075
2243872 44.509 99.7329
2244442 44.509 99.7762
2245416 44.509 99.8207
2246416 44.509 99.9359
2249003 44.509 100.09
2252465 44.509 100.093
2252538 44.509 100.366
2258661 44.509 100.771
2267760 44.509 100.79
2268186 44.509 101.075
2274591 44.509 101.189
2277161 44.509 101.193
2277252 44.509 101.277
2279128 44.509 101.33
2280322 44.509 101.415
2282230 44.509 101.502
2284181 44.509 101.592
2286207 44.509 101.926
2293713 44.509 102.523
2307135 44.509 102.57
2308196 44.509 102.807
2313506 44.509 102.834
2314127 44.509 102.876
2315058 44.509 103.206
2322470 44.509 103.339
2325459 44.509 103.483
2328702 44.509 103.562
2330483 44.509 103.605
2331428 44.509 103.608
2331510 44.509 103.647
2332376 44.509 103.691
2333360 44.509 104.431
2349996 44.509 104.971
2362122 44.509 105.259
2368600 44.509 105.377
2371248 44.509 105.388
2371506 44.509 105.642
2377200 44.509 106.129
2388136 44.509 106.233
2390476 44.509 106.652
2399907 44.509 106.673
2400364 44.509 106.741
2401888 44.509 106.789
2402967 44.509 106.981
2407278 44.509 107.059
2409047 44.509 107.252
2413370 44.509 107.457
2417983 44.509 107.703
2423505 44.509 108.211
2434933 44.509 108.217
2435049 44.509 108.333
2437660 44.509 108.427
2439772 44.509 108.683
2445521 44.509 108.708
2446097 44.509 108.745
2446918 44.509 108.768
2447440 44.509 108.815
2448501 44.509 108.928
2451033 44.509 108.949
2451502 44.509 108.992
2452474 44.509 109.047
2453698 44.509 109.236
2457954 44.509 109.291
2459186 44.509 109.319
2459819 44.509 109.577
2465606 44.509 109.98
2474659 44.509 110.291
2481659 44.509 110.295
2481734 44.509 110.312
2482134 44.509 110.349
2482948 44.509 110.496
2486254 44.509 110.665
2490064 44.509 110.807
2493258 44.509 110.821
2493564 44.509 110.854
2494304 44.509 110.937
2496164 44.509 110.975
2497025 44.509 111.144
2500812 44.509 112.12
2522759 44.509 112.221
2525019 44.509 112.527
2531893 44.509 112.547
2532349 44.509 112.742
2536721 44.509 112.815
2538370 44.509 113.01
2542740 44.509 113.041
2543444 44.509 113.153
2545957 44.509 113.18
2546560 44.509 113.274
2548674 44.509 113.548
2554828 44.509 113.552
2554921 44.509 113.594
2555870 44.509 113.605
2556119 44.509 113.649
2557095 44.509 114.093
2567079 44.509 114.105
2567353 44.509 114.609
2578678 44.509 115.138
2590559 44.509 115.156
2590954 44.509 115.402
2596477 44.509 115.406
2596573 44.509 115.798
2605389 44.509 115.903
2607741 44.509 115.931
2608367 44.509 115.983
2609529 44.509 115.993
2609761 44.509 116.09
2611935 44.509 116.373
2618295 44.509 116.533
2621893 44.509 116.654
2624610 44.509 116.777
2627376 44.509 116.873
2629538 44.509 117.07
2633962 44.509 117.212
2637163 44.509 117.515
2643970 44.509 117.759
2649432 44.509 117.872
2651980 44.509 117.888
2652347 44.509 117.957
2653889 44.509 118.052
2656033 44.509 118.126
2657678 44.509 118.172
2658726 44.509 118.189
2659102 44.509 118.44
2664750 44.509 118.597
2668272 44.509 118.714
2670905 44.509 118.839
2673696 44.509 118.879
2674602 44.509 119.063
2678748 44.509 119.103
2679644 44.509 119.347
2685117 44.509 119.597
2690737 44.509 119.662
2692208 44.509 119.761
2694431 44.509 119.939
2698423 44.509 120.104
2702117 44.509 120.214
2704595 44.509 120.497
2710950 44.509 120.612
2713533 44.509 120.692
2715344 44.509 120.753
2716714 44.509 120.761
2716880 44.509 120.83
2718448 44.509 120.883
2719636 44.509 121.364
2730434 44.509 121.478
2732992 44.509 121.542
2734438 44.509 121.737
2738809 44.509 121.823
2740753 44.509 121.905
2742587 44.509 121.979
2744248 44.509 122.047
2745779 44.509 122.298
2751414 44.509 122.302
2751502 44.509 122.335
2752243 44.509 122.354
2752682 44.509 122.487
2755668 44.509 122.604
2758295 44.509 122.769
2762011 44.509 122.844
2763698 44.509 122.846
2763736 44.509 123.299
2773916 44.509 123.331
2774634 44.509 123.412
2776459 44.509 123.417
2776566 44.509 123.573
2780068 44.509 123.946
2788444 44.509 123.979
2789195 44.509 124.037
2790493 44.509 124.189
2793910 44.509 124.27
2795718 44.509 124.54
2801791 44.509 124.702
2805434 44.509 124.911
2810136 44.509 125.002
2812176 44.509 125.163
2815797 44.509 125.475
2822797 44.509 126.114
2837166 44.509 126.216
2839440 44.509 126.253
2840271 44.509 126.437
2844403 44.509 126.564
2847261 44.509 126.701
2850356 44.509 126.815
2852897 44.509 126.832
2853279 44.509 126.92
2855273 44.509 126.956
2856076 44.509 126.957
2856100 44.509 126.975
2856494 44.509 127.056
2858310 44.509 127.062
2858445 44.509 127.074
2858728 44.509 127.188
2861280 44.509 127.223
2862082 44.509 127.225
2862108 44.509 127.578
2870056 44.509 127.854
2876254 44.509 128.022
2880027 44.509 128.066
2881016 44.509 128.283
2885883 44.509 128.689
2895000 44.509 128.946
2900774 44.509 129.042
2902951 44.509 129.068
2903533 44.509 129.202
2906528 44.509 129.311
2908983 44.509 129.645
2916478 44.509 129.761
2919095 44.509 129.872
2921583 44.509 129.974
2923890 44.509 130.174
2928368 44.509 130.236
2929760 44.509 130.537
2936533 44.509 130.584
2937575 44.509 130.748
2941269 44.509 130.755
2941431 44.509 130.788
2942176 44.509 130.8
2942431 44.509 130.832
2943158 44.509 130.834
2943193 44.509 130.869
2943988 44.509 131.01
2947159 44.509 131.225
2951985 44.509 131.391
2955718 44.509 131.471
2957515 44.509 131.556
2959421 44.509 131.556
2959435 44.509 131.77
2964221 44.509 132.045
2970412 44.509 132.089
2971397 44.509 132.157
2972918 44.509 132.209
2974086 44.509 132.217
2974285 44.509 132.228
2974531 44.509 132.266
2975370 44.509 132.341
2977064 44.509 132.45
2979507 44.509 132.693
2984978 44.509 132.854
2988592 44.509 132.94
2990516 44.509 133.08
2993660 44.509 133.403
3000915 44.509 133.438
3001711 44.509 133.527
3003714 44.509 133.547
3004155 44.509 133.589
3005091 44.509 133.687
3007311 44.509 133.729
3008240 44.509 133.76
3008944 44.509 133.839
3010715 44.509 133.857
3011132 44.509 133.946
3013121 44.509 133.983
3013956 44.509 134.093
3016415 44.509 134.112
3016852 44.509 134.394
3023192 44.509 134.444
3024308 44.509 134.591
3027604 44.509 134.821
3032782 44.509 134.878
3034063 44.509 134.893
3034407 44.509 135.037
3037626 44.509 135.289
3043291 44.509 135.602
3050332 44.509 135.86
3056124 44.509 136.008
3059458 44.509 136.26
3065114 44.509 136.312
3066281 44.509 136.498
3070465 44.509 136.79
3077015 44.509 136.866
3078718 44.509 136.943
3080445 44.509 136.996
3081642 44.509 137.005
3081848 44.509 137.08
3083544 44.509 137.177
3085715 44.509 137.205
3086353 44.509 137.293
3088316 44.509 137.418
3091134 44.509 137.701
3097488 44.509 137.756
3098725 44.509 137.801
3099726 44.509 137.823
3100221 44.509 137.927
3102563 44.509 138.232
3109424 44.509 138.609
3117890 44.509 138.766
3121403 44.509 139.034
3127437 44.509 139.116
3129282 44.509 139.298
3133374 44.509 139.315
3133756 44.509 139.334
3134175 44.509 139.372
3135034 44.509 139.429
3136318 44.509 139.472
3137272 44.509 139.486
3137586 44.509 139.548
3138989 44.509 139.736
3143212 44.509 139.91
3147118 44.509 139.953
3148080 44.509 140.203
3153698 44.509 140.3
3155883 44.509 140.71
3165092 44.509 140.946
3170387 44.509 141.151
3175000 44.509 141.551
3183979 44.509 141.95
3192956 44.509 142.135
3197095 44.509 142.144
3197306 44.509 142.322
3201318 44.509 142.407
3203214 44.509 142.484
3204942 44.509 142.858
3213346 44.509 142.973
3215933 44.509 142.987
3216244 44.509 143.004
3216627 44.509 143.011
3216778 44.509 143.216
3221393 44.509 143.287
3222988 44.509 143.387
3225240 44.509 143.799
3234484 44.509 143.828
3235143 44.509 144.056
3240255 44.509 144.681
3254318 44.509 144.795
3256876 44.509 144.809
3257173 44.509 144.816
3257338 44.509 144.966
3260722 44.509 145.035
3262261 44.509 145.191
3265759 44.509 145.199
3265948 44.509 145.333
3268953 44.509 145.424
3270991 44.509 145.45
3271575 44.509 145.451
3271606 44.509 145.599
3274938 44.509 145.683
3276820 44.509 145.986
3283619 44.509 146
3283941 44.509 146.085
3285854 44.509 146.179
3287965 44.509 146.56
3296515 44.509 146.873
3303564 44.509 146.959
3305488 44.509 147.029
3307064 44.509 147.213
3311199 44.509 147.613
3320173 44.509 147.682
3321723 44.509 147.817
3324764 44.509 147.857
3325667 44.509 147.882
3326217 44.509 148.082
3330727 44.509 148.131
3331814 44.509 148.227
3333972 44.509 148.541
3341028 44.509 148.6
3342348 44.509 148.795
3346733 44.509 148.83
3347521 44.509 148.886
3348777 44.509 148.922
3349602 44.509 148.942
3350043 44.509 148.983
3350966 44.509 149.051
3352496 44.509 149.069
3352886 44.509 149.121
3354064 44.509 149.173
3355227 44.509 149.189
3355591 44.509 149.295
3357963 44.509 149.299
3358054 44.509 149.313
3358369 44.509 149.388
3360072 44.509 149.523
3363091 44.509 149.536
3363386 44.509 149.585
3364478 44.509 149.599
3364809 44.509 149.606
3364970 44.509 150.082
3375653 44.509 150.14
3376959 44.509 150.867
3393282 44.509 150.942
3394966 44.509 151.006
3396407 44.509 151.056
3397533 44.509 151.068
3397797 44.509 151.089
3398272 44.509 151.184
3400413 44.509 151.365
3404470 44.509 151.4
3405258 44.509 151.45
3406380 44.509 151.524
3408053 44.509 151.526
3408103 44.509 151.567
3409025 44.509 151.854
3415463 44.509 151.925
3417061 44.509 152.375
3427174 44.509 152.572
3431595 44.509 152.769
3436027 44.509 152.818
3437136 44.509 152.881
3438535 44.509 152.893
3438814 44.509 153.012
3441493 44.509 153.018
3441615 44.509 153.036
3442027 44.509 153.113
3443761 44.509 153.181
3445281 44.509 153.267
3447208 44.509 153.275
3447388 44.509 153.335
3448751 44.509 153.425
3450753 44.509 153.525
3453008 44.509 153.92
3461890 44.509 154.092
3465758 44.509 154.182
3467776 44.509 154.358
3471734 44.509 154.382
3472272 44.509 154.594
3477034 44.509 154.654
3478378 44.509 154.758
3480703 44.509 154.821
3482132 44.509 154.985
3485802 44.509 155.56
3498725 44.509 155.574
3499038 44.509 155.648
3500710 44.509 156.239
3513976 44.509 156.288
3515079 44.509 156.318
3515758 44.509 156.41
3517839 44.509 156.547
3520899 44.509 156.593
3521950 44.509 156.636
3522913 44.509 157.022
3531580 44.509 157.346
3538866 44.509 157.531
3543003 44.509 157.612
3544829 44.509 157.72
3547260 44.509 157.735
3547601 44.509 157.836
3549862 44.509 157.846
3550088 44.509 158.1
3555795 44.509 158.203
3558110 44.509 158.439
3563404 44.509 158.616
3567387 44.509 158.625
3567589 44.509 158.672
3568660 44.509 158.736
3570091 44.509 158.917
3574145 44.509 159.004
3576117 44.509 159.087
3577969 44.509 159.255
3581751 44.509 159.451
3586154 44.509 159.667
3591005 44.509 159.738
3592589 44.509 160.053
3599687 44.509 160.177
3602467 44.509 160.179
3602508 44.509 160.19
3602762 44.509 160.316
3605587 44.509 160.385
3607144 44.509 160.627
3612573 44.509 160.98
3620498 44.509 161.158
3624503 44.509 161.346
3628717 44.509 161.613
3634725 44.509 161.619
3634864 44.509 161.632
3635150 44.509 161.674
3636095 44.509 161.704
3636768 44.509 161.835
3639703 44.509 161.884
3640814 44.509 162.058
3644722 44.509 162.13
3646347 44.509 162.313
3650461 44.509 162.459
3653739 44.509 162.692
3658970 44.509 162.738
3660012 44.509 162.739
3660016 44.509 162.766
3660620 44.509 162.81
3661626 44.509 163.087
3667848 44.509 163.172
3669743 44.509 163.194
3670241 44.509 163.383
3674488 44.509 163.425
3675443 44.509 163.556
3678383 44.509 163.599
3679352 44.509 163.871
3685449 44.509 163.911
3686359 44.509 164.018
3688752 44.509 164.042
3689309 44.509 164.097
3690536 44.509 164.238
3693709 44.509 164.269
3694394 44.509 164.5
3699583 44.509 164.511
3699832 44.509 164.62
3702286 44.509 164.622
3702338 44.509 164.793
3706166 44.509 165.266
3716798 44.509 165.39
3719590 44.509 165.693
3726389 44.509 165.852
3729967 44.509 166.237
3738618 44.509 166.524
3745066 44.509 166.614
3747082 44.509 166.618
3747184 44.509 166.652
3747937 44.509 166.667
3748282 44.509 166.84
3752168 44.509 166.906
3753637 44.509 166.925
3754071 44.509 166.95
3754638 44.509 167.071
3757352 44.509 167.274
3761915 44.509 167.297
3762427 44.509 167.416
3765098 44.509 167.469
3766296 44.509 167.555
3768229 44.509 167.777
3773217 44.509 167.862
3775123 44.509 167.963
3777404 44.509 167.986
3777914 44.509 168.307
3785119 44.509 168.42
3787662 44.509 168.553
3790652 44.509 168.606
3791830 44.509 168.69
3793719 44.509 168.771
3795546 44.509 168.846
3797224 44.509 169.382
3809279 44.509 169.405
3809795 44.509 169.675
3815864 44.509 169.714
3816725 44.509 169.748
3817496 44.509 169.824
3819197 44.509 170.354
3831112 44.509 170.725
3839459 44.509 170.727
3839485 44.509 170.884
3843027 44.509 170.977
3845114 44.509 171.09
3847645 44.509 171.109
3848069 44.509 171.151
3849029 44.509 171.199
3850105 44.509 171.227
3850730 44.509 171.249
3851220 44.509 171.265
3851582 44.509 171.528
3857483 44.509 171.576
3858563 44.509 171.854
3864806 44.509 172.011
3868350 44.509 172.019
3868517 44.509 172.058
3869405 44.509 172.109
3870554 44.509 172.117
3870732 44.509 172.123
3870857 44.509 172.277
3874325 44.509 172.426
3877666 44.509 172.441
3877992 44.509 172.451
3878222 44.509 172.586
3881265 44.509 172.653
3882756 44.509 172.732
3884534 44.509 172.76
3885160 44.509 172.788
3885806 44.509 172.952
3889485 44.509 173.098
3892774 44.509 173.132
3893534 44.509 173.319
3897739 44.509 173.726
3906870 44.509 173.812
3908813 44.509 173.857
3909821 44.509 173.91
3911007 44.509 173.99
3912793 44.509 174.01
3913262 44.509 174.094
3915150 44.509 174.131
3915977 44.509 174.179
3917052 44.509 174.459
3923338 44.509 174.642
3927452 44.509 174.726
3929329 44.509 174.9
3933240 44.509 175.064
3936930 44.509 175.317
3942619 44.509 175.4
3944489 44.509 175.442
3945424 44.509 175.522
3947217 44.509 175.528
3947348 44.509 175.536
3947533 44.509 175.55
3947860 44.509 175.581
3948554 44.509 175.62
3949419 44.509 175.638
3949833 44.509 175.669
3950529 44.509 175.68
3950781 44.509 175.763
3952628 44.509 175.823
3953989 44.509 175.896
3955618 44.509 175.909
3955919 44.509 176.022
3958463 44.509 176.128
3960842 44.509 176.181
3962021 44.509 176.276
3964165 44.509 176.371
3966291 44.509 176.415
3967289 44.509 176.486
3968888 44.509 176.502
3969234 44.509 176.59
3971226 44.509 176.729
3974332 44.509 176.814
3976248 44.509 176.888
3977925 44.509 177.134
3983451 44.509 177.168
3984198 44.509 177.223
3985445 44.509 177.251
3986077 44.509 177.43
3990097 44.509 177.474
3991085 44.509 177.541
3992592 44.509 177.575
3993350 44.509 177.859
3999731 44.509 177.925
4001202 44.509 178.073
4004545 44.509 178.116
4005499 44.509 178.224
4007936 44.509 178.376
4011340 44.509 178.557
4015415 44.509 178.584
4016029 44.509 178.671
4017979 44.509 178.869
4022419 44.509 179.012
4025634 44.509 179.039
4026250 44.509 179.045
4026372 44.509 179.057
4026640 44.509 179.109
4027824 44.509 179.219
4030280 44.509 179.255
4031105 44.509 179.315
4032446 44.509 179.374
4033774 44.509 179.467
4035856 44.509 179.644
4039829 44.509 179.762
4042487 44.509 179.788
4043065 44.509 179.902
4045624 44.509 179.923
4046100 44.509 180.168
4051608 44.509 180.237
4053159 44.509 180.885
4067706 44.509 181.032
4071026 44.509 181.067
4071804 44.509 181.278
4076537 44.509 181.45
4080411 44.509 181.495
4081421 44.509 181.565
4082990 44.509 181.643
4084745 44.509 181.704
4086116 44.509 181.985
4092432 44.509 182.023
4093276 44.509 182.092
4094830 44.509 182.189
4097025 44.509 182.251
4098407 44.509 182.273
4098898 44.509 182.587
4105948 44.509 182.637
4107077 44.509 182.96
4114326 44.509 183.032
4115945 44.509 183.23
4120412 44.509 183.397
4124155 44.509 183.706
4131092 44.509 183.728
4131586 44.509 183.776
4132680 44.509 183.835
4133987 44.509 183.889
4135207 44.509 183.994
4137571 44.509 184.036
4138517 44.509 184.248
4143266 44.509 184.397
4146630 44.509 184.549
4150032 44.509 184.577
4150665 44.509 184.851
4156820 44.509 185.033
4160905 44.509 185.056
4161418 44.509 185.094
4162292 44.509 185.383
4168770 44.509 185.793
4177980 44.509 185.837
4178979 44.509 185.896
4180307 44.509 186.31
4189593 44.509 186.324
4189907 44.509 186.475
4193315 44.509 186.835
4201393 44.509 186.837
4201446 44.509 186.881
4202432 44.509 187.149
4208457 44.509 187.162
4208738 44.509 187.298
4211796 44.509 187.438
4214947 44.509 187.572
4217962 44.509 187.741
4221764 44.509 187.775
4222524 44.509 187.908
4225514 44.509 188.147
4230868 44.509 188.254
4233283 44.509 188.271
4233652 44.509 188.907
4247956 44.509 188.944
4248783 44.509 189.024
4250579 44.509 189.103
4252356 44.509 189.239
4255408 44.509 189.524
4261821 44.509 189.722
4266252 44.509 189.739
4266648 44.509 189.953
4271455 44.509 189.997
4272436 44.509 190.118
4275168 44.509 190.142
4275692 44.509 190.174
4276414 44.509 190.365
4280696 44.509 190.388
4281216 44.509 190.388
4281224 44.509 190.701
4288254 44.509 190.745
4289251 44.509 190.947
4293780 44.509 191.025
4295546 44.509 191.253
4300650 44.509 191.446
4305002 44.509 191.571
4307812 44.509 191.573
4307848 44.509 191.633
4309197 44.509 191.712
4310973 44.509 191.824
4313484 44.509 192.034
4318198 44.509 192.238
4322788 44.509 192.245
4322943 44.509 192.322
4324679 44.509 192.336
4324988 44.509 192.464
4327876 44.509 192.49
4328457 44.509 192.709
4333379 44.509 192.82
4335860 44.509 192.989
4339663 44.509 193.23
4345073 44.509 193.243
4345374 44.509 193.356
4347901 44.509 193.365
4348101 44.509 193.42
4349334 44.509 193.522
4351635 44.509 193.737
4356463 44.509 193.829
4358530 44.509 193.89
4359911 44.509 193.929
4360789 44.509 194.124
4365168 44.509 194.18
4366431 44.509 194.437
4372205 44.509 194.496
4373530 44.509 194.692
4377932 44.509 194.729
4378763 44.509 194.775
4379798 44.509 194.937
4383422 44.509 195.047
4385903 44.509 195.083
4386716 44.509 195.155
4388323 44.509 195.452
4394996 44.509 195.504
4396161 44.509 195.623
4398851 44.509 195.626
4398915 44.509 195.665
4399791 44.509 195.676
4400021 44.509 195.755
4401801 44.509 195.763
4401983 44.509 195.975
4406755 44.509 196.277
4413538 44.509 196.403
4416365 44.509 196.566
4420032 44.509 196.745
4424050 44.509 196.829
4425928 44.509 197.04
4430668 44.509 197.042
4430715 44.509 197.109
4432238 44.509 197.124
4432567 44.509 197.219
4434695 44.509 197.23
4434935 44.509 197.722
4446001 44.509 197.793
4447602 44.509 197.971
4451584 44.509 198.087
4454209 44.509 198.096
4454394 44.509 198.273
4458381 44.509 198.996
4474613 44.509 199.028
4475347 44.509 199.045
4475720 44.509 199.462
4485097 44.509 199.535
4486727 44.509 199.66
4489548 44.509 199.713
4490734 44.509 199.787
4492402 44.509 200.154
4500649 44.509 200.242
4502622 44.509 200.537
4509244 44.509 201.014
4519969 44.509 201.039
4520513 44.509 201.061
4521016 44.509 201.165
4523361 44.509 201.278
4525900 44.509 201.34
4527292 44.509 201.519
4531299 44.509 201.646
4534163 44.509 201.775
4537055 44.509 201.867
4539122 44.509 202.063
4543522 44.509 202.284
4548486 44.509 202.314
4549171 44.509 202.679
4557373 44.509 202.944
4563330 44.509 202.992
4564400 44.509 203.322
4571815 44.509 203.528
4576453 44.509 203.529
4576471 44.509 203.938
4585652 44.509 204.057
4588323 44.509 204.088
4589035 44.509 204.306
4593928 44.509 204.378
4595550 44.509 204.827
4605639 44.509 204.873
4606663 44.509 205.108
4611939 44.509 205.181
4613593 44.509 205.311
4616505 44.509 205.34
4617162 44.509 205.488
4620492 44.509 205.497
4620676 44.509 205.672
4624608 44.509 205.679
4624776 44.509 205.779
4627009 44.509 205.902
4629785 44.509 206.117
4634603 44.509 206.198
4636424 44.509 206.287
4638435 44.509 206.339
4639608 44.509 206.478
4642728 44.509 206.548
4644296 44.509 206.564
4644657 44.509 206.565
4644679 44.509 206.71
4647932 44.509 206.722
4648199 44.509 206.752
4648879 44.509 206.836
4650774 44.509 207.089
4656444 44.509 207.164
4658146 44.509 207.232
4659674 44.509 207.399
4663407 44.509 207.493
4665532 44.509 207.53
4666364 44.509 207.541
4666614 44.509 207.588
4667661 44.509 207.592
4667745 44.509 207.711
4670419 44.509 207.94
4675561 44.509 208.061
4678284 44.509 208.119
4679593 44.509 208.318
4684073 44.509 208.35
4684773 44.509 208.376
4685371 44.509 208.586
4690093 44.509 208.681
4692213 44.509 208.925
4697696 44.509 209.039
4700271 44.509 209.13
4702317 44.509 209.166
4703120 44.509 209.218
4704276 44.509 209.511
4710873 44.509 209.912
4719888 44.509 210.005
4721968 44.509 210.314
4728900 44.509 210.47
4732421 44.509 210.549
4734190 44.509 210.555
4734330 44.509 210.556
4734356 44.509 210.765
4739046 44.509 210.789
4739571 44.509 210.872
4741456 44.509 210.887
4741787 44.509 210.913
4742373 44.509 210.985
4743989 44.509 211.162
4747958 44.509 211.172
4748185 44.509 211.174
4748225 44.509 211.229
4749460 44.509 211.308
4751252 44.509 211.342
4751994 44.509 211.384
4752953 44.509 211.481
4755138 44.509 211.644
4758787 44.509 211.699
4760017 44.509 211.828
4762925 44.509 211.92
4764993 44.509 211.989
4766531 44.509 212.09
4768819 44.509 212.18
4770829 44.509 212.325
4774090 44.509 212.425
4776335 44.509 212.456
4777030 44.509 212.484
4777656 44.509 212.568
4779545 44.509 212.569
4779582 44.509 212.7
4782520 44.509 212.924
4787538 44.509 213.245
4794768 44.509 213.584
4802384 44.509 213.627
4803351 44.509 213.648
4803805 44.509 214.006
4811853 44.509 214.035
4812508 44.509 214.111
4814216 44.509 214.352
4819636 44.509 214.535
4823738 44.509 214.791
4829496 44.509 214.816
4830060 44.509 215.025
4834749 44.509 215.079
4835962 44.509 215.347
4841987 44.509 215.418
4843581 44.509 215.486
4845100 44.509 215.57
4846991 44.509 215.751
4851069 44.509 216.047
4857703 44.509 216.132
4859630 44.509 216.144
4859904 44.509 216.164
4860348 44.509 216.222
4861652 44.509 216.321
4863860 44.509 216.389
4865394 44.509 216.489
4867651 44.509 216.627
4870740 44.509 216.718
4872788 44.509 217.101
4881390 44.509 217.261
4884993 44.509 217.313
4886167 44.509 217.343
4886843 44.509 217.351
4887012 44.509 217.355
4887093 44.509 217.808
4897284 44.509 217.916
4899706 44.509 217.985
4901266 44.509 218.247
4907151 44.509 218.455
4911819 44.509 218.58
4914631 44.509 218.602
4915121 44.509 218.743
4918278 44.509 218.775
4919002 44.509 218.784
4919213 44.509 218.953
4923002 44.509 219.114
4926628 44.509 219.377
4932525 44.509 219.529
4935951 44.509 219.597
4937464 44.509 219.726
4940368 44.509 219.748
4940869 44.509 219.835
4942830 44.509 220.235
4951817 44.509 220.434
4956271 44.509 220.512
4958042 44.509 220.591
4959810 44.509 220.802
4964541 44.509 220.888
4966469 44.509 220.901
4966775 44.509 221.266
4974976 44.509 221.276
4975203 44.509 221.503
4980297 44.509 221.803
4987047 44.509 221.974
4990876 44.509 222.104
4993797 44.509 222.21
4996187 44.509 222.276
4997662 44.509 222.355
