289 63.4483 0.229873
3912 63.4483 0.292624
4901 63.4483 0.496103
8108 63.4483 0.527002
8595 63.4483 0.595272
9671 63.4483 0.628202
10190 63.4483 0.933769
15006 63.4483 1.77103
28202 63.4483 1.93962
30859 63.4483 2.05731
32714 63.4483 2.41783
38396 63.4483 2.4689
39201 63.4483 2.58489
41029 63.4483 2.59332
41162 63.4483 2.59459
41182 63.4483 2.69992
42842 63.4483 2.76317
43839 63.4483 2.85651
45310 63.4483 3.08448
48903 63.4483 3.15839
50068 63.4483 3.20255
50764 63.4483 3.37279
53447 63.4483 3.69352
58502 63.4483 3.77835
59839 63.4483 3.88291
61487 63.4483 4.11558
65154 63.4483 4.16488
65931 63.4483 4.64867
73556 63.4483 5.1206
80994 63.4483 5.20213
82279 63.4483 5.64398
89243 63.4483 5.67799
89779 63.4483 5.93737
93867 63.4483 6.14097
97076 63.4483 6.33062
100065 63.4483 6.46957
102255 63.4483 6.61474
104543 63.4483 6.80902
107605 63.4483 6.97729
110257 63.4483 7.49934
118485 63.4483 7.5534
119337 63.4483 7.75891
122576 63.4483 7.79621
123164 63.4483 8.03497
126927 63.4483 8.05781
127287 63.4483 8.27671
130737 63.4483 8.48977
134095 63.4483 8.86329
139982 63.4483 8.8827
140288 63.4483 8.92483
140952 63.4483 9.05465
142998 63.4483 9.0759
143333 63.4483 9.09564
143644 63.4483 9.35184
147682 63.4483 9.38331
148178 63.4483 9.62156
151933 63.4483 9.74744
153917 63.4483 10.207
161160 63.4483 10.2185
161341 63.4483 10.3673
163687 63.4483 10.4702
165309 63.4483 10.8
170506 63.4483 10.9596
173022 63.4483 11.0991
175220 63.4483 11.1217
175577 63.4483 11.2036
176868 63.4483 11.393
179853 63.4483 11.4083
180094 63.4483 11.6805
184383 63.4483 11.765
185715 63.4483 12.0563
190307 63.4483 12.0905
190846 63.4483 12.5434
197984 63.4483 12.5692
198391 63.4483 12.589
198702 63.4483 12.6739
200041 63.4483 13.0173
205453 63.4483 13.0992
206744 63.4483 13.5372
213647 63.4483 13.5403
213695 63.4483 13.6105
214802 63.4483 13.916
219617 63.4483 13.9799
220624 63.4483 14.0836
222258 63.4483 14.1738
223680 63.4483 14.4249
227638 63.4483 15.2692
240945 63.4483 15.4128
243208 63.4483 15.6464
246890 63.4483 15.7974
249270 63.4483 15.9271
251313 63.4483 16.1653
255068 63.4483 16.2659
256653 63.4483 16.4601
259714 63.4483 16.7309
263982 63.4483 16.9056
266735 63.4483 17.1528
270632 63.4483 17.5149
276339 63.4483 17.5248
276495 63.4483 17.5428
276778 63.4483 17.6794
278931 63.4483 18.1073
285676 63.4483 18.4192
290591 63.4483 18.7757
296210 63.4483 19.2243
303280 63.4483 19.3071
304585 63.4483 19.5693
308718 63.4483 20.3295
320699 63.4483 20.6484
325726 63.4483 20.9378
330287 63.4483 20.9638
330697 63.4483 21.4118
337757 63.4483 21.5226
339503 63.4483 21.5732
340301 63.4483 21.7016
342325 63.4483 22.4943
354819 63.4483 23.1228
364724 63.4483 23.1581
365280 63.4483 23.3109
367688 63.4483 23.5744
371842 63.4483 23.8434
376081 63.4483 23.8887
376796 63.4483 23.892
376847 63.4483 23.9108
377144 63.4483 24.1395
380748 63.4483 24.3305
383758 63.4483 24.478
386084 63.4483 24.5558
387310 63.4483 24.9606
393689 63.4483 25.0825
395611 63.4483 25.1232
396252 63.4483 25.2104
397627 63.4483 25.3158
399288 63.4483 26.6626
420515 63.4483 26.7289
421559 63.4483 26.7997
422675 63.4483 27.1696
428505 63.4483 27.2109
429156 63.4483 27.2452
429696 63.4483 27.2979
430528 63.4483 27.3196
430869 63.4483 27.3538
431409 63.4483 27.414
432357 63.4483 27.4944
433625 63.4483 27.5451
434423 63.4483 27.7104
437028 63.4483 27.9176
440294 63.4483 27.9609
440976 63.4483 27.9616
440988 63.4483 28.6005
451057 63.4483 28.7979
454169 63.4483 28.8274
454634 63.4483 29.0742
458523 63.4483 29.328
462524 63.4483 29.9509
472341 63.4483 30.0987
474670 63.4483 30.1035
474746 63.4483 30.2382
476869 63.4483 30.3031
477891 63.4483 30.3075
477961 63.4483 30.3834
479157 63.4483 30.4337
479950 63.4483 31.1262
490864 63.4483 31.2406
492667 63.4483 31.3595
494542 63.4483 31.455
496046 63.4483 31.5112
496933 63.4483 31.6641
499343 63.4483 31.7997
501480 63.4483 31.8025
501523 63.4483 31.8162
501739 63.4483 31.908
503187 63.4483 32.0047
504710 63.4483 32.5675
513581 63.4483 32.7376
516261 63.4483 32.7727
516815 63.4483 33.0886
521794 63.4483 33.2337
524080 63.4483 33.7046
531503 63.4483 33.7965
532951 63.4483 33.8918
534453 63.4483 33.9869
535951 63.4483 34.3361
541455 63.4483 34.4636
543465 63.4483 34.4998
544036 63.4483 34.7809
548465 63.4483 35.1114
553675 63.4483 35.1364
554068 63.4483 35.2507
555870 63.4483 35.2789
556315 63.4483 35.3665
557696 63.4483 35.3897
558061 63.4483 36.1725
570398 63.4483 36.2128
571033 63.4483 36.3794
573659 63.4483 36.4008
573997 63.4483 36.6558
578015 63.4483 37.0062
583538 63.4483 37.1458
585739 63.4483 37.1571
585916 63.4483 37.2054
586678 63.4483 37.2172
586864 63.4483 37.3409
588813 63.4483 37.5584
592242 63.4483 37.6844
594227 63.4483 37.7931
595940 63.4483 38.07
600305 63.4483 38.2448
603059 63.4483 38.2508
603154 63.4483 38.3618
604903 63.4483 38.3963
605447 63.4483 38.922
613733 63.4483 38.9526
614215 63.4483 39.3083
619821 63.4483 39.3463
620421 63.4483 39.384
621014 63.4483 39.5614
623811 63.4483 39.6191
624720 63.4483 39.6702
625526 63.4483 40.1505
633096 63.4483 40.1665
633348 63.4483 40.2292
634335 63.4483 40.5239
638981 63.4483 40.7426
642428 63.4483 40.8433
644015 63.4483 40.882
644624 63.4483 41.0782
647716 63.4483 41.1959
649571 63.4483 41.3328
651729 63.4483 41.7767
658725 63.4483 41.9259
661077 63.4483 42.0684
663323 63.4483 43.0329
678524 63.4483 43.4183
684598 63.4483 43.4954
685814 63.4483 43.6759
688658 63.4483 43.6919
688911 63.4483 43.8096
690765 63.4483 43.8392
691233 63.4483 44.039
694382 63.4483 44.0866
695131 63.4483 44.103
695390 63.4483 44.3982
700042 63.4483 44.566
702687 63.4483 44.5959
703159 63.4483 45.1139
711323 63.4483 45.4885
717226 63.4483 46.2137
728656 63.4483 46.7387
736931 63.4483 47.0179
741332 63.4483 47.1651
743652 63.4483 47.2441
744897 63.4483 47.3281
746221 63.4483 47.5817
750218 63.4483 47.6277
750943 63.4483 47.7878
753465 63.4483 47.9502
756025 63.4483 48.2743
761133 63.4483 48.3601
762485 63.4483 48.4547
763976 63.4483 48.5866
766056 63.4483 48.7375
768434 63.4483 48.7926
769302 63.4483 49.2685
776803 63.4483 49.3932
778768 63.4483 49.5766
781658 63.4483 49.7099
783759 63.4483 49.7249
783996 63.4483 50.0025
788371 63.4483 50.6355
798347 63.4483 51.4582
811315 63.4483 51.4633
811394 63.4483 51.5679
813043 63.4483 51.7072
815238 63.4483 51.7304
815605 63.4483 51.8706
817814 63.4483 51.9583
819196 63.4483 52.0088
819992 63.4483 52.0448
820560 63.4483 52.165
822454 63.4483 52.336
825149 63.4483 52.7091
831030 63.4483 52.8087
832600 63.4483 52.9355
834597 63.4483 53.0252
836011 63.4483 53.1288
837644 63.4483 53.2656
839800 63.4483 53.5062
843593 63.4483 53.7469
847386 63.4483 53.9309
850286 63.4483 53.9923
851254 63.4483 54.0389
851989 63.4483 54.3688
857188 63.4483 54.5115
859437 63.4483 54.561
860217 63.4483 54.5771
860470 63.4483 54.7581
863324 63.4483 54.7851
863749 63.4483 54.971
866679 63.4483 55.1785
869950 63.4483 55.4114
873620 63.4483 55.5283
875463 63.4483 55.5782
876249 63.4483 56.0242
883278 63.4483 56.2474
886796 63.4483 56.3041
887690 63.4483 56.3259
888033 63.4483 56.7447
894634 63.4483 57.0088
898797 63.4483 57.11
900392 63.4483 57.4062
905060 63.4483 57.5806
907809 63.4483 58.48
921984 63.4483 58.6458
924597 63.4483 59.1395
932378 63.4483 59.2554
934205 63.4483 59.401
936500 63.4483 59.5739
939224 63.4483 59.577
939273 63.4483 59.7459
941935 63.4483 59.774
942378 63.4483 59.787
942583 63.4483 59.8716
943916 63.4483 60.0194
946246 63.4483 60.3906
952096 63.4483 60.4413
952895 63.4483 60.4713
953368 63.4483 60.9987
961681 63.4483 61.1384
963882 63.4483 61.2162
965109 63.4483 61.2695
965949 63.4483 61.6801
972420 63.4483 61.9296
976352 63.4483 61.9346
976431 63.4483 62.1467
979774 63.4483 62.2261
981026 63.4483 62.3853
983534 63.4483 62.7692
989585 63.4483 62.8648
991092 63.4483 62.9678
992715 63.4483 63.0261
993635 63.4483 63.2839
997697 63.4483 63.3573
998854 63.4483 63.4572
1000429 63.4483 63.491
1000961 63.4483 63.8206
1006156 63.4483 64.6133
1018650 63.4483 64.7304
1020495 63.4483 65.0521
1025566 63.4483 65.9891
1040334 63.4483 66.8696
1054211 63.4483 66.8941
1054598 63.4483 67.0334
1056792 63.4483 67.2298
1059888 63.4483 67.5042
1064213 63.4483 68.0046
1072100 63.4483 68.0988
1073584 63.4483 68.2995
1076747 63.4483 68.6433
1082166 63.4483 68.6676
1082549 63.4483 68.8378
1085232 63.4483 68.88
1085896 63.4483 69.2146
1091171 63.4483 69.3751
1093700 63.4483 69.4948
1095587 63.4483 69.5453
1096383 63.4483 69.618
1097529 63.4483 69.6288
1097699 63.4483 69.7113
1098998 63.4483 69.7633
1099818 63.4483 69.8489
1101167 63.4483 69.9801
1103236 63.4483 70.023
1103911 63.4483 70.2721
1107837 63.4483 70.3294
1108741 63.4483 70.3695
1109373 63.4483 70.3828
1109582 63.4483 70.4016
1109879 63.4483 70.602
1113037 63.4483 70.695
1114502 63.4483 70.8222
1116507 63.4483 70.9666
1118784 63.4483 70.9794
1118985 63.4483 71.2492
1123238 63.4483 71.364
1125046 63.4483 71.5072
1127304 63.4483 71.7424
1131010 63.4483 71.7769
1131554 63.4483 71.941
1134140 63.4483 71.9571
1134394 63.4483 72.4018
1141403 63.4483 72.4291
1141833 63.4483 72.726
1146513 63.4483 73.0076
1150951 63.4483 73.1118
1152594 63.4483 73.1628
1153398 63.4483 73.1915
1153850 63.4483 73.498
1158681 63.4483 73.5777
1159937 63.4483 73.5925
1160170 63.4483 73.9094
1165165 63.4483 74.0318
1167093 63.4483 74.1956
1169675 63.4483 74.2023
1169781 63.4483 74.4327
1173412 63.4483 74.5147
1174705 63.4483 74.5399
1175101 63.4483 74.5552
1175342 63.4483 74.6026
1176090 63.4483 74.7443
1178323 63.4483 74.8786
1180440 63.4483 74.9044
1180847 63.4483 75.121
1184260 63.4483 75.2606
1186461 63.4483 75.3418
1187740 63.4483 75.4624
1189641 63.4483 75.4954
1190161 63.4483 75.5646
1191252 63.4483 75.5659
1191272 63.4483 75.6149
1192044 63.4483 75.6833
1193123 63.4483 75.9021
1196571 63.4483 75.9481
1197296 63.4483 76.0752
1199300 63.4483 76.2669
1202321 63.4483 76.3146
1203072 63.4483 76.3536
1203687 63.4483 76.3616
1203813 63.4483 76.3954
1204346 63.4483 76.5097
1206147 63.4483 76.7533
1209987 63.4483 76.8192
1211026 63.4483 76.8779
1211951 63.4483 77.1194
1215757 63.4483 77.4494
1220957 63.4483 77.8148
1226717 63.4483 77.8616
1227455 63.4483 77.9079
1228184 63.4483 77.9882
1229449 63.4483 78.4167
1236204 63.4483 78.6883
1240484 63.4483 78.8137
1242460 63.4483 78.8974
1243780 63.4483 79.2995
1250117 63.4483 79.3577
1251035 63.4483 79.4707
1252815 63.4483 79.5058
1253369 63.4483 80.0903
1262581 63.4483 80.11
1262891 63.4483 80.4878
1268845 63.4483 80.5265
1269456 63.4483 80.5358
1269602 63.4483 80.7263
1272604 63.4483 80.8632
1274762 63.4483 81.254
1280922 63.4483 81.5343
1285340 63.4483 81.6241
1286755 63.4483 81.8462
1290255 63.4483 82.1523
1295079 63.4483 82.4135
1299196 63.4483 82.492
1300434 63.4483 82.7433
1304394 63.4483 82.7893
1305119 63.4483 82.8459
1306011 63.4483 82.993
1308329 63.4483 83.1187
1310311 63.4483 83.2491
1312366 63.4483 83.2881
1312980 63.4483 83.4217
1315086 63.4483 83.585
1317660 63.4483 83.7599
1320416 63.4483 83.8741
1322217 63.4483 83.8788
1322290 63.4483 84.0624
1325185 63.4483 84.1789
1327021 63.4483 84.4233
1330872 63.4483 84.5601
1333028 63.4483 84.5719
1333214 63.4483 84.8647
1337829 63.4483 86.3471
1361193 63.4483 86.4385
1362633 63.4483 86.6396
1365803 63.4483 86.8542
1369186 63.4483 87.0894
1372893 63.4483 87.4949
1379284 63.4483 87.5377
1379958 63.4483 87.9808
1386942 63.4483 88.1734
1389977 63.4483 88.7404
1398913 63.4483 88.93
1401902 63.4483 89.1022
1404616 63.4483 89.3647
1408753 63.4483 89.4599
1410253 63.4483 89.5961
1412400 63.4483 89.6149
1412697 63.4483 89.6894
1413870 63.4483 89.9704
1418299 63.4483 90.3127
1423695 63.4483 90.3185
1423786 63.4483 90.3657
1424529 63.4483 90.465
1426094 63.4483 90.5279
1427086 63.4483 90.5594
1427583 63.4483 90.7896
1431211 63.4483 91.0492
1435303 63.4483 91.2138
1437897 63.4483 91.4681
1441905 63.4483 91.5538
1443255 63.4483 92.2098
1453595 63.4483 92.2775
1454661 63.4483 92.5705
1459279 63.4483 92.6813
1461026 63.4483 92.7092
1461465 63.4483 92.7542
1462175 63.4483 92.8457
1463616 63.4483 93.1218
1467968 63.4483 93.1458
1468346 63.4483 93.3286
1471227 63.4483 93.8689
1479743 63.4483 94.2562
1485847 63.4483 94.5267
1490111 63.4483 94.6502
1492057 63.4483 94.7597
1493783 63.4483 95.012
1497759 63.4483 95.9769
1512967 63.4483 96.1545
1515766 63.4483 96.2385
1517090 63.4483 96.3665
1519107 63.4483 96.7817
1525652 63.4483 97.0431
1529771 63.4483 97.0485
1529857 63.4483 97.0866
1530457 63.4483 97.1313
1531161 63.4483 97.2075
1532362 63.4483 97.2944
1533732 63.4483 97.4983
1536946 63.4483 97.499
1536957 63.4483 97.557
1537870 63.4483 97.5876
1538353 63.4483 97.8407
1542342 63.4483 97.8865
1543064 63.4483 97.977
1544491 63.4483 98.1777
1547654 63.4483 98.3324
1550091 63.4483 98.37
1550685 63.4483 98.4062
1551255 63.4483 98.6117
1554493 63.4483 98.6171
1554579 63.4483 98.7346
1556430 63.4483 98.8913
1558900 63.4483 98.9413
1559689 63.4483 99.1824
1563489 63.4483 99.2185
1564057 63.4483 99.3114
1565521 63.4483 99.3158
1565591 63.4483 99.3506
1566139 63.4483 99.3826
1566644 63.4483 99.4907
1568348 63.4483 99.6428
1570744 63.4483 99.6718
1571202 63.4483 99.7611
1572609 63.4483 99.8686
1574304 63.4483 99.9049
1574876 63.4483 99.9947
1576291 63.4483 100.09
1577799 63.4483 100.126
1578355 63.4483 100.282
1580821 63.4483 100.836
1589551 63.4483 101.154
1594556 63.4483 101.226
1595698 63.4483 101.365
1597895 63.4483 101.72
1603486 63.4483 101.82
1605063 63.4483 102.093
1609360 63.4483 102.41
1614355 63.4483 102.592
1617220 63.4483 103.111
1625412 63.4483 103.148
1625987 63.4483 103.184
1626564 63.4483 103.499
1631518 63.4483 103.653
1633956 63.4483 103.757
1635586 63.4483 103.972
1638973 63.4483 104.561
1648261 63.4483 104.793
1651910 63.4483 105.272
1659459 63.4483 105.315
1660138 63.4483 105.713
1666421 63.4483 105.852
1668602 63.4483 105.983
1670678 63.4483 106.084
1672270 63.4483 106.194
1673997 63.4483 106.615
1680632 63.4483 106.8
1683547 63.4483 106.839
1684170 63.4483 107.088
1688082 63.4483 107.58
1695839 63.4483 107.637
1696741 63.4483 107.669
1697237 63.4483 107.715
1697972 63.4483 107.812
1699495 63.4483 108.156
1704926 63.4483 108.19
1705461 63.4483 108.388
1708584 63.4483 108.429
1709219 63.4483 108.831
1715560 63.4483 108.896
1716589 63.4483 108.934
1717188 63.4483 108.986
1717996 63.4483 108.997
1718181 63.4483 109.034
1718757 63.4483 109.397
1724474 63.4483 109.735
1729799 63.4483 109.783
1730566 63.4483 109.854
1731682 63.4483 110.34
1739340 63.4483 110.522
1742214 63.4483 110.535
1742418 63.4483 110.576
1743067 63.4483 110.801
1746605 63.4483 110.848
1747356 63.4483 110.879
1747830 63.4483 110.911
1748344 63.4483 110.972
1749309 63.4483 111.042
1750399 63.4483 111.157
1752211 63.4483 111.29
1754317 63.4483 111.42
1756362 63.4483 111.508
1757756 63.4483 112.111
1767261 63.4483 112.445
1772512 63.4483 112.463
1772805 63.4483 112.505
1773461 63.4483 112.601
1774972 63.4483 112.719
1776832 63.4483 112.996
1781196 63.4483 113.5
1789146 63.4483 113.588
1790532 63.4483 113.808
1793999 63.4483 114.024
1797412 63.4483 114.095
1798526 63.4483 114.128
1799043 63.4483 114.297
1801700 63.4483 114.595
1806397 63.4483 114.84
1810269 63.4483 115.007
1812893 63.4483 115.065
1813806 63.4483 115.157
1815266 63.4483 115.436
1819657 63.4483 115.451
1819892 63.4483 115.476
1820283 63.4483 115.565
1821685 63.4483 115.728
1824264 63.4483 115.793
1825281 63.4483 115.924
1827348 63.4483 115.959
1827900 63.4483 116.091
1829983 63.4483 116.098
1830089 63.4483 116.193
1831587 63.4483 116.423
1835219 63.4483 116.676
1839209 63.4483 116.828
1841603 63.4483 116.929
1843194 63.4483 117.109
1846029 63.4483 117.466
1851655 63.4483 117.547
1852923 63.4483 117.626
1854179 63.4483 117.834
1857449 63.4483 117.975
1859670 63.4483 118.536
1868521 63.4483 118.793
1872573 63.4483 118.836
1873243 63.4483 118.916
1874512 63.4483 118.974
1875418 63.4483 118.979
1875502 63.4483 119.013
1876041 63.4483 119.052
1876644 63.4483 119.416
1882391 63.4483 119.697
1886821 63.4483 119.706
1886960 63.4483 119.784
1888184 63.4483 120.062
1892564 63.4483 120.168
1894247 63.4483 120.191
1894606 63.4483 120.329
1896781 63.4483 120.99
1907202 63.4483 121.049
1908117 63.4483 121.115
1909163 63.4483 121.176
1910120 63.4483 121.191
1910368 63.4483 121.309
1912224 63.4483 121.53
1915706 63.4483 121.54
1915861 63.4483 121.714
1918601 63.4483 122.775
1935328 63.4483 123.058
1939787 63.4483 123.074
1940039 63.4483 123.142
1941113 63.4483 123.166
1941489 63.4483 123.594
1948234 63.4483 123.683
1949645 63.4483 123.764
1950911 63.4483 123.816
1951732 63.4483 124.067
1955696 63.4483 124.077
1955851 63.4483 124.189
1957607 63.4483 124.285
1959130 63.4483 124.327
1959790 63.4483 124.487
1962305 63.4483 124.71
1965829 63.4483 125.003
1970451 63.4483 125.161
1972940 63.4483 125.202
1973573 63.4483 125.261
1974502 63.4483 125.329
1975578 63.4483 125.858
1983915 63.4483 125.873
1984157 63.4483 126.054
1987000 63.4483 126.121
1988059 63.4483 126.163
1988725 63.4483 126.198
1989275 63.4483 126.233
1989834 63.4483 126.291
1990740 63.4483 126.546
1994766 63.4483 126.651
1996412 63.4483 126.827
1999195 63.4483 126.937
2000920 63.4483 127.232
2005571 63.4483 127.245
2005772 63.4483 127.279
2006322 63.4483 127.553
2010632 63.4483 127.564
2010806 63.4483 128.131
2019740 63.4483 128.133
2019770 63.4483 128.337
2022984 63.4483 128.435
2024542 63.4483 128.514
2025776 63.4483 128.67
2028239 63.4483 129.56
2042270 63.4483 129.809
2046196 63.4483 130.049
2049968 63.4483 130.073
2050356 63.4483 130.111
2050945 63.4483 130.252
2053166 63.4483 130.469
2056593 63.4483 130.536
2057645 63.4483 130.58
2058345 63.4483 130.639
2059265 63.4483 130.709
2060376 63.4483 130.884
2063139 63.4483 131.071
2066073 63.4483 131.111
2066717 63.4483 131.215
2068349 63.4483 131.465
2072297 63.4483 131.824
2077947 63.4483 132.209
2084018 63.4483 132.314
2085667 63.4483 132.319
2085743 63.4483 132.397
2086976 63.4483 132.469
2088121 63.4483 132.633
2090691 63.4483 132.928
2095343 63.4483 133.13
2098534 63.4483 133.291
2101068 63.4483 133.307
2101324 63.4483 133.367
2102270 63.4483 133.763
2108501 63.4483 133.829
2109545 63.4483 133.871
2110206 63.4483 133.903
2110721 63.4483 133.984
2111985 63.4483 134.053
2113075 63.4483 134.202
2115428 63.4483 134.221
2115734 63.4483 134.238
2115989 63.4483 134.269
2116484 63.4483 134.306
2117068 63.4483 134.562
2121101 63.4483 134.591
2121566 63.4483 134.655
2122572 63.4483 134.83
2125321 63.4483 135.313
2132944 63.4483 135.393
2134205 63.4483 135.775
2140220 63.4483 135.988
2143573 63.4483 136.122
2145683 63.4483 136.132
2145844 63.4483 136.406
2150170 63.4483 136.653
2154059 63.4483 137.136
2161663 63.4483 137.182
2162395 63.4483 137.189
2162503 63.4483 137.204
2162741 63.4483 137.526
2167816 63.4483 137.575
2168592 63.4483 137.616
2169234 63.4483 137.803
2172185 63.4483 137.846
2172858 63.4483 137.909
2173849 63.4483 138.198
2178407 63.4483 138.257
2179344 63.4483 138.515
2183408 63.4483 138.812
2188092 63.4483 139.44
2197985 63.4483 139.52
2199241 63.4483 139.772
2203217 63.4483 140.448
2213876 63.4483 140.475
2214298 63.4483 140.773
2218997 63.4483 140.879
2220658 63.4483 140.946
2221726 63.4483 140.972
2222128 63.4483 141.179
2225387 63.4483 141.409
2229019 63.4483 142.324
2243430 63.4483 142.351
2243869 63.4483 142.692
2249239 63.4483 142.891
2252377 63.4483 142.968
2253587 63.4483 143.372
2259951 63.4483 143.633
2264063 63.4483 143.947
2269009 63.4483 144.072
2270992 63.4483 144.348
2275333 63.4483 144.403
2276210 63.4483 144.469
2277243 63.4483 144.702
2280920 63.4483 144.791
2282312 63.4483 144.825
2282861 63.4483 144.878
2283693 63.4483 144.914
2284254 63.4483 144.926
2284442 63.4483 144.944
2284734 63.4483 145.216
2289016 63.4483 145.454
2292761 63.4483 145.791
2298075 63.4483 146.179
2304192 63.4483 146.2
2304530 63.4483 146.402
2307710 63.4483 146.484
2309000 63.4483 146.581
2310537 63.4483 146.911
2315729 63.4483 147.122
2319063 63.4483 147.247
2321031 63.4483 147.268
2321366 63.4483 147.274
2321452 63.4483 147.34
2322495 63.4483 147.531
2325508 63.4483 147.836
2330314 63.4483 148.282
2337340 63.4483 148.294
2337525 63.4483 148.369
2338717 63.4483 148.843
2346189 63.4483 148.882
2346789 63.4483 148.884
2346826 63.4483 148.927
2347506 63.4483 148.955
2347946 63.4483 148.975
2348266 63.4483 149.498
2356499 63.4483 149.579
2357776 63.4483 149.788
2361070 63.4483 150.048
2365180 63.4483 150.054
2365263 63.4483 150.995
2380107 63.4483 151.462
2387467 63.4483 151.523
2388428 63.4483 152.12
2397831 63.4483 152.34
2401303 63.4483 152.417
2402519 63.4483 152.521
2404148 63.4483 152.575
2405005 63.4483 152.659
2406321 63.4483 152.874
2409710 63.4483 152.939
2410741 63.4483 153.007
2411807 63.4483 153.268
2415922 63.4483 153.365
2417447 63.4483 154.162
2430017 63.4483 154.683
2438219 63.4483 155.516
2451359 63.4483 155.559
2452036 63.4483 155.651
2453475 63.4483 155.836
2456394 63.4483 156.1
2460554 63.4483 156.661
2469408 63.4483 156.802
2471619 63.4483 157.261
2478864 63.4483 157.309
2479611 63.4483 157.663
2485187 63.4483 157.843
2488033 63.4483 157.946
2489649 63.4483 158.121
2492404 63.4483 158.28
2494920 63.4483 158.467
2497865 63.4483 158.623
2500323 63.4483 159.067
2507320 63.4483 159.11
2507994 63.4483 159.38
2512247 63.4483 159.474
2513736 63.4483 159.652
2516540 63.4483 159.823
2519239 63.4483 160.35
2527546 63.4483 160.462
2529308 63.4483 160.591
2531339 63.4483 160.704
2533124 63.4483 160.87
2535738 63.4483 160.987
2537588 63.4483 161.023
2538155 63.4483 161.091
2539221 63.4483 161.647
2547982 63.4483 161.681
2548514 63.4483 162.336
2558846 63.4483 162.467
2560901 63.4483 162.519
2561729 63.4483 162.686
2564357 63.4483 162.959
2568665 63.4483 163.11
2571045 63.4483 163.133
2571399 63.4483 163.134
2571420 63.4483 163.203
2572506 63.4483 163.422
2575966 63.4483 163.508
2577311 63.4483 163.685
2580111 63.4483 163.951
2584304 63.4483 164.384
2591119 63.4483 164.447
2592111 63.4483 164.642
2595187 63.4483 164.973
2600409 63.4483 165.117
2602678 63.4483 165.27
2605083 63.4483 165.459
2608060 63.4483 165.501
2608723 63.4483 165.569
2609797 63.4483 165.614
2610513 63.4483 165.727
2612282 63.4483 165.836
2614013 63.4483 166.12
2618476 63.4483 166.125
2618555 63.4483 166.236
2620316 63.4483 166.531
2624953 63.4483 166.56
2625422 63.4483 166.671
2627169 63.4483 167.124
2634311 63.4483 167.239
2636120 63.4483 167.442
2639316 63.4483 167.923
2646904 63.4483 168.041
2648751 63.4483 168.284
2652596 63.4483 168.389
2654251 63.4483 168.756
2660025 63.4483 168.833
2661234 63.4483 168.969
2663389 63.4483 169.039
2664493 63.4483 169.264
2668037 63.4483 169.275
2668207 63.4483 169.725
2675304 63.4483 170.093
2681099 63.4483 170.148
2681963 63.4483 170.176
2682416 63.4483 170.194
2682699 63.4483 170.269
2683877 63.4483 170.568
2688589 63.4483 170.905
2693903 63.4483 170.944
2694507 63.4483 171.197
2698505 63.4483 171.36
2701076 63.4483 171.551
2704073 63.4483 171.884
2709326 63.4483 172.056
2712033 63.4483 172.115
2712975 63.4483 172.34
2716509 63.4483 172.481
2718741 63.4483 172.546
2719761 63.4483 172.556
2719914 63.4483 172.577
2720256 63.4483 172.723
2722546 63.4483 172.943
2726022 63.4483 172.954
2726197 63.4483 173.176
2729685 63.4483 173.663
2737364 63.4483 173.765
2738978 63.4483 173.902
2741130 63.4483 173.963
2742094 63.4483 173.974
2742267 63.4483 174.068
2743753 63.4483 174.088
2744068 63.4483 174.877
2756503 63.4483 174.962
2757836 63.4483 175.079
2759691 63.4483 175.154
2760860 63.4483 175.155
2760882 63.4483 175.2
2761590 63.4483 175.399
2764727 63.4483 175.425
2765135 63.4483 175.541
2766961 63.4483 176.124
2776149 63.4483 176.184
2777107 63.4483 176.216
2777598 63.4483 176.269
2778443 63.4483 176.361
2779892 63.4483 176.539
2782702 63.4483 176.643
2784339 63.4483 176.89
2788234 63.4483 176.92
2788693 63.4483 177.188
2792928 63.4483 177.396
2796197 63.4483 177.544
2798536 63.4483 177.629
2799867 63.4483 177.664
2800427 63.4483 177.694
2800892 63.4483 177.941
2804789 63.4483 177.947
2804886 63.4483 177.96
2805090 63.4483 178.386
2811805 63.4483 178.442
2812686 63.4483 178.786
2818112 63.4483 178.935
2820450 63.4483 178.946
2820632 63.4483 179.35
2826994 63.4483 179.661
2831902 63.4483 179.769
2833599 63.4483 179.938
2836262 63.4483 180.162
2839802 63.4483 180.244
2841081 63.4483 180.261
2841353 63.4483 180.364
2842982 63.4483 180.547
2845871 63.4483 180.658
2847616 63.4483 180.719
2848574 63.4483 180.868
2850924 63.4483 180.878
2851080 63.4483 181.08
2854259 63.4483 181.107
2854692 63.4483 181.133
2855098 63.4483 181.558
2861804 63.4483 181.791
2865478 63.4483 181.802
2865644 63.4483 181.816
2865857 63.4483 181.985
2868532 63.4483 182.011
2868945 63.4483 182.041
2869408 63.4483 182.345
2874196 63.4483 182.465
2876100 63.4483 182.694
2879707 63.4483 182.714
2880024 63.4483 182.74
2880423 63.4483 182.804
2881434 63.4483 182.887
2882744 63.4483 182.925
2883343 63.4483 183.004
2884582 63.4483 183.005
2884607 63.4483 183.036
2885091 63.4483 183.039
2885145 63.4483 183.04
2885163 63.4483 183.294
2889163 63.4483 183.341
2889901 63.4483 183.39
2890666 63.4483 183.463
2891820 63.4483 183.569
2893486 63.4483 183.573
2893552 63.4483 183.623
2894349 63.4483 183.968
2899777 63.4483 183.998
2900250 63.4483 184.154
2902714 63.4483 184.57
2909263 63.4483 184.572
2909297 63.4483 184.76
2912259 63.4483 185.398
2922327 63.4483 185.453
2923180 63.4483 185.527
2924353 63.4483 186.201
2934974 63.4483 186.205
2935036 63.4483 186.598
2941230 63.4483 187.02
2947883 63.4483 187.491
2955311 63.4483 187.673
2958174 63.4483 187.94
2962383 63.4483 188.013
2963531 63.4483 188.46
2970573 63.4483 188.519
2971503 63.4483 188.59
2972632 63.4483 188.614
2973002 63.4483 188.834
2976474 63.4483 188.879
2977183 63.4483 189.121
2980990 63.4483 189.29
2983657 63.4483 189.715
2990365 63.4483 190.458
3002071 63.4483 190.483
3002460 63.4483 190.622
3004658 63.4483 190.635
3004859 63.4483 190.868
3008531 63.4483 190.881
3008738 63.4483 190.903
3009086 63.4483 190.987
3010413 63.4483 191.018
3010896 63.4483 191.042
3011273 63.4483 191.115
3012426 63.4483 191.243
3014439 63.4483 191.247
3014502 63.4483 191.618
3020359 63.4483 192.058
3027289 63.4483 192.082
3027672 63.4483 192.387
3032477 63.4483 192.436
3033242 63.4483 192.725
3037807 63.4483 192.884
3040299 63.4483 193.132
3044217 63.4483 193.235
3045841 63.4483 193.481
3049714 63.4483 193.498
3049984 63.4483 193.549
3050786 63.4483 193.884
3056067 63.4483 194.495
3065700 63.4483 195.052
3074471 63.4483 195.184
3076550 63.4483 195.412
3080153 63.4483 195.424
3080344 63.4483 195.497
3081489 63.4483 195.558
3082452 63.4483 195.585
3082871 63.4483 195.666
3084150 63.4483 195.694
3084587 63.4483 195.945
3088549 63.4483 195.959
3088766 63.4483 195.984
3089166 63.4483 195.991
3089279 63.4483 196.012
3089613 63.4483 196.096
3090928 63.4483 196.109
3091142 63.4483 196.275
3093745 63.4483 196.575
3098485 63.4483 196.586
3098651 63.4483 196.836
3102593 63.4483 196.881
3103304 63.4483 196.908
3103727 63.4483 196.942
3104271 63.4483 197.268
3109399 63.4483 197.493
3112954 63.4483 197.527
3113490 63.4483 197.628
3115068 63.4483 197.798
3117762 63.4483 197.854
3118642 63.4483 198.08
3122196 63.4483 198.152
3123335 63.4483 198.378
3126892 63.4483 198.436
3127807 63.4483 198.748
3132723 63.4483 198.752
3132788 63.4483 199.169
3139368 63.4483 199.231
3140337 63.4483 199.353
3142266 63.4483 199.67
3147255 63.4483 200.438
3159370 63.4483 200.45
3159551 63.4483 200.496
3160280 63.4483 200.546
3161073 63.4483 200.941
3167285 63.4483 200.971
3167767 63.4483 201.163
3170785 63.4483 201.22
3171690 63.4483 201.251
3172180 63.4483 201.341
3173599 63.4483 201.623
3178035 63.4483 201.97
3183509 63.4483 202.045
3184691 63.4483 202.162
3186541 63.4483 202.248
3187895 63.4483 202.515
3192094 63.4483 202.52
3192180 63.4483 202.618
3193728 63.4483 202.782
3196312 63.4483 202.917
3198435 63.4483 203.259
3203830 63.4483 203.374
3205642 63.4483 203.419
3206339 63.4483 203.48
3207308 63.4483 203.681
3210470 63.4483 203.707
3210892 63.4483 203.746
3211495 63.4483 203.929
3214380 63.4483 204.03
3215982 63.4483 204.245
3219360 63.4483 204.431
3222299 63.4483 204.564
3224395 63.4483 204.699
3226523 63.4483 204.982
3230983 63.4483 205.362
3236968 63.4483 206.395
3253252 63.4483 206.403
3253382 63.4483 206.528
3255346 63.4483 206.793
3259525 63.4483 207.019
3263092 63.4483 207.141
3265012 63.4483 207.144
3265053 63.4483 207.297
3267460 63.4483 207.328
3267960 63.4483 207.55
3271461 63.4483 207.67
3273344 63.4483 207.877
3276603 63.4483 208.013
3278749 63.4483 208.326
3283685 63.4483 208.64
3288634 63.4483 208.822
3291510 63.4483 209.178
3297120 63.4483 209.307
3299153 63.4483 209.433
3301137 63.4483 210.225
3313616 63.4483 210.291
3314649 63.4483 210.373
3315947 63.4483 210.403
3316417 63.4483 210.403
3316419 63.4483 210.753
3321938 63.4483 210.755
3321968 63.4483 210.911
3324427 63.4483 210.912
3324450 63.4483 211.077
3327050 63.4483 211.122
3327753 63.4483 211.173
3328555 63.4483 212.049
3342365 63.4483 212.095
3343086 63.4483 212.207
3344860 63.4483 212.733
3353140 63.4483 212.973
3356926 63.4483 213.022
3357699 63.4483 213.134
3359470 63.4483 213.164
3359933 63.4483 213.218
3360792 63.4483 213.259
3361441 63.4483 213.427
3364083 63.4483 213.475
3364833 63.4483 213.616
3367053 63.4483 213.906
3371637 63.4483 214.011
3373282 63.4483 214.065
3374135 63.4483 214.212
3376459 63.4483 214.227
3376684 63.4483 214.272
3377401 63.4483 214.28
3377528 63.4483 214.284
3377581 63.4483 214.613
3382774 63.4483 214.823
3386089 63.4483 214.847
3386466 63.4483 214.848
3386477 63.4483 214.893
3387185 63.4483 215.029
3389335 63.4483 215.411
3395353 63.4483 216.23
3408258 63.4483 216.542
3413169 63.4483 216.975
3419998 63.4483 217.012
3420587 63.4483 217.044
3421091 63.4483 217.07
3421498 63.4483 217.289
3424956 63.4483 217.829
3433454 63.4483 218.172
3438864 63.4483 218.437
3443047 63.4483 218.607
3445724 63.4483 218.615
3445850 63.4483 219.291
3456505 63.4483 219.298
3456607 63.4483 219.661
3462335 63.4483 219.695
3462865 63.4483 219.739
3463569 63.4483 219.916
3466352 63.4483 220.538
3476151 63.4483 220.722
3479055 63.4483 220.921
3482199 63.4483 220.972
3482996 63.4483 221.278
3487820 63.4483 221.459
3490673 63.4483 221.97
3498731 63.4483 222.101
3500787 63.4483 222.144
3501469 63.4483 222.311
3504104 63.4483 222.472
3506635 63.4483 222.506
3507179 63.4483 222.536
3507646 63.4483 222.922
3513738 63.4483 222.925
3513781 63.4483 223.058
3515874 63.4483 223.137
3517117 63.4483 223.199
3518094 63.4483 223.604
3524485 63.4483 223.774
3527165 63.4483 224.22
3534193 63.4483 224.438
3537620 63.4483 224.854
3544187 63.4483 225.73
3557984 63.4483 226.155
3564687 63.4483 226.751
3574072 63.4483 227.131
3580066 63.4483 227.542
3586547 63.4483 227.884
3591943 63.4483 228.237
3597506 63.4483 228.318
3598783 63.4483 228.377
3599700 63.4483 228.465
3601086 63.4483 228.545
3602356 63.4483 228.636
3603790 63.4483 228.651
3604029 63.4483 228.947
3608685 63.4483 228.994
3609425 63.4483 229.329
3614709 63.4483 229.595
3618902 63.4483 229.692
3620426 63.4483 230.382
3631302 63.4483 230.497
3633120 63.4483 230.532
3633670 63.4483 230.681
3636017 63.4483 230.859
3638821 63.4483 230.94
3640102 63.4483 231.025
3641443 63.4483 231.206
3644287 63.4483 231.272
3645334 63.4483 231.318
3646062 63.4483 231.349
3646548 63.4483 231.436
3647913 63.4483 231.594
3650405 63.4483 231.84
3654284 63.4483 232.038
3657411 63.4483 232.268
3661024 63.4483 232.998
3672531 63.4483 233.329
3677747 63.4483 233.366
3678339 63.4483 233.497
3680404 63.4483 233.618
3682315 63.4483 234.475
3695809 63.4483 234.881
3702221 63.4483 234.895
3702442 63.4483 234.91
3702668 63.4483 234.953
3703349 63.4483 235.017
3704355 63.4483 235.305
3708897 63.4483 235.411
3710560 63.4483 235.512
3712167 63.4483 235.766
3716165 63.4483 235.771
3716234 63.4483 236.169
3722522 63.4483 237.064
3736625 63.4483 237.132
3737698 63.4483 237.183
3738496 63.4483 237.711
3746816 63.4483 238.321
3756427 63.4483 238.35
3756884 63.4483 238.481
3758948 63.4483 238.524
3759629 63.4483 238.547
3760000 63.4483 239.057
3768032 63.4483 239.233
3770811 63.4483 239.729
3778625 63.4483 239.82
3780054 63.4483 240.477
3790414 63.4483 241.065
3799684 63.4483 241.184
3801557 63.4483 241.374
3804547 63.4483 241.442
3805623 63.4483 241.643
3808785 63.4483 241.882
3812551 63.4483 242.162
3816976 63.4483 242.193
3817451 63.4483 242.46
3821667 63.4483 242.732
3825954 63.4483 242.77
3826546 63.4483 242.832
3827532 63.4483 243.103
3831806 63.4483 243.165
3832776 63.4483 243.242
3833987 63.4483 243.38
3836172 63.4483 243.791
3842640 63.4483 243.828
3843220 63.4483 243.939
3844978 63.4483 244.021
3846273 63.4483 244.163
3848510 63.4483 244.599
3855379 63.4483 244.759
3857904 63.4483 244.827
3858978 63.4483 244.872
3859688 63.4483 245.15
3864062 63.4483 245.187
3864650 63.4483 245.379
3867668 63.4483 245.474
3869173 63.4483 245.92
3876194 63.4483 245.924
3876267 63.4483 246.171
3880162 63.4483 246.291
3882040 63.4483 246.707
3888603 63.4483 246.712
3888681 63.4483 246.784
3889819 63.4483 247.005
3893297 63.4483 247.398
3899487 63.4483 247.49
3900939 63.4483 247.506
3901199 63.4483 247.535
3901648 63.4483 247.713
3904456 63.4483 247.742
3904919 63.4483 247.945
3908121 63.4483 247.955
3908269 63.4483 248.158
3911476 63.4483 248.175
3911732 63.4483 248.34
3914334 63.4483 248.567
3917922 63.4483 248.793
3921486 63.4483 248.814
3921808 63.4483 248.817
3921857 63.4483 248.922
3923520 63.4483 249.807
3937468 63.4483 249.852
3938168 63.4483 249.897
3938880 63.4483 250.022
3940851 63.4483 250.092
3941954 63.4483 250.098
3942048 63.4483 250.14
3942715 63.4483 250.197
3943611 63.4483 250.205
3943729 63.4483 250.542
3949041 63.4483 250.747
3952270 63.4483 250.812
3953301 63.4483 250.873
3954256 63.4483 251.104
3957902 63.4483 251.135
3958384 63.4483 251.26
3960368 63.4483 251.424
3962952 63.4483 251.677
3966930 63.4483 251.806
3968969 63.4483 251.893
3970335 63.4483 252.354
3977599 63.4483 252.397
3978277 63.4483 252.461
3979292 63.4483 252.537
3980489 63.4483 253.059
3988717 63.4483 253.129
3989813 63.4483 253.35
3993304 63.4483 253.451
3994895 63.4483 253.486
3995440 63.4483 253.512
3995850 63.4483 253.653
3998077 63.4483 253.772
3999945 63.4483 253.984
4003296 63.4483 254.054
4004392 63.4483 254.07
4004650 63.4483 254.109
4005264 63.4483 254.578
4012657 63.4483 254.635
4013555 63.4483 254.662
4013973 63.4483 254.927
4018157 63.4483 254.964
4018739 63.4483 255.294
4023945 63.4483 255.365
4025056 63.4483 255.378
4025258 63.4483 255.649
4029541 63.4483 255.655
4029628 63.4483 255.834
4032445 63.4483 255.844
4032608 63.4483 255.896
4033425 63.4483 256.184
4037964 63.4483 256.636
4045086 63.4483 256.758
4047013 63.4483 256.884
4049006 63.4483 257.44
4057770 63.4483 257.648
4061047 63.4483 257.752
4062677 63.4483 257.873
4064583 63.4483 258.005
4066671 63.4483 258.139
4068774 63.4483 258.148
4068917 63.4483 258.308
4071446 63.4483 258.342
4071978 63.4483 258.587
4075849 63.4483 258.59
4075891 63.4483 258.786
4078979 63.4483 258.961
4081738 63.4483 259.033
4082864 63.4483 259.562
4091212 63.4483 260.055
4098973 63.4483 260.071
4099224 63.4483 260.235
4101811 63.4483 260.369
4103935 63.4483 260.565
4107013 63.4483 260.744
4109830 63.4483 260.964
4113311 63.4483 261.086
4115227 63.4483 261.339
4119216 63.4483 261.519
4122059 63.4483 261.709
4125050 63.4483 261.718
4125189 63.4483 261.851
4127281 63.4483 262.279
4134027 63.4483 262.624
4139468 63.4483 262.632
4139597 63.4483 262.666
4140134 63.4483 262.715
4140907 63.4483 263.296
4150053 63.4483 263.323
4150481 63.4483 263.353
4150959 63.4483 263.4
4151692 63.4483 263.614
4155071 63.4483 263.788
4157808 63.4483 263.937
4160169 63.4483 264.06
4162106 63.4483 264.133
4163244 63.4483 264.199
4164299 63.4483 264.334
4166416 63.4483 264.346
4166606 63.4483 264.505
4169114 63.4483 264.55
4169823 63.4483 264.788
4173574 63.4483 264.936
4175908 63.4483 265.032
4177424 63.4483 265.038
4177514 63.4483 265.05
4177703 63.4483 265.249
4180844 63.4483 265.262
4181040 63.4483 265.425
4183616 63.4483 265.516
4185055 63.4483 265.76
4188897 63.4483 266.164
4195261 63.4483 266.266
4196876 63.4483 266.372
4198546 63.4483 266.403
4199026 63.4483 266.602
4202165 63.4483 266.653
4202963 63.4483 266.705
4203793 63.4483 266.714
4203928 63.4483 266.746
4204438 63.4483 267.186
4211373 63.4483 267.242
4212247 63.4483 267.308
4213294 63.4483 267.338
4213766 63.4483 267.565
4217346 63.4483 267.673
4219046 63.4483 267.881
4222327 63.4483 268.066
4225241 63.4483 268.185
4227111 63.4483 268.266
4228384 63.4483 268.292
4228803 63.4483 268.659
4234578 63.4483 268.715
4235469 63.4483 268.772
4236361 63.4483 268.989
4239783 63.4483 269.242
4243772 63.4483 269.815
4252801 63.4483 269.83
4253043 63.4483 269.848
4253329 63.4483 270.06
4256662 63.4483 270.382
4261737 63.4483 270.834
4268871 63.4483 270.835
4268878 63.4483 270.973
4271061 63.4483 271.211
4274805 63.4483 271.238
4275228 63.4483 271.305
4276288 63.4483 271.319
4276510 63.4483 271.528
4279807 63.4483 271.61
4281094 63.4483 271.619
4281243 63.4483 271.795
4284007 63.4483 272.002
4287273 63.4483 272.079
4288489 63.4483 272.099
4288808 63.4483 272.349
4292737 63.4483 272.448
4294309 63.4483 272.498
4295084 63.4483 272.886
4301205 63.4483 273.18
4305838 63.4483 273.543
4311563 63.4483 273.704
4314106 63.4483 273.989
4318591 63.4483 274.209
4322050 63.4483 274.332
4323993 63.4483 274.424
4325444 63.4483 274.431
4325561 63.4483 274.598
4328188 63.4483 274.658
4329141 63.4483 274.667
4329278 63.4483 274.685
4329563 63.4483 275.096
4336038 63.4483 275.148
4336859 63.4483 275.173
4337244 63.4483 275.367
4340302 63.4483 275.428
4341271 63.4483 275.611
4344154 63.4483 275.8
4347133 63.4483 275.866
4348180 63.4483 275.998
4350253 63.4483 276.102
4351891 63.4483 276.834
4363435 63.4483 277.057
4366947 63.4483 277.304
4370836 63.4483 277.354
4371621 63.4483 277.496
4373865 63.4483 277.59
4375337 63.4483 277.672
4376645 63.4483 277.932
4380733 63.4483 278.135
4383933 63.4483 278.392
4387980 63.4483 278.511
4389861 63.4483 278.787
4394203 63.4483 279.037
4398146 63.4483 279.132
4399647 63.4483 279.437
4404449 63.4483 279.485
4405216 63.4483 279.532
4405949 63.4483 279.705
4408682 63.4483 279.758
4409520 63.4483 279.939
4412371 63.4483 280.068
4414408 63.4483 280.134
4415438 63.4483 280.314
4418285 63.4483 280.319
4418349 63.4483 280.43
4420105 63.4483 280.502
4421243 63.4483 280.865
4426962 63.4483 280.964
4428525 63.4483 281.053
4429924 63.4483 281.186
4432014 63.4483 281.234
4432773 63.4483 281.283
4433542 63.4483 281.536
4437532 63.4483 281.63
4439019 63.4483 281.677
4439760 63.4483 281.807
4441813 63.4483 281.988
4444665 63.4483 282.014
4445066 63.4483 282.164
4447438 63.4483 282.3
4449573 63.4483 282.311
4449754 63.4483 282.53
4453208 63.4483 283.072
4461742 63.4483 283.15
4462974 63.4483 283.479
4468158 63.4483 283.751
4472450 63.4483 283.869
4474304 63.4483 284.177
4479157 63.4483 284.25
4480311 63.4483 284.266
4480571 63.4483 284.683
4487131 63.4483 284.77
4488508 63.4483 284.807
4489084 63.4483 285.076
4493331 63.4483 285.086
4493485 63.4483 285.207
4495394 63.4483 285.282
4496570 63.4483 285.395
4498364 63.4483 285.477
4499652 63.4483 285.514
4500230 63.4483 286.018
4508174 63.4483 286.057
4508792 63.4483 286.424
4514583 63.4483 286.476
4515397 63.4483 286.503
4515822 63.4483 286.69
4518766 63.4483 286.788
4520309 63.4483 287.02
4523972 63.4483 287.493
4531426 63.4483 287.673
4534263 63.4483 287.983
4539141 63.4483 288.171
4542110 63.4483 288.258
4543482 63.4483 288.481
4547003 63.4483 288.492
4547167 63.4483 288.621
4549207 63.4483 288.801
4552036 63.4483 288.84
4552651 63.4483 288.88
4553283 63.4483 289.082
4556476 63.4483 289.132
4557251 63.4483 289.184
4558075 63.4483 289.562
4564039 63.4483 289.632
4565140 63.4483 291.053
4587528 63.4483 291.108
4588401 63.4483 291.227
4590273 63.4483 291.237
4590437 63.4483 291.456
4593879 63.4483 291.496
4594522 63.4483 291.648
4596910 63.4483 291.793
4599203 63.4483 292.07
4603559 63.4483 292.743
4614172 63.4483 292.859
4616001 63.4483 293.561
4627061 63.4483 293.729
4629704 63.4483 294.083
4635296 63.4483 294.469
4641378 63.4483 294.478
4641520 63.4483 294.608
4643558 63.4483 294.71
4645164 63.4483 294.721
4645342 63.4483 294.819
4646890 63.4483 295.332
4654973 63.4483 295.491
4657482 63.4483 295.724
4661157 63.4483 296.01
4665664 63.4483 296.028
4665943 63.4483 296.274
4669827 63.4483 296.3
4670230 63.4483 296.337
4670820 63.4483 296.434
4672347 63.4483 296.718
4676811 63.4483 296.743
4677209 63.4483 296.837
4678700 63.4483 296.875
4679287 63.4483 296.941
4680332 63.4483 297.003
4681310 63.4483 297.035
4681819 63.4483 297.323
4686351 63.4483 297.402
4687592 63.4483 297.462
4688542 63.4483 297.538
4689735 63.4483 297.734
4692824 63.4483 297.789
4693698 63.4483 297.958
4696363 63.4483 298.117
4698861 63.4483 298.49
4704748 63.4483 298.77
4709165 63.4483 298.819
4709939 63.4483 298.975
4712383 63.4483 299.122
4714707 63.4483 299.17
4715461 63.4483 299.206
4716039 63.4483 299.555
4721525 63.4483 299.817
4725667 63.4483 299.952
4727796 63.4483 300.161
4731076 63.4483 300.203
4731738 63.4483 300.331
4733761 63.4483 300.354
4734119 63.4483 300.423
4735218 63.4483 300.496
4736366 63.4483 300.527
4736853 63.4483 300.902
4742756 63.4483 300.905
4742812 63.4483 300.935
4743279 63.4483 300.944
4743417 63.4483 301.051
4745117 63.4483 301.276
4748649 63.4483 301.403
4750656 63.4483 301.744
4756030 63.4483 302.074
4761226 63.4483 302.298
4764757 63.4483 302.325
4765192 63.4483 302.329
4765245 63.4483 302.389
4766197 63.4483 302.441
4767025 63.4483 303.071
4776946 63.4483 303.515
4783947 63.4483 303.864
4789451 63.4483 304.109
4793308 63.4483 304.4
4797892 63.4483 304.528
4799903 63.4483 304.61
4801204 63.4483 304.709
4802758 63.4483 304.746
4803354 63.4483 304.849
4804971 63.4483 305.205
4810579 63.4483 305.306
4812165 63.4483 305.673
4817953 63.4483 305.746
4819105 63.4483 306.015
4823354 63.4483 306.276
4827456 63.4483 306.302
4827871 63.4483 306.37
4828950 63.4483 306.459
4830349 63.4483 306.468
4830490 63.4483 306.478
4830649 63.4483 306.537
4831571 63.4483 306.614
4832789 63.4483 306.621
4832906 63.4483 306.92
4837616 63.4483 306.924
4837671 63.4483 306.936
4837855 63.4483 307.25
4842809 63.4483 307.788
4851285 63.4483 308.025
4855025 63.4483 308.243
4858465 63.4483 308.251
4858590 63.4483 308.591
4863951 63.4483 308.778
4866898 63.4483 309.033
4870908 63.4483 309.119
4872265 63.4483 309.215
4873780 63.4483 309.333
4875646 63.4483 309.595
4879769 63.4483 309.86
4883940 63.4483 309.888
4884382 63.4483 309.91
4884736 63.4483 310.051
4886951 63.4483 310.058
4887069 63.4483 310.241
4889950 63.4483 310.293
4890772 63.4483 310.314
4891102 63.4483 310.401
4892469 63.4483 310.583
4895341 63.4483 310.729
4897649 63.4483 310.776
4898383 63.4483 310.905
4900417 63.4483 311.076
4903115 63.4483 311.08
4903171 63.4483 311.23
4905533 63.4483 311.304
4906711 63.4483 311.423
4908576 63.4483 311.451
4909021 63.4483 311.683
4912672 63.4483 312.273
4921979 63.4483 312.886
4931644 63.4483 312.901
4931872 63.4483 313.082
4934733 63.4483 313.242
4937248 63.4483 313.632
4943401 63.4483 313.661
4943847 63.4483 313.713
4944669 63.4483 314.628
4959094 63.4483 314.888
4963190 63.4483 314.983
4964690 63.4483 315.161
4967489 63.4483 315.3
4969689 63.4483 315.313
4969884 63.4483 315.344
4970387 63.4483 315.392
4971138 63.4483 315.4
4971270 63.4483 315.502
4972869 63.4483 315.564
4973841 63.4483 315.667
4975474 63.4483 315.92
4979451 63.4483 316.35
4986234 63.4483 316.378
4986673 63.4483 316.568
4989670 63.4483 316.659
4991103 63.4483 316.68
4991430 63.4483 316.81
4993490 63.4483 317.157
