3707 56.8104 0.0247125
4142 56.8104 0.0610143
4781 56.8104 0.107769
5604 56.8104 0.234854
7841 56.8104 0.252068
8144 56.8104 0.31098
9181 56.8104 0.360859
10059 56.8104 0.368358
10191 56.8104 0.461925
11838 56.8104 0.577875
13879 56.8104 0.897036
19497 56.8104 1.05395
22259 56.8104 1.06883
22521 56.8104 1.58688
31640 56.8104 1.63779
32536 56.8104 1.81026
35572 56.8104 1.82327
35801 56.8104 1.85122
36293 56.8104 1.96729
38336 56.8104 2.08295
40372 56.8104 2.25708
43437 56.8104 2.26872
43642 56.8104 2.29764
44151 56.8104 2.57504
49034 56.8104 2.64333
50236 56.8104 2.69241
51100 56.8104 2.87188
54259 56.8104 2.8737
54291 56.8104 2.97686
56107 56.8104 3.09105
58117 56.8104 3.23745
60694 56.8104 3.43311
64138 56.8104 3.44561
64358 56.8104 3.69017
68663 56.8104 3.79772
70556 56.8104 3.95923
73399 56.8104 3.99877
74095 56.8104 4.00292
74168 56.8104 4.37122
80651 56.8104 4.54949
83789 56.8104 4.91347
90196 56.8104 4.92847
90460 56.8104 5.0009
91735 56.8104 5.07987
93125 56.8104 5.13941
94173 56.8104 5.20576
95341 56.8104 5.28365
96712 56.8104 5.5085
100670 56.8104 5.58025
101933 56.8104 5.59974
102276 56.8104 5.79602
105731 56.8104 6.14109
111805 56.8104 6.2738
114141 56.8104 7.44954
134837 56.8104 7.64145
138215 56.8104 8.26437
149180 56.8104 8.35413
150760 56.8104 8.82867
159113 56.8104 8.94746
161204 56.8104 8.9532
161305 56.8104 9.35854
168440 56.8104 9.43268
169745 56.8104 9.46671
170344 56.8104 10.276
184589 56.8104 10.3207
185376 56.8104 10.3989
186753 56.8104 10.4099
186946 56.8104 10.4654
187924 56.8104 10.4938
188424 56.8104 10.8305
194350 56.8104 10.9335
196163 56.8104 11.1032
199151 56.8104 11.1863
200613 56.8104 11.5494
207004 56.8104 11.6778
209264 56.8104 11.7278
210144 56.8104 11.7322
210222 56.8104 11.9336
213767 56.8104 12.2271
218933 56.8104 12.3199
220567 56.8104 12.7994
229007 56.8104 12.8735
230311 56.8104 12.9152
231045 56.8104 12.9828
232236 56.8104 13.0056
232637 56.8104 13.1803
235712 56.8104 13.2475
236895 56.8104 13.3822
239266 56.8104 13.4397
240278 56.8104 13.6188
243431 56.8104 13.6759
244436 56.8104 13.716
245142 56.8104 13.9596
249429 56.8104 14.1661
253065 56.8104 14.2599
254716 56.8104 14.2755
254991 56.8104 14.286
255175 56.8104 14.5833
260409 56.8104 14.849
265086 56.8104 14.9224
266378 56.8104 14.9241
266407 56.8104 15.1375
270163 56.8104 15.1685
270709 56.8104 15.1876
271046 56.8104 15.4839
276262 56.8104 15.5632
277657 56.8104 15.975
284906 56.8104 16.0507
286238 56.8104 16.1303
287639 56.8104 16.5119
294357 56.8104 16.602
295942 56.8104 16.644
296681 56.8104 16.79
299251 56.8104 16.8252
299872 56.8104 16.916
301469 56.8104 16.9746
302501 56.8104 17.1659
305868 56.8104 17.2976
308186 56.8104 17.742
316010 56.8104 17.7872
316805 56.8104 17.9476
319629 56.8104 17.9637
319912 56.8104 18.7833
334338 56.8104 18.7991
334617 56.8104 19.5312
347503 56.8104 19.5989
348695 56.8104 19.6285
349216 56.8104 20.0536
356699 56.8104 20.0739
357057 56.8104 20.3827
362492 56.8104 20.4028
362845 56.8104 20.5843
366041 56.8104 20.8917
371451 56.8104 21.3523
379560 56.8104 21.6741
385223 56.8104 21.6786
385302 56.8104 21.7523
386600 56.8104 21.8332
388024 56.8104 22.0398
391660 56.8104 22.0718
392224 56.8104 22.3788
397628 56.8104 22.5337
400354 56.8104 22.648
402366 56.8104 22.6885
403079 56.8104 22.7409
404002 56.8104 22.8345
405649 56.8104 22.8515
405949 56.8104 22.8928
406675 56.8104 23.1843
411806 56.8104 23.2972
413794 56.8104 23.3224
414237 56.8104 23.4609
416676 56.8104 23.8557
423625 56.8104 23.9378
425071 56.8104 24.0905
427758 56.8104 24.1491
428789 56.8104 24.3699
432676 56.8104 24.7735
439781 56.8104 25.0461
444579 56.8104 25.1226
445925 56.8104 25.6871
455862 56.8104 25.7608
457160 56.8104 26.0065
461484 56.8104 26.0222
461761 56.8104 26.2012
464912 56.8104 26.3227
467050 56.8104 26.3519
467565 56.8104 26.6196
472276 56.8104 26.8206
475815 56.8104 27.2107
482682 56.8104 27.4779
487384 56.8104 27.5509
488670 56.8104 27.7455
492095 56.8104 27.7949
492964 56.8104 27.8907
494650 56.8104 27.9455
495616 56.8104 27.978
496187 56.8104 28.132
498898 56.8104 28.312
502067 56.8104 28.3875
503395 56.8104 28.5141
505624 56.8104 28.5173
505680 56.8104 28.9026
512463 56.8104 28.9076
512550 56.8104 29.2712
518951 56.8104 29.3795
520857 56.8104 29.4919
522836 56.8104 29.5111
523173 56.8104 29.8331
528842 56.8104 29.8825
529712 56.8104 29.9415
530750 56.8104 29.9521
530937 56.8104 30.0579
532798 56.8104 30.0596
532828 56.8104 30.1716
534800 56.8104 30.737
544753 56.8104 30.7737
545399 56.8104 30.8044
545939 56.8104 31.2508
553797 56.8104 31.2642
554033 56.8104 31.3773
556024 56.8104 31.4908
558021 56.8104 31.5058
558286 56.8104 31.7299
562230 56.8104 31.7578
562721 56.8104 31.8257
563916 56.8104 31.8282
563960 56.8104 31.9032
565280 56.8104 31.9432
565984 56.8104 32.1083
568890 56.8104 32.553
576718 56.8104 32.5878
577331 56.8104 32.8211
581437 56.8104 32.8642
582196 56.8104 33.0226
584984 56.8104 33.135
586963 56.8104 34.4482
610078 56.8104 34.7894
616084 56.8104 34.914
618278 56.8104 35.0453
620589 56.8104 35.8592
634915 56.8104 35.9118
635842 56.8104 35.9472
636464 56.8104 36.0048
637479 56.8104 36.0709
638642 56.8104 36.0719
638660 56.8104 36.2938
642565 56.8104 36.3786
644059 56.8104 36.3795
644074 56.8104 36.4872
645970 56.8104 36.5003
646201 56.8104 36.5508
647089 56.8104 36.7104
649899 56.8104 36.7808
651139 56.8104 36.8292
651991 56.8104 36.9579
654255 56.8104 37.1735
658050 56.8104 37.2132
658750 56.8104 37.2173
658821 56.8104 37.2933
660160 56.8104 37.7697
668546 56.8104 37.8235
669492 56.8104 37.9442
671617 56.8104 37.9954
672518 56.8104 38.1088
674514 56.8104 38.1547
675322 56.8104 38.1566
675356 56.8104 38.1707
675604 56.8104 38.1835
675829 56.8104 38.4075
679772 56.8104 38.4446
680425 56.8104 38.9977
690161 56.8104 39.0673
691386 56.8104 39.2835
695191 56.8104 39.4609
698315 56.8104 39.4875
698782 56.8104 39.7653
703672 56.8104 40.2202
711680 56.8104 40.6822
719812 56.8104 40.7935
721772 56.8104 40.8309
722430 56.8104 40.8932
723527 56.8104 41.3212
731061 56.8104 41.3525
731611 56.8104 41.4632
733560 56.8104 41.6105
736153 56.8104 41.6204
736327 56.8104 41.8521
740406 56.8104 41.8709
740736 56.8104 42.1405
745482 56.8104 42.3322
748856 56.8104 42.3779
749661 56.8104 42.3923
749915 56.8104 42.6445
754353 56.8104 42.9282
759348 56.8104 42.9326
759425 56.8104 43.5038
769480 56.8104 43.5044
769490 56.8104 43.5497
770288 56.8104 43.6608
772243 56.8104 43.7665
774104 56.8104 43.8687
775902 56.8104 43.8824
776144 56.8104 44.1369
780624 56.8104 44.1539
780922 56.8104 44.1633
781088 56.8104 44.2141
781982 56.8104 44.2498
782611 56.8104 45.055
796785 56.8104 45.4541
803810 56.8104 45.6677
807570 56.8104 45.8558
810881 56.8104 45.9344
812264 56.8104 46.0206
813781 56.8104 46.0347
814029 56.8104 46.102
815213 56.8104 46.3997
820454 56.8104 46.4759
821796 56.8104 47.3287
836806 56.8104 47.3858
837812 56.8104 47.4543
839018 56.8104 47.4698
839290 56.8104 47.5695
841046 56.8104 47.7705
844584 56.8104 47.8367
845748 56.8104 48.072
849890 56.8104 48.4514
856569 56.8104 48.6969
860891 56.8104 48.9618
865554 56.8104 49.1182
868307 56.8104 49.1979
869710 56.8104 49.2723
871018 56.8104 49.399
873249 56.8104 49.5353
875648 56.8104 49.6101
876965 56.8104 49.9406
882782 56.8104 50.0579
884848 56.8104 50.1499
886467 56.8104 50.1737
886885 56.8104 50.2498
888226 56.8104 50.4995
892621 56.8104 50.719
896484 56.8104 50.777
897506 56.8104 50.8386
898590 56.8104 50.9625
900770 56.8104 51.0875
902971 56.8104 51.3411
907434 56.8104 51.3829
908171 56.8104 51.5747
911546 56.8104 51.6093
912155 56.8104 51.6182
912312 56.8104 51.7473
914585 56.8104 51.8584
916541 56.8104 51.8739
916813 56.8104 51.9395
917968 56.8104 52.0493
919901 56.8104 52.0727
920312 56.8104 52.3693
925534 56.8104 52.4954
927754 56.8104 52.5224
928228 56.8104 52.5828
929291 56.8104 52.632
930158 56.8104 52.6872
931130 56.8104 52.7304
931890 56.8104 53.1193
938736 56.8104 53.2192
940494 56.8104 53.3931
943555 56.8104 53.3965
943614 56.8104 53.5189
945770 56.8104 53.6334
947785 56.8104 53.6497
948071 56.8104 53.7402
949664 56.8104 53.7952
950632 56.8104 53.7995
950709 56.8104 53.8656
951872 56.8104 53.9225
952873 56.8104 54.0836
955710 56.8104 54.1778
957367 56.8104 54.2952
959434 56.8104 54.3929
961154 56.8104 54.783
968021 56.8104 54.8927
969952 56.8104 54.9501
970962 56.8104 55.0276
972326 56.8104 55.2172
975664 56.8104 55.3166
977413 56.8104 55.6214
982778 56.8104 55.6891
983970 56.8104 55.86
986979 56.8104 55.9143
987934 56.8104 56.0316
989998 56.8104 56.3792
996118 56.8104 56.498
998208 56.8104 56.533
998824 56.8104 56.7308
1002307 56.8104 56.9589
1006321 56.8104 57.1642
1009936 56.8104 57.2758
1011900 56.8104 57.7269
1019841 56.8104 57.9684
1024091 56.8104 57.9861
1024403 56.8104 58.0095
1024815 56.8104 58.0979
1026370 56.8104 58.4678
1032882 56.8104 58.5231
1033856 56.8104 58.6537
1036155 56.8104 59.0567
1043248 56.8104 59.1124
1044229 56.8104 59.1127
1044233 56.8104 59.1542
1044965 56.8104 59.1626
1045112 56.8104 59.1905
1045603 56.8104 59.1979
1045733 56.8104 59.3006
1047542 56.8104 59.3105
1047715 56.8104 59.6011
1052831 56.8104 59.688
1054361 56.8104 59.7898
1056153 56.8104 59.9172
1058395 56.8104 60.0184
1060177 56.8104 60.0584
1060881 56.8104 60.2259
1063828 56.8104 60.6224
1070808 56.8104 60.971
1076945 56.8104 61.3083
1082881 56.8104 61.3559
1083719 56.8104 61.3969
1084441 56.8104 61.4833
1085962 56.8104 61.5976
1087974 56.8104 61.6031
1088070 56.8104 61.6728
1089298 56.8104 61.674
1089319 56.8104 61.8398
1092238 56.8104 61.8883
1093091 56.8104 62.2985
1100312 56.8104 62.4158
1102376 56.8104 62.4248
1102534 56.8104 62.4335
1102687 56.8104 62.5446
1104643 56.8104 62.6261
1106078 56.8104 62.8055
1109236 56.8104 62.8268
1109610 56.8104 62.8821
1110584 56.8104 64.0219
1130648 56.8104 64.3627
1136647 56.8104 65.1403
1150334 56.8104 65.1829
1151084 56.8104 65.2517
1152295 56.8104 65.42
1155258 56.8104 65.4718
1156170 56.8104 66.07
1166699 56.8104 66.2504
1169875 56.8104 66.4455
1173309 56.8104 66.7411
1178512 56.8104 66.9294
1181827 56.8104 67.1924
1186456 56.8104 67.2193
1186930 56.8104 67.384
1189828 56.8104 67.79
1196976 56.8104 67.9671
1200092 56.8104 68.0097
1200842 56.8104 68.2153
1204462 56.8104 68.4731
1208999 56.8104 68.5428
1210227 56.8104 68.5877
1211016 56.8104 68.6687
1212443 56.8104 68.8986
1216489 56.8104 69.2817
1223232 56.8104 69.3252
1223999 56.8104 69.3373
1224212 56.8104 69.3489
1224416 56.8104 69.3805
1224972 56.8104 69.8498
1233232 56.8104 70.1787
1239022 56.8104 70.7003
1248203 56.8104 70.9556
1252697 56.8104 71.1438
1256011 56.8104 71.2345
1257607 56.8104 71.3855
1260264 56.8104 71.6525
1264965 56.8104 71.7073
1265929 56.8104 72.9372
1287578 56.8104 72.9809
1288347 56.8104 73.1732
1291732 56.8104 73.1819
1291886 56.8104 73.5448
1298274 56.8104 73.5515
1298391 56.8104 73.9978
1306248 56.8104 74.1417
1308780 56.8104 74.2131
1310037 56.8104 74.3872
1313102 56.8104 74.5897
1316667 56.8104 74.6023
1316889 56.8104 74.7048
1318692 56.8104 74.7282
1319104 56.8104 74.7553
1319581 56.8104 74.9111
1322324 56.8104 75.0533
1324827 56.8104 75.1772
1327007 56.8104 75.2575
1328422 56.8104 75.3026
1329216 56.8104 75.3094
1329335 56.8104 75.6911
1336053 56.8104 75.7782
1337587 56.8104 75.8559
1338954 56.8104 75.8674
1339157 56.8104 75.9591
1340772 56.8104 76.0497
1342366 56.8104 76.1399
1343954 56.8104 76.1422
1343995 56.8104 76.1774
1344614 56.8104 76.2433
1345773 56.8104 76.269
1346227 56.8104 76.3657
1347928 56.8104 76.5618
1351380 56.8104 76.7099
1353987 56.8104 76.7383
1354487 56.8104 76.8991
1357318 56.8104 77.4572
1367141 56.8104 77.4755
1367463 56.8104 77.4833
1367600 56.8104 77.8447
1373962 56.8104 77.8997
1374931 56.8104 78.5249
1385935 56.8104 78.6254
1387704 56.8104 78.6378
1387922 56.8104 79.0735
1395592 56.8104 79.099
1396041 56.8104 79.4714
1402596 56.8104 79.5555
1404077 56.8104 79.5767
1404450 56.8104 79.6015
1404887 56.8104 79.6196
1405205 56.8104 80.0717
1413163 56.8104 80.2448
1416210 56.8104 80.3822
1418628 56.8104 80.4369
1419592 56.8104 80.7038
1424290 56.8104 80.7256
1424673 56.8104 80.9297
1428265 56.8104 81.106
1431369 56.8104 81.2776
1434389 56.8104 81.6519
1440979 56.8104 81.9615
1446428 56.8104 82.0152
1447374 56.8104 82.2393
1451318 56.8104 82.4017
1454176 56.8104 82.489
1455714 56.8104 82.7416
1460159 56.8104 83.4217
1472131 56.8104 83.6183
1475592 56.8104 83.6322
1475836 56.8104 83.7829
1478489 56.8104 83.7947
1478697 56.8104 83.9175
1480858 56.8104 83.9265
1481016 56.8104 83.9427
1481301 56.8104 84.0289
1482819 56.8104 84.0429
1483066 56.8104 84.1926
1485701 56.8104 84.2881
1487382 56.8104 84.3408
1488309 56.8104 84.5347
1491722 56.8104 84.6032
1492928 56.8104 84.6618
1493959 56.8104 84.6887
1494433 56.8104 84.69
1494457 56.8104 85.1888
1503237 56.8104 85.3577
1506209 56.8104 85.7084
1512382 56.8104 85.9365
1516397 56.8104 86.029
1518026 56.8104 86.2023
1521076 56.8104 86.2987
1522773 56.8104 86.385
1524292 56.8104 86.4042
1524631 56.8104 86.5966
1528017 56.8104 86.7808
1531259 56.8104 86.9353
1533978 56.8104 87.0089
1535274 56.8104 87.0108
1535308 56.8104 87.1575
1537890 56.8104 87.634
1546278 56.8104 87.6738
1546978 56.8104 87.8188
1549531 56.8104 88.2901
1557826 56.8104 88.2942
1557898 56.8104 88.483
1561222 56.8104 88.5105
1561706 56.8104 88.5691
1562738 56.8104 88.5754
1562849 56.8104 88.8427
1567553 56.8104 88.9276
1569048 56.8104 89.1421
1572823 56.8104 89.2019
1573876 56.8104 89.334
1576201 56.8104 89.7634
1583760 56.8104 89.8357
1585033 56.8104 90.0441
1588701 56.8104 90.1105
1589870 56.8104 90.2642
1592575 56.8104 90.623
1598892 56.8104 90.6359
1599119 56.8104 90.7607
1601316 56.8104 90.8223
1602400 56.8104 90.9292
1604282 56.8104 90.9737
1605065 56.8104 91.0107
1605715 56.8104 91.1302
1607819 56.8104 91.1904
1608879 56.8104 91.2593
1610092 56.8104 91.3333
1611394 56.8104 91.3395
1611504 56.8104 91.5479
1615171 56.8104 91.638
1616757 56.8104 91.7835
1619319 56.8104 91.8959
1621297 56.8104 92.1085
1625040 56.8104 92.263
1627759 56.8104 92.4497
1631046 56.8104 92.5678
1633125 56.8104 92.6072
1633818 56.8104 92.8891
1638781 56.8104 92.997
1640679 56.8104 93.1034
1642553 56.8104 93.1328
1643069 56.8104 93.1337
1643085 56.8104 93.2187
1644582 56.8104 93.2465
1645071 56.8104 93.4978
1649495 56.8104 93.7044
1653132 56.8104 93.7428
1653807 56.8104 93.869
1656029 56.8104 93.9614
1657655 56.8104 94.2555
1662832 56.8104 94.4404
1666086 56.8104 94.4736
1666671 56.8104 94.6359
1669528 56.8104 94.7233
1671067 56.8104 95.0246
1676370 56.8104 95.1007
1677710 56.8104 95.1116
1677901 56.8104 95.3066
1681334 56.8104 95.7234
1688670 56.8104 95.798
1689983 56.8104 96.2509
1697956 56.8104 96.2991
1698805 56.8104 96.3482
1699669 56.8104 96.4689
1701794 56.8104 96.5528
1703270 56.8104 96.788
1707411 56.8104 96.898
1709347 56.8104 96.9422
1710125 56.8104 97.4615
1719266 56.8104 97.4928
1719817 56.8104 97.5348
1720555 56.8104 97.6633
1722818 56.8104 97.6694
1722925 56.8104 98.0825
1730197 56.8104 98.2431
1733023 56.8104 98.2823
1733713 56.8104 98.3128
1734251 56.8104 98.3546
1734987 56.8104 98.4498
1736662 56.8104 98.5745
1738857 56.8104 98.5855
1739050 56.8104 98.6
1739306 56.8104 98.6148
1739567 56.8104 98.6186
1739634 56.8104 98.7658
1742225 56.8104 98.8474
1743660 56.8104 98.8596
1743876 56.8104 98.8652
1743974 56.8104 98.9416
1745319 56.8104 99.036
1746981 56.8104 99.1115
1748310 56.8104 99.3293
1752144 56.8104 99.5386
1755827 56.8104 99.7105
1758853 56.8104 99.7125
1758889 56.8104 99.739
1759355 56.8104 99.8339
1761025 56.8104 99.913
1762418 56.8104 100.011
1764150 56.8104 100.027
1764420 56.8104 100.483
1772457 56.8104 100.574
1774046 56.8104 100.679
1775905 56.8104 100.689
1776073 56.8104 100.988
1781335 56.8104 101.486
1790101 56.8104 101.545
1791146 56.8104 101.683
1793581 56.8104 101.727
1794350 56.8104 101.959
1798432 56.8104 102.602
1809742 56.8104 102.613
1809946 56.8104 102.665
1810853 56.8104 102.782
1812912 56.8104 102.793
1813120 56.8104 102.895
1814911 56.8104 103.131
1819069 56.8104 103.421
1824159 56.8104 103.568
1826763 56.8104 103.707
1829204 56.8104 103.762
1830171 56.8104 103.965
1833742 56.8104 104.172
1837393 56.8104 104.311
1839835 56.8104 104.365
1840789 56.8104 104.699
1846658 56.8104 104.771
1847935 56.8104 104.808
1848578 56.8104 104.818
1848749 56.8104 104.987
1851740 56.8104 105.098
1853685 56.8104 105.215
1855743 56.8104 105.388
1858792 56.8104 105.421
1859379 56.8104 105.422
1859382 56.8104 105.516
1861041 56.8104 105.594
1862422 56.8104 105.84
1866739 56.8104 105.907
1867922 56.8104 105.938
1868465 56.8104 105.948
1868653 56.8104 105.997
1869513 56.8104 107.01
1887338 56.8104 107.021
1887535 56.8104 107.224
1891113 56.8104 107.289
1892258 56.8104 107.378
1893824 56.8104 107.402
1894235 56.8104 107.608
1897876 56.8104 107.754
1900439 56.8104 108.312
1910260 56.8104 108.429
1912323 56.8104 108.876
1920196 56.8104 109.035
1922995 56.8104 109.142
1924877 56.8104 109.422
1929795 56.8104 109.759
1935738 56.8104 109.806
1936554 56.8104 109.85
1937335 56.8104 110.004
1940048 56.8104 110.061
1941041 56.8104 110.107
1941855 56.8104 110.224
1943909 56.8104 110.561
1949854 56.8104 110.633
1951122 56.8104 110.959
1956853 56.8104 110.964
1956940 56.8104 111.076
1958917 56.8104 111.721
1970259 56.8104 111.864
1972776 56.8104 111.89
1973243 56.8104 112.181
1978365 56.8104 112.262
1979795 56.8104 112.289
1980274 56.8104 112.307
1980575 56.8104 112.326
1980913 56.8104 112.392
1982080 56.8104 112.466
1983374 56.8104 112.572
1985255 56.8104 112.702
1987529 56.8104 113.028
1993265 56.8104 113.128
1995041 56.8104 113.166
1995710 56.8104 113.225
1996733 56.8104 113.249
1997165 56.8104 113.256
1997288 56.8104 113.688
2004885 56.8104 113.73
2005629 56.8104 113.76
2006165 56.8104 114.08
2011790 56.8104 114.232
2014472 56.8104 114.259
2014943 56.8104 114.717
2022998 56.8104 114.809
2024624 56.8104 115.463
2036143 56.8104 115.576
2038133 56.8104 115.596
2038485 56.8104 115.804
2042138 56.8104 116.075
2046907 56.8104 116.182
2048799 56.8104 116.236
2049748 56.8104 116.469
2053850 56.8104 116.5
2054396 56.8104 116.76
2058963 56.8104 116.802
2059707 56.8104 116.836
2060307 56.8104 116.892
2061287 56.8104 116.955
2062391 56.8104 116.955
2062407 56.8104 117.143
2065700 56.8104 117.184
2066432 56.8104 117.438
2070893 56.8104 117.487
2071759 56.8104 117.674
2075048 56.8104 117.794
2077167 56.8104 117.813
2077504 56.8104 118.039
2081478 56.8104 118.055
2081764 56.8104 118.123
2082956 56.8104 118.245
2085110 56.8104 118.264
2085446 56.8104 118.293
2085953 56.8104 118.34
2086778 56.8104 118.441
2088548 56.8104 118.489
2089406 56.8104 118.548
2090447 56.8104 118.709
2093272 56.8104 118.757
2094123 56.8104 119.349
2104544 56.8104 119.691
2110563 56.8104 119.743
2111468 56.8104 120.969
2133062 56.8104 121.022
2133993 56.8104 121.235
2137740 56.8104 121.238
2137783 56.8104 121.511
2142599 56.8104 121.587
2143941 56.8104 121.69
2145742 56.8104 121.78
2147329 56.8104 122.221
2155100 56.8104 122.27
2155947 56.8104 122.354
2157425 56.8104 122.405
2158335 56.8104 122.445
2159036 56.8104 122.89
2166874 56.8104 122.932
2167611 56.8104 122.949
2167914 56.8104 123.009
2168955 56.8104 123.016
2169086 56.8104 123.063
2169922 56.8104 123.281
2173743 56.8104 123.66
2180420 56.8104 123.861
2183963 56.8104 124.01
2186583 56.8104 124.177
2189523 56.8104 124.446
2194264 56.8104 124.498
2195182 56.8104 124.809
2200652 56.8104 125.097
2205716 56.8104 125.276
2208867 56.8104 125.705
2216424 56.8104 125.78
2217742 56.8104 125.815
2218355 56.8104 125.827
2218566 56.8104 125.966
2221018 56.8104 125.981
2221271 56.8104 126.045
2222408 56.8104 126.301
2226911 56.8104 126.76
2234986 56.8104 126.781
2235367 56.8104 126.883
2237149 56.8104 126.913
2237685 56.8104 127.02
2239575 56.8104 127.091
2240812 56.8104 127.265
2243872 56.8104 127.352
2245416 56.8104 127.409
2246416 56.8104 127.556
2249003 56.8104 127.753
2252465 56.8104 127.757
2252538 56.8104 128.105
2258661 56.8104 128.379
2263493 56.8104 128.42
2264205 56.8104 128.535
2266228 56.8104 128.622
2267760 56.8104 129.01
2274591 56.8104 129.156
2277161 56.8104 129.161
2277252 56.8104 129.335
2280322 56.8104 129.555
2284181 56.8104 129.708
2286879 56.8104 130.096
2293713 56.8104 130.859
2307135 56.8104 131.019
2309965 56.8104 131.167
2312556 56.8104 131.256
2314127 56.8104 131.309
2315058 56.8104 131.655
2321152 56.8104 131.73
2322470 56.8104 131.9
2325459 56.8104 132.084
2328702 56.8104 132.185
2330483 56.8104 132.239
2331428 56.8104 132.243
2331510 56.8104 132.293
2332376 56.8104 132.348
2333360 56.8104 132.397
2334211 56.8104 132.606
2337899 56.8104 132.973
2344354 56.8104 132.981
2344503 56.8104 133.21
2348519 56.8104 133.294
2349996 56.8104 133.982
2362122 56.8104 134.214
2366191 56.8104 134.35
2368600 56.8104 134.501
2371248 56.8104 134.516
2371506 56.8104 134.839
2377200 56.8104 134.869
2377734 56.8104 135.233
2384129 56.8104 135.46
2388136 56.8104 135.593
2390476 56.8104 136.031
2398175 56.8104 136.155
2400364 56.8104 136.242
2401888 56.8104 136.303
2402967 56.8104 136.548
2407278 56.8104 136.604
2408266 56.8104 136.681
2409618 56.8104 136.847
2412545 56.8104 137.022
2415618 56.8104 137.033
2415826 56.8104 137.11
2417169 56.8104 137.156
2417983 56.8104 137.484
2423760 56.8104 138.119
2434933 56.8104 138.125
2435049 56.8104 138.227
2436843 56.8104 138.274
2437660 56.8104 138.394
2439772 56.8104 138.453
2440818 56.8104 138.72
2445521 56.8104 138.8
2446918 56.8104 138.883
2448385 56.8104 139.06
2451502 56.8104 139.115
2452474 56.8104 139.185
2453698 56.8104 139.427
2457954 56.8104 139.533
2459819 56.8104 139.822
2464914 56.8104 139.861
2465606 56.8104 140.53
2477375 56.8104 140.773
2481659 56.8104 140.778
2481734 56.8104 140.847
2482948 56.8104 140.924
2484306 56.8104 141.034
2486254 56.8104 141.251
2490064 56.8104 141.259
2490210 56.8104 141.45
2493564 56.8104 141.492
2494304 56.8104 141.597
2496164 56.8104 141.861
2500812 56.8104 143.108
2522759 56.8104 143.13
2523137 56.8104 143.237
2525019 56.8104 143.354
2527076 56.8104 143.52
2530011 56.8104 143.627
2531893 56.8104 143.901
2536721 56.8104 143.995
2538370 56.8104 144.126
2540682 56.8104 144.426
2545957 56.8104 144.93
2554828 56.8104 144.935
2554921 56.8104 144.954
2555243 56.8104 144.989
2555870 56.8104 145.003
2556119 56.8104 145.059
2557095 56.8104 145.626
2567079 56.8104 145.642
2567353 56.8104 146.051
2574550 56.8104 146.07
2574901 56.8104 146.217
2577483 56.8104 146.285
2578678 56.8104 146.767
2587161 56.8104 146.982
2590954 56.8104 147.025
2591704 56.8104 147.296
2596477 56.8104 147.302
2596573 56.8104 147.936
2607741 56.8104 147.956
2608089 56.8104 147.972
2608367 56.8104 148.038
2609529 56.8104 148.174
2611935 56.8104 148.247
2613222 56.8104 148.536
2618295 56.8104 148.74
2621893 56.8104 148.894
2624610 56.8104 149.052
2627376 56.8104 149.174
2629538 56.8104 149.244
2630769 56.8104 149.248
2630835 56.8104 149.608
2637163 56.8104 150.47
2652347 56.8104 150.68
2656033 56.8104 150.833
2658726 56.8104 151.524
2670905 56.8104 151.683
2673696 56.8104 151.735
2674602 56.8104 151.97
2678748 56.8104 152.021
2679644 56.8104 152.332
2685117 56.8104 152.539
2688762 56.8104 152.651
2690737 56.8104 152.861
2694431 56.8104 153.088
2698423 56.8104 153.298
2702117 56.8104 153.438
2704595 56.8104 153.579
2707067 56.8104 153.799
2710950 56.8104 153.946
2713533 56.8104 154.127
2716714 56.8104 154.136
2716880 56.8104 154.225
2718448 56.8104 154.293
2719636 56.8104 154.304
2719832 56.8104 154.365
2720899 56.8104 154.906
2730434 56.8104 155.052
2732992 56.8104 155.134
2734438 56.8104 155.369
2738580 56.8104 155.493
2740753 56.8104 155.597
2742587 56.8104 155.607
2742765 56.8104 155.691
2744248 56.8104 155.755
2745364 56.8104 155.778
2745779 56.8104 156.098
2751414 56.8104 156.145
2752243 56.8104 156.34
2755668 56.8104 156.7
2762011 56.8104 156.85
2764640 56.8104 157.377
2773916 56.8104 157.417
2774634 56.8104 157.527
2776566 56.8104 157.726
2780068 56.8104 158.031
2785443 56.8104 158.202
2788444 56.8104 158.24
2789121 56.8104 158.615
2795718 56.8104 158.932
2801303 56.8104 158.96
2801791 56.8104 159.167
2805434 56.8104 159.55
2812176 56.8104 159.756
2815797 56.8104 159.991
2819933 56.8104 160.154
2822797 56.8104 160.97
2837166 56.8104 161.134
2840052 56.8104 161.146
2840271 56.8104 161.381
2844403 56.8104 161.543
2847261 56.8104 161.641
2848972 56.8104 161.643
2849018 56.8104 161.719
2850356 56.8104 161.864
2852897 56.8104 161.885
2853279 56.8104 161.947
2854361 56.8104 162.068
2856494 56.8104 162.171
2858310 56.8104 162.234
2859420 56.8104 162.385
2862082 56.8104 162.387
2862108 56.8104 162.534
2864704 56.8104 162.838
2870056 56.8104 163.173
2875947 56.8104 163.238
2877084 56.8104 163.405
2880027 56.8104 163.461
2881016 56.8104 163.508
2881844 56.8104 164.112
2892483 56.8104 164.255
2895000 56.8104 164.583
2900774 56.8104 164.686
2902575 56.8104 164.707
2902951 56.8104 164.74
2903533 56.8104 164.745
2903619 56.8104 164.815
2904854 56.8104 165.05
2908983 56.8104 165.157
2910866 56.8104 165.476
2916478 56.8104 165.52
2917254 56.8104 165.624
2919095 56.8104 165.897
2923890 56.8104 166.145
2928258 56.8104 166.151
2928368 56.8104 166.167
2928648 56.8104 166.23
2929760 56.8104 166.467
2933923 56.8104 166.615
2936533 56.8104 166.866
2940959 56.8104 166.935
2942176 56.8104 166.991
2943158 56.8104 167.038
2943988 56.8104 167.219
2947159 56.8104 167.334
2949187 56.8104 167.493
2951985 56.8104 167.528
2952606 56.8104 167.705
2955718 56.8104 167.807
2957515 56.8104 167.81
2957565 56.8104 167.915
2959421 56.8104 168.143
2963427 56.8104 168.2
2964427 56.8104 168.328
2966691 56.8104 168.54
2970412 56.8104 168.682
2972918 56.8104 168.708
2973373 56.8104 168.748
2974086 56.8104 168.76
2974285 56.8104 168.774
2974531 56.8104 168.821
2975370 56.8104 168.917
2977064 56.8104 169.056
2979507 56.8104 169.572
2988592 56.8104 169.855
2993571 56.8104 170.104
2997941 56.8104 170.272
3000915 56.8104 170.431
3003714 56.8104 170.505
3005005 56.8104 170.51
3005091 56.8104 170.636
3007311 56.8104 170.729
3008944 56.8104 170.829
3010715 56.8104 171.153
3016415 56.8104 171.178
3016852 56.8104 171.538
3023192 56.8104 171.601
3024308 56.8104 172.083
3032782 56.8104 172.156
3034063 56.8104 172.175
3034407 56.8104 172.474
3039659 56.8104 172.68
3043291 56.8104 172.722
3044032 56.8104 172.735
3044266 56.8104 173.08
3050332 56.8104 173.103
3050740 56.8104 173.214
3052687 56.8104 173.92
3065114 56.8104 173.986
3066281 56.8104 174.078
3067898 56.8104 174.224
3070465 56.8104 174.425
3074001 56.8104 174.429
3074079 56.8104 174.596
3077015 56.8104 174.692
3078718 56.8104 174.791
3080445 56.8104 174.87
3081848 56.8104 175.081
3085565 56.8104 175.09
3085715 56.8104 175.126
3086353 56.8104 175.238
3088316 56.8104 175.445
3091972 56.8104 175.554
3093875 56.8104 175.759
3097488 56.8104 175.783
3097908 56.8104 175.829
3098725 56.8104 175.886
3099726 56.8104 175.914
3100221 56.8104 176.294
3106905 56.8104 176.389
3108576 56.8104 176.72
3114407 56.8104 176.918
3117890 56.8104 177.268
3124053 56.8104 177.46
3127437 56.8104 177.481
3127802 56.8104 177.519
3128473 56.8104 177.798
3133374 56.8104 177.819
3133756 56.8104 177.843
3134175 56.8104 178.019
3137272 56.8104 178.037
3137586 56.8104 178.566
3146907 56.8104 178.578
3147118 56.8104 178.594
3147396 56.8104 178.633
3148080 56.8104 179.076
3155883 56.8104 179.599
3165092 56.8104 180.518
3181258 56.8104 181.369
3196241 56.8104 181.413
3197013 56.8104 181.418
3197095 56.8104 181.657
3201318 56.8104 181.765
3203214 56.8104 181.965
3206735 56.8104 182.2
3210864 56.8104 182.337
3213273 56.8104 182.341
3213346 56.8104 182.488
3215933 56.8104 182.536
3216778 56.8104 182.561
3217230 56.8104 182.597
3217849 56.8104 182.686
3219426 56.8104 183.016
3225240 56.8104 183.869
3240255 56.8104 184.468
3250787 56.8104 184.668
3254318 56.8104 184.814
3256876 56.8104 184.831
3257173 56.8104 185.12
3262261 56.8104 185.318
3265759 56.8104 185.616
3270991 56.8104 185.635
3271329 56.8104 185.649
3271575 56.8104 185.651
3271606 56.8104 185.84
3274938 56.8104 185.947
3276820 56.8104 186.062
3278849 56.8104 186.097
3279468 56.8104 186.333
3283619 56.8104 186.351
3283941 56.8104 186.46
3285854 56.8104 186.58
3287965 56.8104 186.701
3290098 56.8104 186.861
3292911 56.8104 187.361
3301708 56.8104 187.441
3303117 56.8104 187.466
3303564 56.8104 187.575
3305488 56.8104 187.665
3307064 56.8104 187.835
3310060 56.8104 187.882
3310884 56.8104 187.9
3311199 56.8104 187.909
3311364 56.8104 188.19
3316301 56.8104 188.41
3320173 56.8104 188.439
3320689 56.8104 188.498
3321723 56.8104 188.546
3322565 56.8104 188.606
3323627 56.8104 188.722
3325667 56.8104 188.753
3326217 56.8104 188.968
3329995 56.8104 189.009
3330727 56.8104 189.028
3331066 56.8104 189.071
3331814 56.8104 189.194
3333972 56.8104 189.669
3342348 56.8104 190.035
3348777 56.8104 190.107
3350043 56.8104 190.159
3350966 56.8104 190.268
3352886 56.8104 190.401
3355227 56.8104 190.422
3355591 56.8104 190.557
3357963 56.8104 190.562
3358054 56.8104 190.58
3358369 56.8104 190.676
3360072 56.8104 190.848
3363091 56.8104 190.927
3364478 56.8104 190.945
3364809 56.8104 191.523
3374983 56.8104 191.561
3375653 56.8104 191.636
3376959 56.8104 192.033
3383945 56.8104 192.659
3394966 56.8104 192.968
3400413 56.8104 193.199
3404470 56.8104 193.256
3405482 56.8104 193.307
3406380 56.8104 193.405
3408103 56.8104 193.823
3415463 56.8104 193.914
3417061 56.8104 194.035
3419197 56.8104 194.852
3433574 56.8104 194.991
3436027 56.8104 195.054
3437136 56.8104 195.134
3438535 56.8104 195.15
3438814 56.8104 195.309
3441615 56.8104 195.332
3442027 56.8104 195.431
3443761 56.8104 195.517
3445281 56.8104 195.624
3447172 56.8104 195.627
3447208 56.8104 195.637
3447388 56.8104 195.956
3453008 56.8104 196.68
3465758 56.8104 196.795
3467776 56.8104 197.234
3475498 56.8104 197.273
3476197 56.8104 197.397
3478378 56.8104 197.529
3480703 56.8104 197.937
3487886 56.8104 198.317
3494565 56.8104 198.553
3498725 56.8104 198.666
3500710 56.8104 198.823
3503471 56.8104 199.482
3515079 56.8104 199.521
3515758 56.8104 199.639
3517839 56.8104 199.813
3520899 56.8104 199.927
3522913 56.8104 199.978
3523803 56.8104 200.654
3535701 56.8104 200.791
3538119 56.8104 200.834
3538866 56.8104 201.069
3543003 56.8104 201.172
3544829 56.8104 201.178
3544920 56.8104 201.311
3547260 56.8104 201.33
3547601 56.8104 201.458
3549862 56.8104 201.471
3550088 56.8104 201.795
3555795 56.8104 201.897
3557577 56.8104 201.927
3558110 56.8104 202.009
3559555 56.8104 202.247
3563751 56.8104 202.454
3567387 56.8104 202.602
3569996 56.8104 202.608
3570091 56.8104 202.838
3574145 56.8104 203.055
3577969 56.8104 203.27
3581751 56.8104 203.32
3582634 56.8104 203.52
3586154 56.8104 203.759
3590355 56.8104 203.796
3591005 56.8104 203.886
3592589 56.8104 203.951
3593744 56.8104 204.289
3599687 56.8104 204.447
3602467 56.8104 204.449
3602508 56.8104 204.464
3602762 56.8104 204.624
3605587 56.8104 204.713
3607144 56.8104 204.785
3608411 56.8104 205.021
3612573 56.8104 205.085
3613699 56.8104 205.471
3620498 56.8104 205.699
3624503 56.8104 205.871
3627538 56.8104 205.938
3628717 56.8104 206.279
3634725 56.8104 206.287
3634864 56.8104 206.396
3636768 56.8104 206.562
3639703 56.8104 206.94
3646347 56.8104 207.232
3651493 56.8104 207.433
3655039 56.8104 207.657
3658970 56.8104 207.716
3660012 56.8104 207.716
3660016 56.8104 207.751
3660620 56.8104 207.808
3661626 56.8104 207.839
3662183 56.8104 208.161
3667848 56.8104 208.269
3669743 56.8104 208.538
3674488 56.8104 208.59
3675401 56.8104 208.691
3677182 56.8104 208.815
3679352 56.8104 209.012
3682819 56.8104 209.082
3684065 56.8104 209.256
3687119 56.8104 209.349
3688752 56.8104 209.978
3699832 56.8104 210.118
3702286 56.8104 210.121
3702338 56.8104 210.14
3702681 56.8104 210.188
3703521 56.8104 211.101
3719590 56.8104 211.175
3720893 56.8104 211.247
3722174 56.8104 211.775
3731460 56.8104 212.182
3738618 56.8104 212.439
3743143 56.8104 212.548
3745066 56.8104 212.662
3747082 56.8104 212.668
3747184 56.8104 212.789
3749317 56.8104 213.06
3754071 56.8104 213.246
3757352 56.8104 213.505
3761915 56.8104 213.534
3762427 56.8104 213.864
3768229 56.8104 214.163
3773502 56.8104 214.256
3775123 56.8104 214.385
3777404 56.8104 214.414
3777914 56.8104 214.823
3785119 56.8104 214.968
3787662 56.8104 215.138
3790652 56.8104 215.205
3791830 56.8104 215.416
3795546 56.8104 215.511
3797224 56.8104 215.528
3797526 56.8104 215.93
3804591 56.8104 216.196
3809279 56.8104 216.225
3809795 56.8104 216.456
3813851 56.8104 216.504
3814709 56.8104 216.619
3816725 56.8104 216.627
3816866 56.8104 216.663
3817496 56.8104 216.759
3819197 56.8104 216.883
3821375 56.8104 217.436
3831112 56.8104 217.469
3831686 56.8104 217.487
3832001 56.8104 217.912
3839485 56.8104 218.113
3843027 56.8104 218.232
3845114 56.8104 218.376
3847645 56.8104 218.4
3848069 56.8104 218.454
3849029 56.8104 218.515
3850105 56.8104 218.9
3856875 56.8104 218.934
3857483 56.8104 218.996
3858563 56.8104 219.327
3864389 56.8104 219.331
3864469 56.8104 219.357
3864923 56.8104 219.552
3868350 56.8104 219.561
3868517 56.8104 219.612
3869405 56.8104 219.677
3870554 56.8104 219.687
3870732 56.8104 219.891
3874325 56.8104 219.895
3874385 56.8104 220.03
3876766 56.8104 220.081
3877666 56.8104 220.285
3881265 56.8104 220.339
3882202 56.8104 220.37
3882756 56.8104 220.429
3883786 56.8104 220.449
3884140 56.8104 220.471
3884534 56.8104 220.507
3885160 56.8104 220.752
3889485 56.8104 220.982
3893534 56.8104 221.324
3899538 56.8104 221.374
3900417 56.8104 221.549
3903503 56.8104 221.74
3906870 56.8104 221.908
3909821 56.8104 222.077
3912793 56.8104 222.211
3915150 56.8104 222.243
3915715 56.8104 222.257
3915977 56.8104 222.261
3916036 56.8104 222.294
3916614 56.8104 222.319
3917052 56.8104 222.43
3919013 56.8104 222.459
3919519 56.8104 222.676
3923338 56.8104 222.909
3927452 56.8104 223.016
3929329 56.8104 223.238
3933240 56.8104 223.323
3934729 56.8104 223.92
3945244 56.8104 223.93
3945424 56.8104 224.032
3947217 56.8104 224.05
3947533 56.8104 224.069
3947860 56.8104 224.108
3948554 56.8104 224.157
3949419 56.8104 224.235
3950781 56.8104 224.34
3952628 56.8104 224.417
3953989 56.8104 224.51
3955618 56.8104 224.806
3960842 56.8104 224.811
3960933 56.8104 224.837
3961386 56.8104 224.873
3962021 56.8104 224.904
3962556 56.8104 224.995
3964165 56.8104 225.04
3964950 56.8104 225.396
3971226 56.8104 225.413
3971521 56.8104 225.433
3971876 56.8104 225.525
3973496 56.8104 225.777
3977925 56.8104 226.133
3984198 56.8104 226.204
3985445 56.8104 226.24
3986077 56.8104 226.244
3986156 56.8104 226.468
3990097 56.8104 226.528
3991150 56.8104 226.61
3992592 56.8104 226.781
3995608 56.8104 227.099
4001202 56.8104 227.289
4004545 56.8104 227.459
4007534 56.8104 227.482
4007936 56.8104 227.907
4015415 56.8104 227.941
4016029 56.8104 228.052
4017979 56.8104 228.096
4018755 56.8104 228.304
4022419 56.8104 228.487
4025634 56.8104 228.522
4026250 56.8104 228.529
4026372 56.8104 228.612
4027824 56.8104 228.751
4030280 56.8104 228.804
4031203 56.8104 228.874
4032446 56.8104 228.95
4033774 56.8104 229.004
4034733 56.8104 229.068
4035856 56.8104 229.089
4036237 56.8104 229.125
4036866 56.8104 229.218
4038507 56.8104 229.445
4042487 56.8104 229.477
4043065 56.8104 229.481
4043133 56.8104 229.54
4044159 56.8104 229.65
4046100 56.8104 229.963
4051608 56.8104 230.36
4058608 56.8104 230.877
4067706 56.8104 231.11
4071804 56.8104 231.379
4076537 56.8104 231.599
4080411 56.8104 231.656
4081421 56.8104 231.735
4082799 56.8104 231.785
4083676 56.8104 231.923
4086116 56.8104 232.172
4090492 56.8104 232.418
4094830 56.8104 232.543
4097025 56.8104 232.621
4098407 56.8104 232.628
4098532 56.8104 232.649
4098898 56.8104 232.812
4101766 56.8104 233.114
4107077 56.8104 233.618
4115945 56.8104 233.842
4119893 56.8104 233.872
4120412 56.8104 233.958
4121929 56.8104 234.084
4124155 56.8104 234.486
4131222 56.8104 234.643
4133987 56.8104 234.712
4135207 56.8104 234.729
4135511 56.8104 234.9
4138517 56.8104 235.142
4142780 56.8104 235.17
4143266 56.8104 235.262
4144885 56.8104 235.361
4146630 56.8104 235.537
4149722 56.8104 235.554
4150032 56.8104 235.59
4150665 56.8104 235.94
4156820 56.8104 235.946
4156923 56.8104 235.97
4157344 56.8104 236.172
4160905 56.8104 236.251
4162292 56.8104 237.199
4178979 56.8104 237.216
4179278 56.8104 237.501
4184299 56.8104 237.652
4186966 56.8104 237.802
4189593 56.8104 237.82
4189907 56.8104 238.013
4193315 56.8104 238.314
4198609 56.8104 238.475
4201446 56.8104 238.873
4208457 56.8104 239.063
4211796 56.8104 239.242
4214947 56.8104 239.393
4217597 56.8104 239.413
4217962 56.8104 239.606
4221346 56.8104 239.629
4221764 56.8104 239.731
4223556 56.8104 239.842
4225514 56.8104 240.147
4230868 56.8104 240.305
4233652 56.8104 240.443
4236082 56.8104 241.117
4247956 56.8104 241.164
4248783 56.8104 241.474
4254243 56.8104 241.905
4261821 56.8104 242.019
4263831 56.8104 242.08
4264896 56.8104 242.157
4266252 56.8104 242.179
4266648 56.8104 242.361
4269852 56.8104 242.452
4271455 56.8104 242.508
4272436 56.8104 242.693
4275692 56.8104 242.734
4276414 56.8104 243.007
4281216 56.8104 243.007
4281224 56.8104 243.087
4282620 56.8104 243.721
4293780 56.8104 243.821
4295546 56.8104 244.24
4302925 56.8104 244.349
4304843 56.8104 244.358
4305002 56.8104 244.52
4307848 56.8104 244.596
4309197 56.8104 244.826
4313229 56.8104 244.84
4313484 56.8104 245.369
4322788 56.8104 245.377
4322943 56.8104 245.476
4324679 56.8104 245.494
4324988 56.8104 245.658
4327876 56.8104 245.97
4333379 56.8104 246.111
4335860 56.8104 246.327
4339663 56.8104 246.652
4345374 56.8104 246.664
4345590 56.8104 246.807
4348101 56.8104 247.007
4351635 56.8104 247.282
4356463 56.8104 247.399
4358530 56.8104 247.53
4360843 56.8104 247.776
4365168 56.8104 247.848
4366431 56.8104 247.942
4368084 56.8104 248.176
4372205 56.8104 248.251
4373530 56.8104 248.358
4375410 56.8104 248.549
4378763 56.8104 248.607
4379798 56.8104 248.813
4383422 56.8104 248.83
4383718 56.8104 248.837
4383847 56.8104 248.954
4385903 56.8104 248.955
4385923 56.8104 248.971
4386195 56.8104 249
4386716 56.8104 249.005
4386800 56.8104 249.077
4388066 56.8104 249.092
4388323 56.8104 249.342
4392732 56.8104 249.471
4394996 56.8104 249.564
4396635 56.8104 249.657
4398276 56.8104 249.693
4398915 56.8104 249.857
4401801 56.8104 250.061
4405382 56.8104 250.139
4406755 56.8104 250.524
4413538 56.8104 250.685
4416365 56.8104 250.771
4417879 56.8104 250.893
4420032 56.8104 251.063
4423028 56.8104 251.228
4425928 56.8104 251.406
4429063 56.8104 251.497
4430668 56.8104 251.5
4430715 56.8104 251.586
4432238 56.8104 251.605
4432567 56.8104 251.726
4434695 56.8104 251.74
4434935 56.8104 252.368
4446001 56.8104 252.385
4446288 56.8104 252.459
4447602 56.8104 252.661
4451151 56.8104 252.686
4451584 56.8104 252.835
4454216 56.8104 252.946
4456177 56.8104 253.072
4458381 56.8104 253.138
4459541 56.8104 253.984
4474448 56.8104 253.994
4474613 56.8104 254.035
4475347 56.8104 254.057
4475720 56.8104 254.476
4483105 56.8104 254.589
4485097 56.8104 254.7
4487046 56.8104 254.842
4489548 56.8104 254.91
4490734 56.8104 255.004
4492402 56.8104 255.279
4497228 56.8104 255.585
4502622 56.8104 256.107
4511815 56.8104 256.269
4514668 56.8104 256.318
4515523 56.8104 256.39
4516794 56.8104 256.511
4518921 56.8104 256.601
4520513 56.8104 256.763
4523361 56.8104 257.287
4532574 56.8104 257.541
4537055 56.8104 257.659
4539122 56.8104 257.909
4543522 56.8104 258.191
4548486 56.8104 258.376
4551751 56.8104 259.034
4563330 56.8104 259.095
4564400 56.8104 259.264
4567389 56.8104 259.516
4571815 56.8104 259.78
4576471 56.8104 260.027
4580818 56.8104 260.302
4585652 56.8104 260.454
4588323 56.8104 260.535
4589762 56.8104 260.761
4593735 56.8104 260.772
4593928 56.8104 260.907
4596308 56.8104 260.972
4597445 56.8104 261.437
4605639 56.8104 261.555
4607716 56.8104 261.589
4608301 56.8104 261.795
4611939 56.8104 262.158
4618324 56.8104 262.211
4619251 56.8104 262.281
4620492 56.8104 262.419
4622911 56.8104 262.515
4624608 56.8104 262.525
4624776 56.8104 262.651
4627009 56.8104 262.872
4630891 56.8104 263.083
4634603 56.8104 263.186
4636424 56.8104 263.367
4639608 56.8104 263.586
4643462 56.8104 263.654
4644657 56.8104 263.655
4644679 56.8104 263.84
4647932 56.8104 263.894
4648879 56.8104 264.002
4650774 56.8104 264.288
4655811 56.8104 264.324
4656444 56.8104 264.42
4658146 56.8104 264.441
4658504 56.8104 264.507
4659674 56.8104 264.719
4663407 56.8104 264.76
4664132 56.8104 264.84
4665532 56.8104 264.887
4666364 56.8104 264.901
4666614 56.8104 264.961
4667661 56.8104 264.966
4667745 56.8104 265.082
4669795 56.8104 265.118
4670419 56.8104 265.141
4670825 56.8104 265.41
4675561 56.8104 265.509
4677313 56.8104 265.893
4684073 56.8104 266.667
4697696 56.8104 266.814
4700271 56.8104 266.966
4702961 56.8104 267.041
4704276 56.8104 267.178
4706684 56.8104 267.928
4719888 56.8104 268.096
4722840 56.8104 268.251
4725583 56.8104 268.44
4728900 56.8104 268.74
4734190 56.8104 268.748
4734330 56.8104 268.75
4734356 56.8104 269.016
4739046 56.8104 269.153
4741456 56.8104 269.297
4743989 56.8104 269.324
4744455 56.8104 269.523
4747958 56.8104 269.536
4748185 56.8104 269.538
4748225 56.8104 269.608
4749460 56.8104 269.693
4750959 56.8104 269.806
4752953 56.8104 269.815
4753098 56.8104 269.931
4755138 56.8104 270.138
4758787 56.8104 270.208
4760017 56.8104 270.49
4764993 56.8104 270.578
4766531 56.8104 270.708
4768819 56.8104 270.822
4770829 56.8104 270.877
4771798 56.8104 271.007
4774090 56.8104 271.174
4777030 56.8104 271.21
4777656 56.8104 271.317
4779545 56.8104 271.319
4779582 56.8104 271.486
4782520 56.8104 271.712
4786499 56.8104 272.182
4794768 56.8104 272.615
4802384 56.8104 272.67
4803351 56.8104 273.19
4812508 56.8104 273.287
4814216 56.8104 273.595
4819636 56.8104 273.637
4820378 56.8104 274.155
4829496 56.8104 274.187
4830060 56.8104 274.291
4831901 56.8104 274.453
4834749 56.8104 274.522
4835962 56.8104 274.864
4841987 56.8104 274.955
4843581 56.8104 275.041
4845100 56.8104 275.149
4846991 56.8104 275.23
4848426 56.8104 275.408
4851559 56.8104 275.464
4852547 56.8104 275.757
4857703 56.8104 275.882
4859904 56.8104 275.894
4860101 56.8104 275.908
4860348 56.8104 275.982
4861652 56.8104 276.067
4863151 56.8104 276.107
4863860 56.8104 276.194
4865394 56.8104 276.322
4867651 56.8104 276.48
4870419 56.8104 276.498
4870740 56.8104 276.593
4872413 56.8104 276.614
4872788 56.8104 276.619
4872880 56.8104 276.876
4877388 56.8104 277.103
4881390 56.8104 277.257
4884107 56.8104 277.308
4884993 56.8104 277.374
4886167 56.8104 277.413
4886843 56.8104 277.422
4887012 56.8104 277.427
4887093 56.8104 278.083
4898645 56.8104 278.143
4899706 56.8104 278.232
4901266 56.8104 278.566
4907151 56.8104 278.625
4908180 56.8104 278.832
4911819 56.8104 278.933
4913603 56.8104 278.991
4914631 56.8104 279.38
4921470 56.8104 279.442
4922567 56.8104 279.633
4925922 56.8104 279.673
4926628 56.8104 279.878
4930243 56.8104 280.008
4932525 56.8104 280.203
4935951 56.8104 280.289
4937464 56.8104 281.182
4953185 56.8104 281.433
4957611 56.8104 281.827
4964541 56.8104 281.936
4966469 56.8104 282.337
4973523 56.8104 282.42
4974976 56.8104 282.432
4975203 56.8104 282.722
4980297 56.8104 282.743
4980675 56.8104 283.03
4985726 56.8104 283.085
4986691 56.8104 283.105
4987047 56.8104 283.211
4988909 56.8104 283.323
4990876 56.8104 283.489
4993797 56.8104 283.625
4996187 56.8104 283.708
4997662 56.8104 283.809
