3875	39.3702	0.0540947
5249	39.3702	0.0919688
6211	39.3702	0.127284
7108	39.3702	0.173741
8288	39.3702	0.311418
11785	39.3702	0.445395
15188	39.3702	0.544687
17710	39.3702	0.64268
20199	39.3702	0.765554
23320	39.3702	0.816578
24616	39.3702	0.829255
24938	39.3702	0.85831
25676	39.3702	0.859924
25717	39.3702	1.06477
30920	39.3702	1.09674
31732	39.3702	1.12465
32441	39.3702	1.16406
33442	39.3702	1.18126
33879	39.3702	1.3406
37926	39.3702	1.34339
37997	39.3702	1.3878
39125	39.3702	1.54005
42992	39.3702	1.57107
43780	39.3702	1.71804
47513	39.3702	1.8267
50273	39.3702	1.95536
53541	39.3702	2.2791
61764	39.3702	2.33367
63150	39.3702	2.38395
64427	39.3702	2.41355
65179	39.3702	2.60702
70093	39.3702	2.65336
71270	39.3702	2.66048
71451	39.3702	2.76084
74000	39.3702	2.76497
74105	39.3702	2.9369
78472	39.3702	2.93753
78488	39.3702	2.97143
79349	39.3702	3.31993
88201	39.3702	3.40848
90450	39.3702	3.42734
90929	39.3702	3.44068
91268	39.3702	3.45974
91752	39.3702	3.72864
98582	39.3702	3.74879
99094	39.3702	3.82871
101124	39.3702	3.83757
101349	39.3702	4.08789
107707	39.3702	4.21155
110848	39.3702	4.23151
111355	39.3702	4.2375
111507	39.3702	4.30789
113295	39.3702	4.44013
116654	39.3702	4.44982
116900	39.3702	4.63399
121578	39.3702	4.89836
128293	39.3702	5.19262
135767	39.3702	5.36955
140261	39.3702	5.37648
140437	39.3702	5.47782
143011	39.3702	5.56518
145230	39.3702	5.81309
151527	39.3702	5.94947
154991	39.3702	5.97164
155554	39.3702	6.13829
159787	39.3702	6.23534
162252	39.3702	6.30093
163918	39.3702	6.38727
166111	39.3702	6.39884
166405	39.3702	6.41731
166874	39.3702	6.42766
167137	39.3702	6.54794
170192	39.3702	6.56802
170702	39.3702	6.57156
170792	39.3702	6.61313
171848	39.3702	6.69117
173830	39.3702	6.86762
178312	39.3702	6.88365
178719	39.3702	7.15983
185734	39.3702	7.20873
186976	39.3702	7.289
189015	39.3702	7.30011
189297	39.3702	7.39369
191674	39.3702	7.44518
192982	39.3702	7.57759
196345	39.3702	7.66404
198541	39.3702	7.88377
204122	39.3702	8.04204
208142	39.3702	8.08932
209343	39.3702	8.1168
210041	39.3702	8.18653
211812	39.3702	8.20349
212243	39.3702	8.25157
213464	39.3702	8.36952
216460	39.3702	8.48999
219520	39.3702	8.49436
219631	39.3702	8.60708
222494	39.3702	8.63145
223113	39.3702	8.81448
227762	39.3702	8.81586
227797	39.3702	8.83062
228172	39.3702	9.08047
234518	39.3702	9.27547
239471	39.3702	9.33976
241104	39.3702	9.36531
241753	39.3702	9.6324
248537	39.3702	9.64
248730	39.3702	10.0318
258681	39.3702	10.1337
261271	39.3702	10.2675
264669	39.3702	10.3008
265515	39.3702	10.3063
265654	39.3702	10.4289
268767	39.3702	10.7421
276723	39.3702	10.7467
276841	39.3702	10.8466
279378	39.3702	11.3861
293081	39.3702	11.442
294501	39.3702	11.5717
297795	39.3702	11.5834
298093	39.3702	11.7287
301784	39.3702	11.7464
302232	39.3702	12.0118
308973	39.3702	12.1463
312390	39.3702	12.3748
318195	39.3702	12.6335
324765	39.3702	12.6341
324781	39.3702	12.8616
330559	39.3702	12.9736
333404	39.3702	13.0367
335005	39.3702	13.1208
337143	39.3702	13.1384
337590	39.3702	13.205
339282	39.3702	13.6756
351235	39.3702	13.7092
352088	39.3702	13.7212
352391	39.3702	13.8771
356352	39.3702	13.9099
357186	39.3702	13.9754
358848	39.3702	14.1393
363011	39.3702	14.1635
363627	39.3702	14.2095
364796	39.3702	14.6976
377192	39.3702	14.8488
381034	39.3702	14.9907
384638	39.3702	15.0151
385257	39.3702	15.0501
386146	39.3702	15.1637
389031	39.3702	15.2561
391378	39.3702	15.2721
391786	39.3702	15.3412
393541	39.3702	15.3762
394430	39.3702	15.4108
395308	39.3702	15.5243
398191	39.3702	15.5694
399337	39.3702	15.6509
401407	39.3702	15.792
404990	39.3702	15.7951
405070	39.3702	15.8222
405758	39.3702	16.0293
411018	39.3702	16.1994
415337	39.3702	16.3122
418204	39.3702	16.3431
418989	39.3702	16.3701
419673	39.3702	16.4482
421657	39.3702	17.3036
443384	39.3702	17.3094
443533	39.3702	17.3199
443798	39.3702	17.325
443928	39.3702	17.3685
445033	39.3702	17.4559
447253	39.3702	17.8489
457236	39.3702	17.8761
457926	39.3702	18.1427
464698	39.3702	18.1549
465007	39.3702	18.3087
468913	39.3702	18.3886
470944	39.3702	18.4056
471376	39.3702	18.5718
475598	39.3702	18.6727
478161	39.3702	18.6775
478281	39.3702	19.0272
487163	39.3702	19.3705
495884	39.3702	19.5733
501034	39.3702	19.6037
501807	39.3702	19.655
503110	39.3702	19.7425
505332	39.3702	20.0219
512429	39.3702	20.1166
514835	39.3702	20.1192
514902	39.3702	20.2813
519019	39.3702	20.322
520052	39.3702	20.393
521856	39.3702	20.6245
527736	39.3702	20.8291
532931	39.3702	20.8509
533486	39.3702	20.8665
533882	39.3702	20.8962
534637	39.3702	21.0876
539498	39.3702	21.3111
545176	39.3702	21.3257
545545	39.3702	21.7761
556986	39.3702	21.7804
557094	39.3702	21.8425
558672	39.3702	21.8515
558902	39.3702	22.2009
567777	39.3702	22.2685
569492	39.3702	22.2815
569823	35.0484	22.3788
572598	35.0484	22.4319
574115	35.0484	22.5091
576316	35.0484	22.5929
578709	35.0484	22.7394
582888	35.0484	23.0306
591195	35.0484	23.329
599709	35.0484	23.3858
601331	35.0484	23.4297
602583	35.0484	23.4357
602756	35.0484	23.4854
604173	35.0484	23.5285
605403	35.0484	24.1198
622273	35.0484	24.1362
622742	35.0484	24.1421
622909	35.0484	24.4026
630343	35.0484	24.7055
638986	35.0484	24.7316
639728	35.0484	24.7548
640392	35.0484	24.7635
640640	35.0484	24.8219
642307	35.0484	24.8683
643629	35.0484	24.9392
645652	35.0484	25.1602
651957	35.0484	25.707
667559	35.0484	25.9104
673362	35.0484	25.9349
674062	35.0484	26.0393
677042	35.0484	26.3294
685317	35.0484	26.353
685992	35.0484	26.365
686333	35.0484	26.3655
686348	35.0484	26.4121
687678	35.0484	26.4649
689184	35.0484	26.4972
690106	35.0484	26.6153
693474	35.0484	26.7309
696774	35.0484	26.7341
696866	35.0484	26.7443
697156	35.0484	26.7521
697379	35.0484	27.1259
708043	35.0484	27.2524
711654	35.0484	27.3278
713805	35.0484	27.4507
717311	35.0484	27.5135
719102	35.0484	27.5159
719171	35.0484	27.565
720573	35.0484	27.9115
730457	35.0484	27.9204
730711	35.0484	28.0457
734288	35.0484	28.2287
739509	35.0484	28.7746
755083	35.0484	28.818
756323	35.0484	28.8947
758512	35.0484	28.98
760944	35.0484	29.0649
763368	35.0484	29.4048
773066	35.0484	29.5246
776483	35.0484	29.8151
784773	35.0484	29.9789
789444	35.0484	30.024
790732	35.0484	30.15
794327	35.0484	30.4247
802166	35.0484	30.4851
803887	35.0484	30.7947
812721	35.0484	30.798
812816	35.0484	30.9245
816425	35.0484	30.9501
817155	35.0484	30.9872
818213	35.0484	31.1099
821714	35.0484	31.3036
827242	35.0484	31.3631
828939	35.0484	31.6938
838376	35.0484	31.8341
842379	35.0484	31.8561
843006	35.0484	32.0983
849916	35.0484	32.0999
849962	35.0484	32.1571
851595	35.0484	32.4486
859911	35.0484	32.7272
867860	35.0484	32.8988
872757	35.0484	32.9273
873570	35.0484	33.0123
875995	35.0484	33.1705
880508	35.0484	33.2375
882421	35.0484	33.2411
882523	35.0484	33.3127
884564	35.0484	33.3754
886355	35.0484	33.4111
887372	35.0484	33.6091
893023	35.0484	33.7066
895805	35.0484	33.8584
900135	35.0484	33.9267
902085	35.0484	33.9364
902360	35.0484	34.0258
904911	35.0484	34.0408
905338	35.0484	34.2251
910599	35.0484	34.4428
916810	35.0484	34.6761
923466	35.0484	34.7871
926634	35.0484	34.8614
928753	35.0484	34.8797
929276	35.0484	34.9142
930258	35.0484	34.921
930454	35.0484	34.9731
931940	35.0484	35.0328
933642	35.0484	35.3513
942730	35.0484	35.353
942778	35.0484	35.5393
948096	35.0484	35.5732
949063	35.0484	35.5991
949800	35.0484	35.9305
959257	35.0484	36.0552
962813	25.7016	36.0636
963140	16.6864	36.2123
972052	16.6864	36.2695
975483	16.3347	36.2739
975754	14.1545	36.2744
975789	11.6973	36.2976
977765	11.6973	36.3188
979580	11.6973	36.328
980365	11.6973	36.4478
990611	11.6973	36.5275
997419	11.6973	36.5352
998081	11.6973	36.5576
1000000	8.39587	36.5651
1000888	3.51139	36.5855
1006696	2.68513	36.5863
1006999	2.68513	36.5866
1007108	2.68513	36.594
1009859	2.68513	36.598
1011359	2.68513	36.5982
1011431	2.68513	36.5991
1011778	2.68513	36.6063
1014426	2.68513	36.607
1014709	2.68513	36.6166
1018272	2.68513	36.6595
1034271	2.65475	36.6626
1035421	2.65475	36.6675
1037256	2.61532	36.6736
1039610	2.61532	36.6941
1047458	2.61532	36.7052
1051676	2.61532	36.723
1058498	2.61532	36.7257
1059536	2.61532	36.7269
1059970	2.61532	36.7403
1065111	2.61532	36.7458
1067227	2.61532	36.7482
1068128	2.61532	36.7485
1068248	2.61532	36.7507
1069077	2.61532	36.7508
1069140	2.61532	36.7511
1069252	2.61532	36.7565
1071309	2.61532	36.7607
1072911	2.61532	36.7854
1082348	2.61532	36.7857
1082468	2.61532	36.7982
1087248	2.61532	36.8138
1093199	2.61532	36.814
1093276	2.61532	36.8192
1095267	2.61532	36.8206
1095822	2.61532	36.8233
1096845	2.61532	36.8235
1096901	2.61532	36.8349
1101294	2.61532	36.8386
1102687	2.61532	36.8436
1104591	2.61532	36.8536
1108413	2.61532	36.8589
1110468	2.61532	36.8656
1113000	2.61532	36.8678
1113855	2.61532	36.873
1115844	2.61532	36.888
1121588	2.61532	36.921
1134194	2.61532	36.9216
1134431	2.61532	36.9238
1135289	2.61532	36.9287
1137157	2.61532	36.9405
1141674	2.61532	36.941
1141833	2.61532	36.9414
1142002	2.61532	36.9439
1142940	2.61532	36.947
1144147	2.61532	36.9488
1144823	2.61532	36.951
1145674	2.61532	36.9693
1152660	2.61532	36.9713
1153437	2.61532	36.9723
1153800	2.61532	36.9876
1159656	2.61532	36.9923
1161470	2.61532	36.9924
1161489	2.61532	37.0014
1164943	2.61532	37.0043
1166062	2.61532	37.0207
1172321	2.61532	37.0349
1177744	2.61532	37.0363
1178273	2.61532	37.0579
1186532	2.61532	37.0695
1190972	2.61532	37.0831
1196188	2.61532	37.0889
1198397	2.61532	37.0893
1198540	2.61532	37.0936
1200205	2.61532	37.095
1200728	2.61532	37.0975
1201701	2.61532	37.0994
1202407	2.61532	37.1046
1204386	2.61532	37.1069
1205286	2.61532	37.1205
1210484	2.61532	37.1281
1213404	2.61532	37.1297
1213988	2.61532	37.146
1220246	2.61532	37.1513
1222241	2.61532	37.1522
1222619	2.61532	37.1698
1229343	2.61532	37.1708
1229719	2.61532	37.1765
1231900	2.61532	37.1811
1233671	1.77854	37.1817
1233972	1.77854	37.1843
1235457	1.77854	37.1857
1236223	1.77854	37.2063
1247799	1.77854	37.2065
1247922	1.77854	37.2068
1248069	1.77854	37.2081
1248847	1.77854	37.2097
1249711	1.77854	37.2114
1250703	1.77854	37.2131
1251624	1.77854	37.2189
1254914	1.77854	37.2194
1255200	1.77854	37.2228
1257083	1.77854	37.2261
1258921	1.77854	37.2275
1259753	1.77854	37.2353
1264125	1.77854	37.2463
1270305	1.77854	37.247
1270687	1.77854	37.253
1274084	1.77854	37.2618
1279023	1.77854	37.2653
1280982	1.77854	37.2664
1281614	1.77854	37.2681
1282574	1.77854	37.2914
1295635	1.77854	37.3144
1308587	1.77854	37.3167
1309864	1.77854	37.3174
1310257	1.77854	37.3205
1312044	1.77854	37.3235
1313725	1.77854	37.3261
1315196	1.77854	37.3271
1315747	1.77854	37.3294
1317017	1.77854	37.3298
1317238	1.77854	37.3299
1317283	1.77854	37.3302
1317478	1.77854	37.3392
1322536	1.77854	37.3399
1322920	1.77854	37.3659
1337549	1.77854	37.3737
1341916	1.77854	37.3738
1341977	1.77854	37.3868
1349281	1.77854	37.3909
1351632	1.77854	37.392
1352225	1.77854	37.3929
1352708	1.77854	37.3971
1355070	1.77854	37.3971
1355112	1.77854	37.4015
1357556	1.77854	37.4108
1362812	1.77854	37.4115
1363205	1.77854	37.4135
1364292	1.77854	37.4146
1364927	1.77854	37.4211
1368585	1.77854	37.424
1370194	1.77854	37.4302
1373726	1.77854	37.4315
1374438	1.77854	37.4318
1374600	1.77854	37.4335
1375569	1.77854	37.4338
1375742	1.77854	37.4358
1376833	1.77854	37.4431
1380955	1.77854	37.4471
1383226	1.77854	37.4507
1385242	1.77854	37.4562
1388320	1.77854	37.4563
1388387	1.77854	37.4636
1392464	1.77854	37.4653
1393464	1.77854	37.4792
1401237	1.77854	37.4808
1402127	1.77854	37.4809
1402205	1.77854	37.4813
1402422	1.77854	37.4866
1405428	1.77854	37.4961
1410773	1.77854	37.4982
1411934	0.986943	37.4991
1412847	0.986943	37.5
1413752	0.986943	37.5028
1416560	0.986156	37.5034
1417254	0.986156	37.5076
1421489	0.986156	37.51
1423855	0.986156	37.5159
1429900	0.986156	37.5162
1430139	0.986156	37.5185
1432528	0.986156	37.5187
1432699	0.986156	37.5191
1433102	0.986156	37.5235
1437629	0.986156	37.5353
1449544	0.986156	37.5467
1461121	0.986156	37.5468
1461262	0.986156	37.5509
1465349	0.986156	37.5511
1465587	0.986156	37.5525
1466992	0.986156	37.5533
1467856	0.986156	37.5569
1471477	0.986156	37.5577
1472292	0.986156	37.5598
1474432	0.986156	37.5621
1476761	0.986156	37.5691
1483862	0.986156	37.5699
1484657	0.986156	37.573
1487808	0.986156	37.5748
1489563	0.986156	37.58
1494873	0.986156	37.5802
1495074	0.986156	37.5856
1500587	0.986156	37.5859
1500899	0.986156	37.5882
1503155	0.986156	37.5898
1504795	0.986156	37.59
1505028	0.986156	37.5902
1505262	0.986156	37.5927
1507761	0.986156	37.5952
1510341	0.986156	37.5959
1510994	0.986156	37.6032
1518380	0.986156	37.6066
1521833	0.986156	37.6069
1522153	0.986156	37.6075
1522717	0.986156	37.6173
1532736	0.986156	37.6237
1539168	0.986156	37.6252
1540675	0.986156	37.6259
1541451	0.986156	37.6269
1542469	0.986156	37.627
1542580	0.986156	37.6363
1551936	0.986156	37.6363
1551968	0.986156	37.6393
1555043	0.986156	37.6445
1560293	0.986156	37.6452
1560986	0.986156	37.6457
1561548	0.986156	37.6538
1569731	0.986156	37.654
1569895	0.986156	37.6583
1574289	0.986156	37.6598
1575816	0.986156	37.6607
1576668	0.986156	37.6622
1578198	0.986156	37.6656
1581651	0.986156	37.6711
1587263	0.986156	37.673
1589187	0.986156	37.6786
1594877	0.986156	37.6799
1596168	0.986156	37.6819
1598181	0.986156	37.6834
1599752	0.986156	37.6909
1607362	0.986156	37.6924
1608854	0.986156	37.6947
1611185	0.986156	37.6965
1613049	0.986156	37.7021
1618661	0.986156	37.7021
1618698	0.986156	37.7024
1618991	0.986156	37.7156
1632372	0.986156	37.7199
1636755	0.986156	37.7234
1640317	0.986156	37.7295
1646493	0.986156	37.73
1646937	0.986156	37.7323
1649305	0.986156	37.7345
1651587	0.986156	37.7348
1651824	0.986156	37.7368
1653891	0.986156	37.7375
1654567	0.986156	37.7406
1657687	0.986156	37.7407
1657807	0.986156	37.7425
1659663	0.986156	37.743
1660161	0.986156	37.7505
1667774	0.986156	37.7536
1670921	0.986156	37.7554
1672709	0.986156	37.7614
1678829	0.986156	37.7646
1682068	0.986156	37.7668
1684285	0.986156	37.7682
1685730	0.986156	37.7684
1685921	0.986156	37.7748
1692409	0.986156	37.7761
1693709	0.986156	37.7815
1699228	0.986156	37.782
1699687	0.986156	37.7854
1703211	0.986156	37.8001
1718079	0.986156	37.8026
1720590	0.986156	37.8065
1724605	1.7093	37.8095
1726326	1.7093	37.8116
1727554	1.7093	37.8155
1729831	1.7093	37.8174
1730953	1.7093	37.8241
1734905	1.7093	37.8294
1737966	1.7093	37.8296
1738107	1.7093	37.8362
1741956	1.7093	37.8373
1742619	1.7093	37.8451
1747184	1.7093	37.8681
1760611	1.7093	37.8716
1762685	1.7093	37.8723
1763079	1.7093	37.8751
1764727	1.7093	37.8851
1770546	1.7093	37.8863
1771275	1.7093	37.8872
1771779	1.7093	37.8927
1774983	1.7093	37.8991
1778741	1.7093	37.9012
1780005	1.7093	37.9038
1781502	1.7093	37.9202
1791087	1.7093	37.9221
1792238	1.7093	37.9275
1795345	1.7093	37.9279
1795588	1.7093	37.9314
1797670	1.7093	37.9317
1797802	1.7093	37.9338
1799053	1.7093	37.9382
1801617	1.7093	37.9423
1804000	1.7093	37.9443
1805221	1.7093	37.9523
1809884	1.7093	37.954
1810895	1.7093	37.9753
1823313	1.7093	37.9806
1826417	1.7093	37.9845
1828708	1.7093	37.9883
1830965	1.7093	37.9905
1832221	1.7093	37.9921
1833180	1.7093	37.9943
1834431	1.7093	38.0028
1839442	1.7093	38.0108
1844104	1.7093	38.0139
1845908	1.7093	38.0159
1847094	1.7093	38.0186
1848636	1.7093	38.0354
1858496	1.7093	38.0399
1861113	1.7093	38.0401
1861216	1.7093	38.0502
1867134	1.7093	38.0503
1867184	1.7093	38.0582
1871845	1.7093	38.065
1875804	1.7093	38.068
1877561	1.7093	38.0699
1878666	1.7093	38.0705
1879024	1.7093	38.0785
1883724	1.7093	38.0844
1887177	1.7093	38.0859
1888015	1.7093	38.0878
1889171	1.7093	38.0928
1892076	1.7093	38.0941
1892843	1.7093	38.0957
1893799	1.7093	38.0976
1894870	1.7093	38.1033
1898246	1.7093	38.1042
1898755	1.7093	38.1119
1903243	1.7093	38.1158
1905529	1.7093	38.116
1905654	1.7093	38.125
1910940	1.7093	38.127
1912071	1.7093	38.1349
1916706	1.7093	38.1461
1923276	1.7093	38.1473
1923971	1.7093	38.153
1927298	1.7093	38.1562
1929157	1.7093	38.1616
1932300	1.7093	38.166
1934895	1.7093	38.1832
1944956	1.7093	38.2037
1956971	1.7093	38.211
1961241	1.7093	38.2125
1962131	1.7093	38.2155
1963885	1.7093	38.2183
1965488	1.7093	38.2224
1967906	1.7093	38.224
1968809	1.7093	38.2269
1970555	1.7093	38.2385
1977318	1.7093	38.2426
1979726	1.7093	38.243
1979934	1.7093	38.245
1981117	1.7093	38.2465
1982013	1.7093	38.2476
1982656	1.7093	38.248
1982844	1.7093	38.2491
1983541	1.7093	38.2501
1984089	1.7093	38.2533
1985983	1.7093	38.2568
1988037	1.7093	38.2614
1990728	1.7093	38.2677
1994420	1.7093	38.268
1994562	1.7093	38.2716
1996673	1.7093	38.2718
1996787	1.7093	38.2788
2000892	1.7093	38.2827
2003167	1.7093	38.2843
2004084	1.7093	38.2867
2005515	1.7093	38.2904
2007659	1.7093	38.2957
2010756	1.7093	38.2985
2012402	1.7093	38.2998
2013199	1.7093	38.3014
2014096	1.7093	38.3033
2015220	1.7093	38.3112
2019870	1.7093	38.3136
2021243	1.7093	38.3164
2022889	1.7093	38.3184
2024039	1.7093	38.3274
2029304	1.7093	38.3369
2034852	1.7093	38.3433
2038635	1.7093	38.3525
2044017	1.7093	38.3543
2045062	1.7093	38.3556
2045818	1.7093	38.3566
2046420	1.7093	38.3681
2053137	1.7093	38.3703
2054437	1.7093	38.3713
2054977	1.7093	38.3775
2058645	1.7093	38.3895
2065666	1.7093	38.3943
2068475	1.7093	38.3974
2070258	1.7093	38.4005
2072102	1.7093	38.4032
2073669	1.7093	38.4057
2075132	1.7093	38.4076
2076235	1.7093	38.4131
2079485	1.7093	38.4168
2081614	1.7093	38.4171
2081772	1.7093	38.4249
2086389	1.7093	38.4254
2086641	1.7093	38.4288
2088650	1.7093	38.4366
2093237	1.7093	38.446
2098698	1.7093	38.4478
2099777	1.7093	38.458
2105707	1.7093	38.4584
2105954	1.7093	38.4612
2107595	1.7093	38.4649
2109743	1.7093	38.4693
2112347	1.7093	38.4785
2117702	1.7093	38.4893
2124020	1.7093	38.4897
2124291	1.7093	38.5057
2133638	1.7093	38.5072
2134517	1.7093	38.5074
2134646	1.7093	38.5076
2134765	1.7093	38.5166
2140004	1.7093	38.5173
2140442	1.7093	38.5339
2150142	1.7093	38.5385
2152828	1.7093	38.5444
2156268	1.7093	38.5465
2157494	1.7093	38.5481
2158457	1.7093	38.5564
2163318	1.7093	38.5565
2163326	1.7093	38.5573
2163843	1.7093	38.573
2173030	1.7093	38.5741
2173627	1.7093	38.5794
2176770	1.7093	38.5844
2179704	1.7093	38.5931
2184764	1.7093	38.6016
2189733	1.7093	38.6086
2193817	1.7093	38.6154
2197786	1.7093	38.6208
2200993	1.7093	38.6213
2201248	1.7093	38.6276
2204929	1.7093	38.6308
2206822	1.7093	38.6359
2209821	1.7093	38.6445
2214855	1.7093	38.6553
2221130	1.80809	38.6577
2222488	1.8205	38.6593
2223376	1.82492	38.6618
2224725	1.88358	38.6675
2227730	2.13815	38.6712
2229484	2.13815	38.6769
2232172	2.13815	38.6816
2234346	2.13815	38.6867
2236732	2.13815	38.6868
2236778	2.13815	38.6872
2236985	2.13815	38.6922
2239306	2.13815	38.7052
2245400	2.13815	38.7057
2245610	2.13815	38.7065
2245985	2.13815	38.7071
2246297	2.13815	38.7096
2247451	2.13815	38.7135
2249251	2.13815	38.7144
2249708	2.13815	38.7227
2253557	2.13815	38.723
2253689	2.13815	38.7257
2254967	2.13815	38.7388
2261122	2.13815	38.744
2263550	2.13815	38.7519
2267224	2.13815	38.7812
2280952	2.13815	38.7829
2281728	2.13815	38.7956
2287681	2.13815	38.796
2287870	2.13815	38.8055
2292306	2.13815	38.8064
2292699	2.13815	38.8176
2297932	2.13815	38.8293
2303412	2.13815	38.8456
2311043	2.13815	38.8456
2311056	2.13815	38.8511
2313605	2.13815	38.8524
2314236	2.13815	38.8782
2326306	2.13815	38.8785
2326449	2.13815	38.8909
2332229	2.13815	38.8986
2335828	2.13815	38.9039
2338316	2.13815	38.9041
2338430	2.13815	38.9112
2341745	2.13815	38.9163
2344101	2.13815	38.9196
2345670	2.13815	38.935
2352876	2.13815	38.9423
2356278	2.13815	38.9469
2358424	2.13815	38.9554
2362413	2.13815	38.9584
2363793	2.13815	38.9621
2365526	2.13815	38.9654
2367083	2.13815	38.9693
2368917	2.13815	38.9694
2368943	2.13815	38.98
2373892	2.13815	38.9803
2374032	2.13815	38.9913
2379199	2.13815	38.9974
2382054	2.13815	38.9982
2382421	2.13815	39.0026
2384471	2.13815	39.0029
2384639	2.13815	39.0087
2387326	2.13815	39.0126
2389177	2.13815	39.0131
2389397	2.13815	39.018
2391689	2.13815	39.0294
2396992	2.13815	39.0418
2402828	2.13815	39.0422
2402991	2.13815	39.0438
2403734	2.13815	39.0448
2404211	2.13815	39.0501
2406678	2.13815	39.0553
2409139	2.13815	39.0661
2414171	2.13815	39.0687
2415392	2.13815	39.07
2415998	2.13815	39.0758
2418692	2.13815	39.0767
2419127	2.13815	39.0768
2419184	2.13815	39.082
2421601	2.13815	39.0978
2429014	2.13815	39.0995
2429799	2.13815	39.1126
2435905	2.13815	39.1151
2437093	2.13815	39.1163
2437644	2.13815	39.1258
2442116	2.13815	39.1279
2443063	2.13815	39.1286
2443426	2.13815	39.1344
2446104	2.13815	39.1399
2448679	2.13815	39.1412
2449303	2.13815	39.1455
2451301	2.13815	39.1484
2452683	2.13815	39.1525
2454584	2.13815	39.171
2463246	2.13815	39.1729
2464115	2.13815	39.1747
2464954	2.13815	39.1838
2469202	2.13815	39.1967
2475279	2.13815	39.2002
2476873	2.13815	39.201
2477264	2.13815	39.2029
2478176	2.13815	39.2102
2481573	2.13815	39.2202
2486250	2.13815	39.2443
2497520	2.13815	39.2478
2499150	2.13815	39.2517
2500978	2.13815	39.2537
2501928	2.13815	39.2547
2502398	2.13815	39.2616
2505627	2.13815	39.265
2507198	2.13815	39.2773
2512937	2.13815	39.2856
2516839	2.13815	39.2875
2517727	2.13815	39.3026
2524772	2.13815	39.3075
2527065	2.13815	39.3097
2528120	2.13815	39.3102
2528363	2.13815	39.3215
2533628	2.13815	39.3262
2535817	2.13815	39.3388
2541723	2.13815	39.3472
2545640	2.13815	39.3499
2546899	2.13815	39.3513
2547551	2.13815	39.3665
2554665	2.13815	39.371
2556788	2.13815	39.3723
2557377	2.13815	39.378
2560065	2.13815	39.3801
2561026	2.13815	39.3842
2562969	2.13815	39.4055
2572925	2.13815	39.4058
2573060	2.13815	39.4167
2578145	2.13815	39.4209
2580136	2.13815	39.4229
2581037	2.13815	39.4343
2586390	2.13815	39.4386
2588407	2.13815	39.4525
2594901	2.13815	39.4575
2597224	2.13815	39.4601
2598459	2.13815	39.4619
2599285	2.13815	39.4697
2602923	2.13815	39.4782
2606928	2.13815	39.4836
2609451	2.13815	39.4945
2614547	2.13815	39.5109
2622206	2.13815	39.512
2622731	2.13815	39.5197
2626300	2.13815	39.523
2627863	2.13815	39.528
2630211	2.13815	39.5327
2632411	2.13815	39.5358
2633853	2.13815	39.5398
2635734	2.13815	39.5459
2638568	2.13815	39.5462
2638718	2.13815	39.5463
2638771	2.13815	39.5492
2640100	2.13815	39.5559
2643273	2.13815	39.5597
2645010	2.13815	39.5669
2648409	2.13815	39.5737
2651587	2.13815	39.5758
2652563	2.13815	39.5795
2654284	2.13815	39.5919
2660079	2.13815	39.5981
2662973	2.13815	39.5984
2663131	2.13815	39.5994
2663580	2.13815	39.6065
2666916	2.13815	39.6082
2667732	2.13815	39.6243
2675232	2.13815	39.6269
2676459	2.13815	39.6273
2676623	2.13815	39.6321
2678872	2.13815	39.6456
2685204	2.13815	39.6665
2694982	1.53859	39.6724
2698806	1.53859	39.6748
2700383	1.53859	39.6783
2702672	1.53859	39.679
2703078	1.53859	39.6839
2706268	1.53859	39.6848
2706890	1.53859	39.687
2708283	1.53859	39.6872
2708459	1.53859	39.6994
2716341	1.53859	39.6997
2716559	1.53859	39.7
2716772	1.53859	39.7056
2720405	1.53859	39.7093
2722800	1.53859	39.717
2727790	1.53859	39.722
2731043	1.53859	39.7221
2731092	1.53859	39.7387
2741914	1.53859	39.7516
2750272	1.53859	39.7538
2751706	1.53859	39.7597
2755528	1.53859	39.762
2757077	1.53859	39.771
2762903	1.53859	39.7729
2764142	1.53859	39.7735
2764515	1.53859	39.7747
2765293	1.53859	39.782
2770056	1.53859	39.7948
2778341	1.53859	39.7963
2779339	1.53859	39.8016
2782769	1.53859	39.8028
2783539	1.53859	39.8048
2784842	1.53859	39.8232
2796796	1.53859	39.8319
2802477	1.53859	39.8393
2807316	1.53859	39.846
2811630	1.53859	39.846
2811676	1.53859	39.8509
2814805	1.53859	39.8537
2816674	1.53859	39.8607
2821194	1.53859	39.87
2827248	1.53859	39.8804
2834014	1.53859	39.8822
2835150	1.53859	39.8843
2836557	1.53859	39.8918
2841405	1.53859	39.896
2844168	1.53859	39.897
2844819	1.53859	39.8982
2845555	1.53859	39.9238
2862222	1.53859	39.9289
2865554	1.53859	39.9324
2867812	1.53859	39.9355
2869794	1.53859	39.9373
2870959	1.53859	39.9419
2873980	1.53859	39.9431
2874736	1.53859	39.9447
2875762	1.53859	39.9465
2876968	1.53859	39.9491
2878628	1.53859	39.9502
2879354	1.53859	39.9602
2885856	1.53859	39.9612
2886524	1.53859	39.9614
2886632	1.53859	39.9654
2889274	1.53859	39.9715
2893182	1.53859	39.974
2894812	1.53859	39.9747
2895306	1.53859	39.9839
2901282	1.53859	39.9941
2907901	1.53859	39.9944
2908125	1.53859	40
2911758	1.53859	40.0042
2914449	1.53859	40.0051
2915042	1.53859	40.0063
2915798	1.53859	40.0079
2916858	1.53859	40.0129
2920111	1.53859	40.0167
2922598	1.53859	40.0222
2926184	1.53859	40.0309
2931831	1.53859	40.0313
2932103	1.53859	40.0329
2933131	1.53859	40.0348
2934333	1.53859	40.0398
2937627	1.53859	40.0472
2942429	1.53859	40.0492
2943696	1.53859	40.0655
2954276	1.53859	40.0664
2954913	1.53859	40.0738
2959721	1.53859	40.0799
2963667	1.53859	40.0965
2974476	1.53859	40.0968
2974633	1.53859	40.099
2976047	1.53859	40.1063
2980813	1.53859	40.1161
2987168	1.53859	40.1252
2993091	1.53859	40.1309
2996790	1.53859	40.1407
3003151	1.53859	40.1445
3005673	1.53859	40.1509
3009824	1.53859	40.1514
3010157	1.53859	40.1542
3011956	1.53859	40.1595
3015422	1.53859	40.1622
3017153	1.53859	40.1623
3017204	1.53859	40.1758
3026008	1.53859	40.1809
3029284	1.53859	40.1826
3030421	1.53859	40.1926
3036913	1.53859	40.1947
3038252	1.53859	40.2028
3043569	1.53859	40.2094
3047824	1.53859	40.2127
3049954	1.53859	40.2128
3050051	1.53859	40.2136
3050554	1.53859	40.2185
3053760	1.53859	40.2195
3054379	1.53859	40.2201
3054774	1.53859	40.2229
3056633	1.53859	40.2248
3057810	1.53859	40.2262
3058768	1.53859	40.2402
3067828	1.53859	40.2508
3074771	1.53859	40.2534
3076422	1.53859	40.2616
3081750	1.53859	40.265
3083964	1.53859	40.271
3087892	1.53859	40.2712
3088005	1.53859	40.2734
3089426	1.53859	40.2769
3091683	1.53859	40.2825
3095368	1.53859	40.2839
3096267	1.53859	40.2847
3096803	1.53859	40.2859
3097538	1.53859	40.2873
3098492	1.53859	40.2905
3100517	1.53859	40.2947
3103283	1.53859	40.2987
3105904	1.53859	40.2996
3106441	1.53859	40.301
3107371	1.53859	40.3012
3107511	1.53859	40.3039
3109257	1.53859	40.3063
3110785	1.53859	40.3074
3111544	1.53859	40.31
3113206	1.53859	40.3157
3116931	1.53859	40.3177
3118254	1.53859	40.3194
3119312	1.53859	40.3238
3122164	1.53859	40.3434
3134895	1.53859	40.3541
3141860	1.53859	40.3558
3142974	1.53859	40.3591
3145099	1.53859	40.3605
3146032	1.53859	40.3636
3148031	1.53859	40.3643
3148537	1.53859	40.3734
3154425	1.53859	40.3757
3155936	1.53859	40.3825
3160355	1.53859	40.3891
3164640	1.53859	40.408
3176889	1.53859	40.4095
3177867	1.53859	40.4164
3182355	1.53859	40.4185
3183708	1.53859	40.4211
3185441	1.53859	40.4308
3191744	1.53859	40.4365
3195462	1.53859	40.4376
3196142	1.53859	40.4491
3203651	1.53859	40.4741
3219846	1.53859	40.475
3220470	1.53859	40.4762
3221262	1.53859	40.482
3225036	1.53859	40.4941
3232878	1.53859	40.4955
3233806	1.53859	40.4976
3235127	1.53859	40.5003
3236878	1.53859	40.5004
3236940	1.53859	40.5026
3238412	1.53859	40.5079
3241835	1.53859	40.5095
3242895	1.53859	40.5105
3243521	1.53859	40.5192
3249183	1.53859	40.5292
3255672	1.53859	40.5312
3256990	1.53859	40.5315
3257160	1.53859	40.5339
3258747	1.53859	40.5364
3260383	1.53859	40.5412
3263455	1.53859	40.5428
3264548	1.53859	40.5469
3267173	1.53859	40.5475
3267574	1.53859	40.548
3267916	1.53859	40.5506
3269599	1.53859	40.5591
3275095	1.53859	40.5607
3276147	1.53859	40.5613
3276517	1.53859	40.5676
3280639	1.53859	40.5868
3293135	1.53859	40.5948
3298353	1.53859	40.5955
3298785	1.53859	40.6003
3301900	1.53859	40.602
3302971	1.53859	40.6111
3308896	1.53859	40.6305
3321508	1.53859	40.6316
3322223	1.53859	40.6318
3322344	1.53859	40.6363
3325287	1.53859	40.6442
3330448	1.53859	40.6535
3336476	1.53859	40.6536
3336558	1.53859	40.66
3340693	1.53859	40.6651
3343998	1.53859	40.6715
3348145	1.53859	40.6734
3349379	1.53859	40.6762
3351205	1.53859	40.6802
3353854	1.53859	40.6806
3354075	1.53859	40.6901
3360252	1.53859	40.6937
3362602	1.53859	40.6986
3365791	1.53859	40.7112
3374002	1.53859	40.7131
3375181	1.53859	40.7235
3381963	1.53859	40.7237
3382083	1.53859	40.7241
3382359	1.53859	40.7354
3389716	1.53859	40.736
3390125	1.53859	40.7393
3392232	1.53859	40.7431
3394685	1.53859	40.7459
3396530	1.53859	40.7551
3402514	1.53859	40.7588
3404933	1.53859	40.7615
3406641	1.53859	40.7668
3410124	1.53859	40.7713
3413046	1.53859	40.7742
3414898	1.53859	40.7908
3425697	1.53859	40.793
3427148	1.53859	40.7943
3428015	1.53859	40.7947
3428267	1.53859	40.8236
3447038	1.53859	40.8269
3449201	1.53859	40.8273
3449422	1.53859	40.8329
3453055	1.53859	40.8384
3456631	1.53859	40.8441
3460361	1.53859	40.8569
3468679	1.53859	40.857
3468720	1.53859	40.8676
3475626	1.53859	40.8798
3483549	1.53859	40.8892
3489695	1.53859	40.8937
3492618	1.53859	40.896
3494083	1.53859	40.8966
3494501	1.53859	40.8988
3495933	1.53859	40.9075
3501532	1.60658	40.9121
3504417	1.78954	40.9172
3507262	1.78954	40.9289
3513788	1.78954	40.9395
3519754	1.78954	40.9545
3528118	1.78954	40.9632
3532986	1.78954	40.9654
3534230	1.78954	40.9682
3535784	1.78954	40.9729
3538387	1.78954	40.9771
3540770	1.78954	40.9812
3543042	1.78954	40.9856
3545517	1.78954	40.9911
3548579	1.78954	40.9973
3552041	1.78954	41.0027
3555046	1.78954	41.0079
3557948	1.78954	41.013
3560821	1.78954	41.0347
3572920	1.78954	41.039
3575309	1.78954	41.0402
3576017	1.78954	41.0424
3577239	1.78954	41.048
3580371	1.78954	41.0499
3581449	1.78954	41.0765
3596306	1.78954	41.0872
3602241	1.78954	41.0904
3604058	1.78954	41.1029
3611064	1.78954	41.1077
3613723	1.78954	41.1092
3614558	1.78954	41.1104
3615254	1.78954	41.1143
3617408	1.78954	41.1204
3620845	1.78954	41.1245
3623110	1.78954	41.126
3623946	1.78954	41.1349
3628909	1.78954	41.1473
3635868	1.78954	41.1604
3643174	1.78954	41.1617
3643872	1.78954	41.164
3645178	1.78954	41.1788
3653480	1.78954	41.179
3653558	1.78954	41.1811
3654748	1.78954	41.1836
3656118	1.78954	41.1938
3661852	1.78954	41.1981
3664217	1.78954	41.1996
3665067	1.78954	41.2051
3668152	1.78954	41.2157
3674095	1.78954	41.2257
3679645	1.78954	41.2314
3682857	1.78954	41.236
3685400	1.78954	41.2369
3685911	1.78954	41.2426
3689116	1.78954	41.2473
3691750	1.78954	41.2541
3695515	1.78954	41.2576
3697474	1.78954	41.2583
3697874	1.78954	41.2586
3698043	1.78954	41.2658
3702059	1.78954	41.2693
3704027	1.78954	41.2695
3704164	1.78954	41.2696
3704220	1.78954	41.2762
3707891	1.78954	41.282
3711144	1.78954	41.2861
3713433	1.78954	41.2876
3714276	1.78954	41.2964
3719189	1.78954	41.3045
3723682	1.78954	41.3088
3726093	1.78954	41.3301
3738007	1.78954	41.3358
3741206	1.78954	41.3466
3747245	1.78954	41.3535
3751095	1.78954	41.3647
3757338	1.78954	41.3761
3763679	1.78954	41.382
3766975	1.78954	41.3836
3767898	1.78954	41.3921
3772644	1.78954	41.3981
3775972	1.78954	41.3988
3776366	1.78954	41.4005
3777365	1.78954	41.4006
3777419	1.78954	41.4058
3780297	1.78954	41.4096
3782425	1.78954	41.4115
3783484	1.78954	41.4135
3784582	1.78954	41.4158
3785910	1.78954	41.4259
3791543	1.78954	41.4334
3795730	1.78954	41.4356
3796926	1.78954	41.4359
3797125	1.78954	41.4376
3798045	1.78954	41.4389
3798816	1.78954	41.449
3804426	1.78954	41.4549
3807746	1.78954	41.4615
3811442	1.78954	41.4649
3813314	1.78954	41.467
3814492	1.78954	41.4708
3816647	1.78954	41.4736
3818186	1.78954	41.4744
3818659	1.78954	41.4771
3820163	1.78954	41.4802
3821853	1.78954	41.4805
3822034	1.78954	41.4892
3826911	1.78954	41.5013
3833648	1.78954	41.5024
3834263	1.78954	41.5042
3835289	1.78954	41.5088
3837862	1.78954	41.5156
3841664	1.78954	41.5274
3848260	1.78954	41.5338
3851805	1.78954	41.5379
3854093	1.78954	41.5394
3854931	2.05377	41.5446
3857509	2.05377	41.5459
3858121	2.05377	41.5521
3861139	2.05377	41.5522
3861174	2.05377	41.5554
3862734	2.05377	41.5616
3865739	2.05377	41.5664
3868087	2.05377	41.5719
3870759	2.05377	41.5764
3872965	2.05377	41.5772
3873378	2.05377	41.5823
3875818	2.05377	41.5836
3876486	2.05377	41.588
3878620	2.05377	41.5899
3879541	2.05377	41.5928
3880976	2.05377	41.5946
3881809	2.05377	41.5968
3882921	2.05377	41.6124
3890482	2.05377	41.6146
3891561	2.05377	41.6153
3891889	2.05377	41.6187
3893584	2.05377	41.6204
3894389	2.05377	41.6224
3895351	2.05377	41.6235
3895887	2.05377	41.624
3896123	2.05377	41.6415
3904674	2.05377	41.6508
3909191	2.05377	41.6554
3911429	2.05377	41.6605
3913908	2.05377	41.6631
3915192	2.05377	41.6642
3915740	2.05377	41.6688
3917972	2.05377	41.6699
3918513	2.05377	41.6741
3920548	2.05377	41.6803
3923564	2.05377	41.6823
3924555	2.05377	41.6892
3927910	2.05377	41.691
3928745	2.05377	41.6919
3929196	2.05377	41.6924
3929462	2.05377	41.7143
3940126	2.05377	41.7159
3940913	2.05377	41.7239
3944797	2.05377	41.7258
3945710	2.05377	41.7334
3949410	2.05377	41.7443
3954700	2.05377	41.7489
3956980	2.05377	41.7622
3963429	2.05377	41.7709
3967691	2.05377	41.7726
3968488	2.05377	41.7859
3974982	2.05377	41.7871
3975578	2.05377	41.7975
3980606	2.05377	41.8083
3985859	2.05377	41.8254
3994223	2.05377	41.8295
3996218	2.05377	41.83
3996456	2.05377	41.8304
3996650	6.85539	41.8888
4005170	46.2199	41.8914
4005226	46.2199	41.9861
4007274	46.2199	42.0321
4008270	46.2199	42.2574
4013145	46.2199	42.3224
4014550	46.2199	42.5789
4020101	46.2199	42.8377
4025700	46.2199	42.9695
4028552	46.2199	43.2463
4034541	46.2199	43.2679
4035007	46.2199	43.6255
4042744	46.2199	43.7921
4046348	46.2199	44.1065
4053152	46.2199	44.1882
4054918	46.2199	44.2212
4055632	46.2199	44.3605
4058646	46.2199	44.4901
4061450	46.2199	44.6182
4064223	46.2199	44.6348
4064581	46.2199	44.8149
4068477	46.2199	44.8708
4069688	46.2199	45.1151
4074972	46.2199	45.153
4075792	46.2199	45.4985
4083269	46.2199	45.5958
4085374	46.2199	45.6342
4086203	46.2199	45.727
4088212	46.2199	45.8084
4089973	46.2199	45.8103
4090013	46.2199	45.8441
4090746	46.2199	46.001
4094140	46.2199	46.2309
4099113	46.2199	46.2348
4099198	46.2199	46.3273
4101200	46.2199	46.3587
4101880	46.2199	46.3679
4102078	46.2199	46.5243
4105463	46.2199	46.8336
4112154	46.2199	47.1786
4119619	46.2199	47.7278
4131501	46.2199	47.9353
4135991	46.2199	48.4221
4146523	46.2199	48.6885
4152287	46.2199	48.8078
4154868	46.2199	48.8397
4155557	46.2199	48.9784
4158558	46.2199	49.0456
4160012	46.2199	49.1586
4162458	46.2199	49.2116
4163603	46.2199	49.3059
4165643	46.2199	49.463
4169043	46.2199	49.4775
4169357	46.2199	49.4882
4169587	46.2199	49.5963
4171926	46.2199	49.7553
4175368	46.2199	49.9807
4180243	46.2199	50.0164
4181016	46.2199	50.0893
4182593	46.2199	50.1441
4183779	46.2199	50.3019
4187194	46.2199	50.3521
4188279	46.2199	50.3685
4188635	46.2199	50.5099
4191694	46.2199	50.5298
4192124	46.2199	50.6057
4193766	46.2199	50.7697
4197314	46.2199	50.8876
4199866	46.2199	51.0732
4203881	46.2199	51.2981
4208746	46.2199	51.4668
4212396	46.2199	51.6283
4215890	46.2199	51.6706
4216806	46.2199	51.6769
4216943	46.2199	51.6794
4216997	46.2199	51.7826
4219229	46.2199	51.9526
4222907	46.2199	51.9873
4223657	46.2199	52.0224
4224418	46.2199	52.253
4229407	46.2199	52.2931
4230275	46.2199	52.3045
4230521	46.2199	52.4124
4232856	46.2199	52.4765
4234242	46.2199	52.5108
4234985	46.2199	52.5111
4234991	46.2199	52.6543
4238088	46.2199	52.7641
4240464	46.2199	52.774
4240678	46.2199	53.0891
4247496	46.2199	53.135
4248489	46.2199	53.2004
4249904	46.2199	53.4055
4254341	46.2199	53.659
4259826	46.2199	53.8681
4264351	46.2199	53.9289
4265666	46.2199	53.9568
4266270	46.2199	53.9654
4266456	46.2199	54.5165
4278380	46.2199	54.5988
4280159	46.2199	54.6657
4281607	46.2199	54.7528
4283491	46.2199	55.1146
4291319	46.2199	55.1436
4291946	46.2199	55.2217
4293636	46.2199	55.3942
4297368	46.2199	55.4426
4298416	46.2199	55.4785
4299193	46.2199	55.5054
4299775	46.2199	55.62
4302255	46.2199	55.6261
4302386	46.2199	55.6973
4303926	46.2199	55.7195
4304406	46.2199	55.956
4309523	46.2199	55.9985
4310443	46.2199	56.0468
4311488	46.2199	56.1336
4313366	46.2199	56.2371
4315605	46.2199	56.3346
4317714	46.2199	56.5928
4323301	46.2199	56.6259
4324017	46.2199	56.9587
4331218	46.2199	57.0566
4333335	46.2199	57.2125
4336709	46.2199	57.4142
4341073	46.2199	57.5474
4343954	46.2199	57.5627
4344285	46.2199	57.756
4348467	46.2199	57.8145
4349734	46.2199	57.8191
4349834	46.2199	57.8566
4350644	46.2199	57.8767
4351079	46.2199	57.9581
4352841	46.2199	58.0317
4354432	46.2199	58.0431
4354679	46.2199	58.0446
4354711	46.2199	58.1886
4357828	46.2199	58.6568
4367957	46.2199	58.7521
4370019	46.2199	58.8452
4372033	46.2199	58.9207
4373668	46.2199	58.9897
4375159	46.2199	59.2366
4380501	46.2199	59.4308
4384703	46.2199	59.5758
4387840	46.2199	59.7
4390528	46.2199	59.8175
4393070	46.2199	59.8753
4394320	46.2199	60.0711
4398557	46.2199	60.1919
4401170	46.2199	60.361
4404828	46.2199	60.4356
4406442	46.2199	60.4685
4407155	46.2199	60.5617
4409171	46.2199	60.634
4410736	46.2199	60.643
4410931	46.2199	60.6489
4411057	46.2199	60.6983
4412126	46.2199	60.7507
4413261	46.2199	60.918
4416881	46.2199	60.9828
4418282	46.2199	60.9835
4418297	46.2199	61.0503
4419743	46.2199	61.3585
4426410	46.2199	61.5408
4430354	46.2199	61.6332
4432355	46.2199	62.1228
4442946	46.2199	62.4413
4449838	46.2199	62.555
4452297	46.2199	62.6579
4454524	46.2199	62.7029
4455498	46.2199	62.9194
4460181	46.2199	63.0261
4462491	46.2199	63.1643
4465480	46.2199	63.3861
4470279	46.2199	63.5499
4473823	46.2199	63.6617
4476243	46.2199	63.688
4476811	46.2199	63.9703
4482918	46.2199	64.464
4493600	46.2199	64.5257
4494936	46.2199	65.0181
4505588	46.2199	65.0489
4506254	46.2199	65.2485
4510574	46.2199	65.4123
4514117	46.2199	65.7582
4521601	46.2199	65.8232
4523008	46.2199	65.8656
4523924	46.2199	65.9836
4526479	46.2199	66.183
4530793	46.2199	66.5742
4539256	46.2199	66.6273
4540405	46.2199	66.6328
4540523	46.2199	66.8937
4546168	46.2199	67.1056
4550754	46.2199	67.3293
4555594	46.2199	67.3748
4556577	46.2199	67.3872
4556845	46.2199	67.4056
4557244	46.2199	67.4461
4558120	46.2199	67.6623
4562798	46.2199	67.7394
4564465	46.2199	67.8669
4567224	46.2199	67.9237
4568454	46.2199	68.4514
4579871	46.2199	68.4525
4579894	46.2199	68.6004
4583095	46.2199	68.81
4587630	46.2199	69.0991
4593884	46.2199	69.3154
4598564	46.2199	69.3192
4598647	46.2199	69.5587
4603827	46.2199	69.586
4604418	46.2199	69.7832
4608685	46.2199	69.847
4610066	46.2199	69.9861
4613076	46.2199	69.999
4613355	46.2199	70.0079
4613546	46.2199	70.0163
4613729	46.2199	70.1001
4615542	46.2199	70.6739
4627957	46.2199	70.6934
4628377	46.2199	70.7194
4628940	46.2199	70.7986
4630653	46.2199	70.8028
4630745	46.2199	70.9111
4633087	46.2199	71.1461
4638173	46.2199	71.1481
4638215	46.2199	71.2375
4640149	46.2199	71.2442
4640294	46.2199	71.4498
4644743	46.2199	71.7703
4651677	46.2199	71.8351
4653080	46.2199	71.9501
4655568	46.2199	72.2548
4662159	46.2199	72.5359
4668241	46.2199	72.546
4668460	46.2199	72.5828
4669256	46.2199	72.7781
4673481	46.2199	73.4003
4686943	46.2199	73.4809
4688687	46.2199	73.4986
4689071	46.2199	73.5499
4690180	46.2199	73.5735
4690692	46.2199	73.7482
4694471	46.2199	73.9874
4699647	46.2199	74.1536
4703242	46.2199	74.2851
4706088	46.2199	74.3983
4708537	46.2199	74.4847
4710406	46.2199	74.7069
4715213	46.2199	74.7412
4715956	46.2199	74.8887
4719147	46.2199	74.8902
4719178	46.2199	74.9394
4720244	46.2199	74.9476
4720421	46.2199	74.9835
4721198	46.2199	75.0045
4721651	46.2199	75.3638
4729425	46.2199	75.7439
4737650	46.2199	75.8092
4739062	46.2199	76.0102
4743410	46.2199	76.0453
4744170	46.2199	76.1566
4746578	46.2199	76.2765
4749172	46.2199	76.7198
4758764	46.2199	76.8787
4762201	46.2199	76.8824
4762282	46.2199	76.961
4763982	46.2199	76.9951
4764720	46.2199	77.3053
4771432	46.2199	77.3064
4771455	46.2199	77.6277
4778407	46.2199	77.635
4778564	46.2199	77.6575
4779052	46.2199	77.8679
4783604	46.2199	77.943
4785228	46.2199	78.1066
4788768	46.2199	78.1218
4789097	46.2199	78.2955
4792854	46.2199	78.4442
4796073	46.2199	78.9838
4807747	46.2199	78.9923
4807930	46.2199	79.171
4811797	46.2199	79.203
4812489	46.2199	79.3765
4816242	46.2199	79.5172
4819287	46.2199	79.5694
4820416	46.2199	79.6151
4821406	46.2199	79.6608
4822395	46.2199	79.8525
4826542	46.2199	79.8888
4827328	46.2199	80.0017
4829769	46.2199	80.2631
4835425	46.2199	80.2763
4835710	46.2199	80.31
4836440	46.2199	80.3764
4837877	46.2199	80.5229
4841047	46.2199	80.6757
4844352	46.2199	81.0804
4853108	46.2199	81.1047
4853633	46.2199	81.1637
4854910	46.2199	81.2512
4856803	46.2199	81.4435
4860963	46.2199	81.6287
4864971	46.2199	81.6483
4865396	46.2199	81.8786
4870378	46.2199	81.9965
4872929	46.2199	82.0799
4874732	46.2199	82.1967
4877261	46.2199	82.2988
4879469	46.2199	82.3847
4881328	46.2199	82.5364
4884609	46.2199	82.5463
4884824	46.2199	82.688
4887890	46.2199	82.7401
4889017	46.2199	82.8173
4890688	46.2199	82.8684
4891793	46.2199	83.2133
4899254	46.2199	83.2791
4900679	46.2199	83.3653
4902544	46.2199	83.3979
4903248	46.2199	83.4452
4904273	46.2199	83.468
4904765	46.2199	83.5239
4905974	46.2199	83.5707
4906988	46.2199	83.788
4911689	46.2199	83.9932
4916129	46.2199	84.0203
4916715	46.2199	84.0921
4918268	46.2199	84.2233
4921106	46.2199	84.2564
4921823	46.2199	84.462
4926272	46.2199	84.476
4926575	46.2199	84.8887
4935504	46.2199	84.8932
4935600	46.2199	85.0088
4938102	46.2199	85.0597
4939204	46.2199	85.1017
4940112	46.2199	85.126
4940638	46.2199	85.1516
4941192	46.2199	85.4336
4947293	46.2199	85.4467
4947576	46.2199	85.5196
4949154	46.2199	85.675
4952516	46.2199	85.676
4952537	46.2199	86.0019
4959588	46.2199	86.3406
4966916	46.2199	86.4803
4969939	46.2199	86.5907
4972328	46.2199	86.9458
4980011	46.2199	86.9648
4980422	46.2199	87.0095
4981388	46.2199	87.0152
4981512	46.2199	87.0312
4981858	46.2199	87.306
4987804	46.2199	87.3255
4988226	46.2199	87.4043
4989931	46.2199	87.5138
4992300	46.2199	87.5987
4994136	46.2199	87.601
