1200 49.6224 0.814602
17616 49.6224 1.00987
21551 49.6224 1.53701
32174 49.6224 1.58286
33098 49.6224 1.58519
33145 49.6224 1.77624
36995 49.6224 1.86714
38827 49.6224 1.90024
39494 49.6224 1.9515
40527 49.6224 2.20969
45730 49.6224 2.21425
45822 49.6224 2.25033
46549 49.6224 2.68343
55277 49.6224 2.80823
57792 49.6224 3.12334
64142 49.6224 3.21444
65978 49.6224 3.3257
68220 49.6224 3.86852
79159 49.6224 3.90712
79937 49.6224 4.00537
81917 49.6224 4.33814
88623 49.6224 4.38116
89490 49.6224 4.69448
95804 49.6224 4.69865
95888 49.6224 4.80901
98112 49.6224 5.01092
102181 49.6224 5.22435
106482 49.6224 5.56
113246 49.6224 5.78617
117804 49.6224 5.79287
117939 49.6224 5.85088
119108 49.6224 5.90155
120129 49.6224 6.00223
122158 49.6224 6.33425
128849 49.6224 6.37797
129730 49.6224 6.68226
135862 49.6224 6.68732
135964 49.6224 6.9001
140252 49.6224 6.98441
141951 49.6224 7.1432
145151 49.6224 7.25093
147322 49.6224 7.27068
147720 49.6224 7.50123
152366 49.6224 7.51621
152668 49.6224 7.69971
156366 49.6224 7.78561
158097 49.6224 7.88768
160154 49.6224 8.02767
162975 49.6224 8.30069
168477 49.6224 8.31255
168716 49.6224 8.39602
170398 49.6224 8.85135
179574 49.6224 8.97064
181978 49.6224 8.97997
182166 49.6224 9.06408
183861 49.6224 9.13003
185190 49.6224 9.23598
187325 49.6224 9.26188
187847 49.6224 9.3246
189111 49.6224 9.55123
193678 49.6224 9.57991
194256 49.6224 9.61842
195032 49.6224 9.73294
197340 49.6224 9.80311
198754 49.6224 9.83834
199464 49.6224 10.1371
205484 49.6224 10.2224
207203 49.6224 10.2848
208462 49.6224 10.4697
212187 49.6224 10.5032
212863 49.6224 10.5512
213829 49.6224 10.8888
220634 49.6224 10.9843
222557 49.6224 11.343
229786 49.6224 11.3836
230605 49.6224 11.6415
235802 49.6224 11.7666
238323 49.6224 11.9791
242605 49.6224 12.0366
243764 49.6224 12.5058
253220 49.6224 12.5118
253340 49.6224 12.6492
256108 49.6224 12.6711
256551 49.6224 13.138
265959 49.6224 13.2463
268142 49.6224 13.4525
272297 49.6224 13.5888
275044 49.6224 13.6133
275538 49.6224 13.6167
275606 49.6224 13.674
276761 49.6224 14.0381
284098 49.6224 14.2452
288272 49.6224 14.3595
290575 49.6224 14.6149
295723 49.6224 14.9536
302548 49.6224 14.9771
303022 49.6224 15.2689
308902 49.6224 15.378
311100 49.6224 15.6183
315942 49.6224 15.6765
317115 49.6224 15.7024
317638 49.6224 15.7225
318043 49.6224 16.0267
324172 49.6224 16.0381
324402 49.6224 16.2709
329094 49.6224 16.4576
332857 49.6224 16.4618
332942 49.6224 16.6114
335955 49.6224 16.638
336492 49.6224 16.6647
337029 49.6224 17.0308
344408 49.6224 17.1503
346816 49.6224 17.2406
348635 49.6224 17.2876
349583 49.6224 17.4735
353329 49.6224 17.5545
354961 49.6224 17.5843
355561 49.6224 17.5993
355865 49.6224 17.8092
360094 49.6224 17.9626
363186 49.6224 18.1912
367793 49.6224 18.2077
368124 49.6224 18.8751
381574 49.6224 19.0654
385409 49.6224 19.2984
390104 49.6224 19.5327
394826 49.6224 19.587
395921 49.6224 19.695
398097 49.6224 19.8858
401943 49.6224 19.9951
404144 49.6224 20.1939
408150 49.6224 20.4229
412765 49.6224 20.4804
413924 49.6224 20.7549
419456 49.6224 20.7929
420222 49.6224 20.8628
421630 49.6224 20.946
423307 49.6224 20.9944
424282 49.6224 21.0032
424460 49.6224 21.0088
424573 49.6224 21.0691
425788 49.6224 21.1248
426911 49.6224 21.1872
428169 49.6224 21.4181
432822 49.6224 21.4464
433392 49.6224 21.5364
435206 49.6224 21.7257
439020 49.6224 21.7777
440069 49.6224 21.9806
444157 49.6224 21.9966
444479 49.6224 22.003
444608 49.6224 22.1472
447515 49.6224 22.52
455027 49.6224 22.5261
455149 49.6224 22.6923
458500 49.6224 22.8137
460945 49.6224 23.5408
475598 49.6224 23.8752
482337 49.6224 23.9013
482863 49.6224 23.9154
483147 49.6224 24.6577
498106 49.6224 24.9234
503461 49.6224 25.0344
505697 49.6224 25.322
511494 49.6224 25.4377
513824 49.6224 25.9977
525111 49.6224 26.2723
530643 49.6224 27.1647
548628 49.6224 27.4865
555113 49.6224 27.8415
562267 49.6224 27.913
563707 49.6224 27.9264
563977 49.6224 27.9408
564267 49.6224 28.0328
566122 49.6224 28.1515
568514 49.6224 28.2212
569918 49.6224 28.3223
571955 49.6224 28.4697
574927 49.6224 28.519
575919 49.6224 28.6161
577876 49.6224 28.964
584887 49.6224 29.1127
587885 49.6224 29.1704
589048 49.6224 29.2944
591545 49.6224 29.3307
592277 49.6224 29.3677
593023 49.6224 29.459
594863 49.6224 29.6848
599413 49.6224 30.1368
608523 49.6224 30.5861
617577 49.6224 30.9596
625104 49.6224 30.9742
625398 49.6224 31.0354
626630 49.6224 31.0426
626775 49.6224 31.2576
631108 49.6224 31.5012
636018 49.6224 31.6568
639153 49.6224 31.753
641092 49.6224 31.8811
643673 49.6224 31.9626
645315 49.6224 32.0878
647839 49.6224 32.4311
654757 49.6224 32.6385
658937 49.6224 32.6627
659424 49.6224 32.7814
661817 49.6224 32.7926
662043 49.6224 32.8198
662590 49.6224 33.0604
667439 49.6224 33.0879
667994 49.6224 33.1102
668443 49.6224 33.1445
669134 49.6224 33.2752
671768 49.6224 33.4259
674805 49.6224 33.5841
677993 49.6224 33.6422
679164 49.6224 33.8756
683866 49.6224 34.327
692963 49.6224 34.3892
694217 49.6224 34.6498
699468 49.6224 34.6961
700401 49.6224 34.7128
700739 49.6224 34.7784
702060 49.6224 34.8525
703554 49.6224 34.9431
705380 49.6224 34.9851
706225 49.6224 35.0555
707645 49.6224 35.5823
718261 49.6224 35.7599
721839 49.6224 35.8549
723755 49.6224 35.8561
723778 49.6224 35.8735
724130 49.6224 36.0267
727217 49.6224 36.0851
728393 49.6224 36.1198
729093 49.6224 36.2071
730852 49.6224 36.2271
731254 49.6224 36.2325
731363 49.6224 36.5092
736939 49.6224 36.5371
737502 49.6224 36.8441
743689 49.6224 37.1165
749178 49.6224 37.3681
754248 49.6224 37.3706
754298 49.6224 37.3968
754826 49.6224 37.6331
759588 49.6224 37.7158
761255 49.6224 37.779
762530 49.6224 37.9973
766928 49.6224 38.0179
767343 49.6224 38.0184
767354 49.6224 38.3193
773418 49.6224 38.7593
782285 49.6224 38.8912
784943 49.6224 38.924
785603 49.6224 38.9945
787023 49.6224 39.0373
787886 49.6224 39.154
790239 49.6224 39.1892
790947 49.6224 39.1954
791072 49.6224 39.2048
791262 49.6224 39.5948
799122 49.6224 39.8256
803772 49.6224 39.8304
803869 49.6224 39.906
805393 49.6224 40.0592
808480 49.6224 40.072
808737 49.6224 40.0951
809204 49.6224 40.1472
810254 49.6224 40.2749
812826 49.6224 40.3711
814765 49.6224 40.5676
818726 49.6224 40.8609
824635 49.6224 40.9819
827075 49.6224 40.989
827218 49.6224 41.0385
828215 49.6224 41.3219
833926 49.6224 41.3529
834550 49.6224 41.678
841103 49.6224 41.6897
841338 49.6224 41.6952
841448 49.6224 41.7055
841656 49.6224 42.2109
851842 49.6224 42.3448
854540 49.6224 43.0985
869728 49.6224 43.118
870121 49.6224 43.1914
871600 49.6224 43.2531
872844 49.6224 43.329
874374 49.6224 43.4386
876582 49.6224 43.4823
877463 49.6224 43.5008
877835 49.6224 43.9057
885995 49.6224 44.2955
893850 49.6224 44.4815
897599 49.6224 44.6076
900140 49.6224 44.7494
902997 49.6224 44.8099
904216 49.6224 45.0009
908066 49.6224 45.0015
908078 49.6224 45.5662
919459 49.6224 45.662
921388 49.6224 45.6774
921698 49.6224 45.7561
923284 49.6224 45.8936
926056 49.6224 46.2065
932362 49.6224 46.2162
932557 49.6224 46.2421
933078 49.6224 46.4081
936425 49.6224 46.5184
938646 49.6224 46.5462
939207 49.6224 46.5483
939250 49.6224 46.7046
942399 49.6224 46.7553
943420 49.6224 46.9351
947044 49.6224 47.1827
952034 49.6224 47.5231
958893 49.6224 47.7148
962757 49.6224 47.8948
966384 49.6224 48.0282
969073 49.6224 48.2757
974060 49.6224 48.3196
974945 49.6224 48.3563
975684 49.6224 48.4371
977312 49.6224 48.4401
977374 49.6224 48.6633
981871 49.6224 48.8382
985395 49.6224 48.9231
987106 49.6224 49.4404
997531 49.6224 49.5624
999990 49.6224 49.7873
1004523 49.6224 50.1753
1012341 49.6224 50.3294
1015446 49.6224 50.3393
1015646 49.6224 50.3403
1015667 49.6224 50.3531
1015924 49.6224 50.7382
1023686 49.6224 50.7479
1023880 49.6224 50.9316
1027583 49.6224 50.9964
1028889 49.6224 51.1041
1031058 49.6224 51.129
1031560 49.6224 51.2062
1033117 49.6224 51.4231
1037488 49.6224 51.4665
1038362 49.6224 51.4749
1038531 49.6224 51.5507
1040058 49.6224 51.601
1041073 49.6224 51.6663
1042388 49.6224 51.7312
1043697 49.6224 51.7716
1044511 49.6224 52.037
1049859 49.6224 52.0524
1050169 49.6224 52.106
1051250 49.6224 52.484
1058866 49.6224 52.5121
1059433 49.6224 52.5634
1060466 49.6224 52.9178
1067608 49.6224 52.9195
1067643 49.6224 53.1315
1071915 49.6224 53.5042
1079425 49.6224 53.5303
1079951 49.6224 53.546
1080269 49.6224 53.6074
1081506 49.6224 53.6935
1083240 49.6224 53.7145
1083663 49.6224 53.7627
1084636 49.6224 53.7757
1084898 49.6224 53.8936
1087273 49.6224 53.9548
1088507 49.6224 54.1209
1091853 49.6224 54.2079
1093608 49.6224 54.2927
1095315 49.6224 54.312
1095704 49.6224 54.4967
1099428 49.6224 54.5014
1099521 49.6224 54.5189
1099874 49.6224 54.556
1100623 49.6224 54.6647
1102813 49.6224 55.1487
1112567 49.6224 55.156
1112713 49.6224 55.1708
1113011 49.6224 55.2256
1114116 49.6224 55.3514
1116651 49.6224 55.8647
1126996 49.6224 55.8721
1127144 49.6224 55.9577
1128869 49.6224 56.1044
1131826 49.6224 56.1812
1133374 49.6224 56.2304
1134364 49.6224 56.2874
1135514 49.6224 56.3476
1136726 49.6224 56.8024
1145891 49.6224 56.8881
1147619 49.6224 57.0878
1151644 49.6224 57.1795
1153492 49.6224 57.4136
1158208 49.6224 57.4618
1159181 49.6224 57.4956
1159861 49.6224 57.5801
1161564 49.6224 57.5809
1161581 49.6224 58.0677
1171390 49.6224 59.2304
1194821 49.6224 59.3588
1197408 49.6224 59.7026
1204337 49.6224 59.8308
1206921 49.6224 59.8393
1207093 49.6224 59.8398
1207102 49.6224 59.9006
1208327 49.6224 60.0533
1211405 49.6224 60.2385
1215137 49.6224 60.354
1217464 49.6224 60.3608
1217602 49.6224 60.4495
1219388 49.6224 60.4898
1220202 49.6224 60.6325
1223077 49.6224 60.9089
1228646 49.6224 61.0325
1231138 49.6224 61.0338
1231164 49.6224 61.1
1232498 49.6224 61.1122
1232744 49.6224 61.1634
1233776 49.6224 61.2266
1235049 49.6224 61.2492
1235504 49.6224 61.2492
1235505 49.6224 61.2721
1235967 49.6224 61.3222
1236975 49.6224 61.3881
1238303 49.6224 61.5185
1240932 49.6224 61.5446
1241458 49.6224 61.5449
1241463 49.6224 61.6023
1242621 49.6224 61.8137
1246880 49.6224 61.9578
1249785 49.6224 62.2083
1254832 49.6224 62.3765
1258222 49.6224 62.5774
1262270 49.6224 62.6301
1263333 49.6224 62.9671
1270123 49.6224 63.0381
1271555 49.6224 63.2463
1275751 49.6224 63.3795
1278435 49.6224 63.3877
1278599 49.6224 63.6581
1284049 49.6224 63.7825
1286557 49.6224 63.8156
1287223 49.6224 64.0848
1292649 49.6224 64.1253
1293465 49.6224 64.4947
1300909 49.6224 64.9057
1309192 49.6224 65.1118
1313345 49.6224 65.1585
1314285 49.6224 65.2268
1315662 49.6224 65.5214
1321599 49.6224 65.7196
1325593 49.6224 65.7768
1326746 49.6224 66.1204
1333670 49.6224 66.2044
1335362 49.6224 66.3002
1337293 49.6224 66.3343
1337980 49.6224 66.3352
1337999 49.6224 66.354
1338377 49.6224 66.5875
1343082 49.6224 66.8293
1347955 49.6224 66.883
1349038 49.6224 67.0429
1352260 49.6224 67.3409
1358265 49.6224 67.4703
1360873 49.6224 67.5446
1362371 49.6224 67.7303
1366112 49.6224 67.7816
1367147 49.6224 67.8491
1368506 49.6224 67.8931
1369394 49.6224 67.9809
1371163 49.6224 68.0465
1372485 49.6224 68.0581
1372718 49.6224 68.4893
1381408 49.6224 68.5686
1383006 49.6224 68.5872
1383382 49.6224 68.6072
1383784 49.6224 68.8427
1388530 49.6224 69.3753
1399263 49.6224 69.5335
1402452 49.6224 69.5706
1403198 49.6224 69.7919
1407659 49.6224 70.2682
1417257 49.6224 70.303
1417958 49.6224 70.3061
1418021 49.6224 70.6821
1425599 49.6224 70.6822
1425600 49.6224 70.8901
1429789 49.6224 71.4728
1441532 49.6224 71.6157
1444412 49.6224 71.6384
1444870 49.6224 71.7029
1446169 49.6224 72.1502
1455183 49.6224 72.3721
1459656 49.6224 72.6208
1464668 49.6224 72.6215
1464681 49.6224 72.8459
1469203 49.6224 73.0235
1472783 49.6224 73.0767
1473855 49.6224 73.4371
1481117 49.6224 73.5841
1484079 49.6224 73.7059
1486534 49.6224 73.8533
1489505 49.6224 73.8825
1490094 49.6224 74.1207
1494894 49.6224 74.3016
1498538 49.6224 74.4361
1501250 49.6224 74.6274
1505104 49.6224 74.8542
1509674 49.6224 74.9127
1510853 49.6224 74.9621
1511850 49.6224 75.0508
1513637 49.6224 75.0556
1513733 49.6224 75.0708
1514040 49.6224 75.1378
1515391 49.6224 75.2364
1517378 49.6224 75.4698
1522080 49.6224 75.4812
1522310 49.6224 75.5388
1523471 49.6224 75.5592
1523882 49.6224 75.8412
1529565 49.6224 75.8807
1530362 49.6224 76.2601
1538006 49.6224 76.3853
1540529 49.6224 76.7015
1546902 49.6224 76.9461
1551832 49.6224 77.2632
1558221 49.6224 77.3249
1559465 49.6224 77.3929
1560835 49.6224 77.4877
1562746 49.6224 77.5007
1563008 49.6224 77.52
1563397 49.6224 77.6034
1565078 49.6224 77.6904
1566830 49.6224 77.9762
1572590 49.6224 78.2275
1577654 49.6224 78.2916
1578947 49.6224 78.2981
1579076 49.6224 78.489
1582924 49.6224 78.6163
1585489 49.6224 79.0063
1593348 49.6224 79.0121
1593465 49.6224 79.099
1595216 49.6224 79.1195
1595629 49.6224 79.2286
1597829 49.6224 79.2741
1598745 49.6224 79.3659
1600596 49.6224 79.3979
1601240 49.6224 79.4155
1601595 49.6224 79.6858
1607043 49.6224 79.7096
1607522 49.6224 79.8261
1609869 49.6224 79.9781
1612933 49.6224 80.1523
1616443 49.6224 80.2156
1617718 49.6224 80.2907
1619233 49.6224 80.2941
1619300 49.6224 80.7463
1628414 49.6224 81.0069
1633666 49.6224 81.0227
1633984 49.6224 81.1549
1636647 49.6224 81.2386
1638334 49.6224 81.2506
1638577 49.6224 81.498
1643561 49.6224 82.1234
1656166 49.6224 82.4392
1662530 49.6224 82.7452
1668695 49.6224 82.8419
1670644 49.6224 82.9842
1673513 49.6224 83.2796
1679465 49.6224 83.3974
1681839 49.6224 83.567
1685256 49.6224 83.7033
1688004 49.6224 83.7289
1688520 49.6224 84.149
1696985 49.6224 84.1645
1697297 49.6224 84.4671
1703395 49.6224 84.4792
1703640 49.6224 84.6441
1706963 49.6224 85.0004
1714143 49.6224 85.2746
1719668 49.6224 85.3796
1721785 49.6224 85.4542
1723288 49.6224 85.5772
1725767 49.6224 85.8339
1730940 49.6224 85.8453
1731170 49.6224 85.9832
1733948 49.6224 86.0071
1734430 49.6224 86.0532
1735360 49.6224 86.1659
1737630 49.6224 86.4894
1744149 49.6224 87.3434
1761360 49.6224 87.4145
1762792 49.6224 87.4238
1762979 49.6224 87.5474
1765471 49.6224 87.8491
1771550 49.6224 87.9373
1773327 49.6224 87.9835
1774258 49.6224 87.9988
1774567 49.6224 88.0294
1775183 49.6224 88.0345
1775286 49.6224 88.0535
1775670 49.6224 88.1723
1778063 49.6224 88.2056
1778735 49.6224 88.384
1782330 49.6224 88.4194
1783044 49.6224 88.603
1786743 49.6224 88.8832
1792390 49.6224 88.9074
1792878 49.6224 89.0095
1794935 49.6224 89.3215
1801223 49.6224 89.3221
1801235 49.6224 89.5132
1805085 49.6224 89.6659
1808163 49.6224 89.696
1808769 49.6224 89.7871
1810606 49.6224 89.7966
1810796 49.6224 89.9382
1813651 49.6224 90.0006
1814907 49.6224 90.0652
1816210 49.6224 90.0959
1816828 49.6224 90.2073
1819073 49.6224 90.7716
1830445 49.6224 90.8532
1832089 49.6224 91.0403
1835860 49.6224 91.0406
1835866 49.6224 91.2424
1839932 49.6224 91.3821
1842748 49.6224 91.3936
1842980 49.6224 91.5149
1845425 49.6224 91.5238
1845603 49.6224 91.5579
1846290 49.6224 91.7895
1850958 49.6224 91.9996
1855191 49.6224 92.0001
1855203 49.6224 92.1327
1857874 49.6224 92.3261
1861772 49.6224 92.3606
1862467 49.6224 92.4207
1863679 49.6224 92.4773
1864818 49.6224 92.5521
1866327 49.6224 92.7868
1871056 49.6224 92.8197
1871719 49.6224 92.8353
1872033 49.6224 93.225
1879887 49.6224 93.6609
1888670 49.6224 94.1394
1898314 49.6224 94.2922
1901392 49.6224 94.582
1907233 49.6224 94.7038
1909688 49.6224 94.9416
1914480 49.6224 95.0325
1916312 49.6224 95.0762
1917192 49.6224 95.0934
1917539 49.6224 95.1454
1918586 49.6224 95.1698
1919078 49.6224 95.2588
1920872 49.6224 95.4595
1924916 49.6224 95.555
1926842 49.6224 96.0635
1937088 49.6224 96.2034
1939907 49.6224 96.3536
1942934 49.6224 96.5318
1946525 49.6224 96.5391
1946673 49.6224 96.7045
1950006 49.6224 96.7716
1951359 49.6224 96.8115
1952162 49.6224 96.8135
1952202 49.6224 97.2125
1960244 49.6224 97.2487
1960973 49.6224 97.4959
1965955 49.6224 97.5054
1966145 49.6224 97.8522
1973135 49.6224 97.961
1975328 49.6224 98.0661
1977446 49.6224 98.7258
1990739 49.6224 99.0585
1997444 49.6224 99.087
1998019 49.6224 99.1271
1998827 49.6224 99.1869
2000032 49.6224 99.3281
2002877 49.6224 99.5299
2006944 49.6224 99.5435
2007217 49.6224 99.8206
2012803 49.6224 99.9748
2015909 49.6224 100.07
2017822 49.6224 100.112
2018678 49.6224 100.18
2020037 49.6224 100.192
2020280 49.6224 100.308
2022628 49.6224 100.37
2023878 49.6224 100.391
2024288 49.6224 100.674
2029999 49.6224 100.682
2030154 49.6224 100.834
2033233 49.6224 101.12
2038985 49.6224 101.221
2041020 49.6224 101.24
2041414 49.6224 101.398
2044598 49.6224 101.465
2045940 49.6224 101.512
2046884 49.6224 101.575
2048164 49.6224 101.635
2049367 49.6224 101.842
2053533 49.6224 101.892
2054540 49.6224 101.914
2054985 49.6224 101.981
2056333 49.6224 102.247
2061702 49.6224 102.6
2068808 49.6224 102.727
2071374 49.6224 102.858
2074015 49.6224 103.221
2081327 49.6224 103.274
2082395 49.6224 103.411
2085148 49.6224 103.47
2086344 49.6224 103.509
2087125 49.6224 103.678
2090543 49.6224 103.847
2093934 49.6224 104.037
2097775 49.6224 104.072
2098470 49.6224 104.151
2100062 49.6224 104.174
2100532 49.6224 105.111
2119416 49.6224 105.179
2120777 49.6224 105.407
2125385 49.6224 105.557
2128404 49.6224 105.585
2128964 49.6224 105.675
2130784 49.6224 105.734
2131966 49.6224 105.825
2133801 49.6224 105.998
2137285 49.6224 106.108
2139503 49.6224 106.326
2143898 49.6224 106.515
2147708 49.6224 107.166
2160832 49.6224 107.661
2170811 49.6224 107.675
2171084 49.6224 107.773
2173069 49.6224 107.915
2175925 49.6224 108.089
2179423 49.6224 108.233
2182334 49.6224 108.244
2182554 49.6224 109.106
2199918 49.6224 109.303
2203895 49.6224 109.311
2204058 49.6224 109.478
2207424 49.6224 109.731
2212520 49.6224 109.766
2213216 49.6224 110.041
2218769 49.6224 110.096
2219864 49.6224 110.253
2223029 49.6224 110.439
2226780 49.6224 110.517
2228364 49.6224 110.664
2231313 49.6224 110.885
2235767 49.6224 111.101
2240122 49.6224 111.112
2240347 49.6224 111.152
2241146 49.6224 111.163
2241371 49.6224 111.258
2243291 49.6224 111.291
2243957 49.6224 111.695
2252103 49.6224 111.815
2254509 49.6224 112.038
2259002 49.6224 112.437
2267044 49.6224 112.462
2267555 49.6224 112.594
2270224 49.6224 113.143
2281272 49.6224 113.213
2282698 49.6224 113.337
2285177 49.6224 113.883
2296184 49.6224 113.9
2296537 49.6224 113.908
2296701 49.6224 113.909
2296717 49.6224 113.994
2298423 49.6224 114.025
2299051 49.6224 114.251
2303614 49.6224 114.542
2309480 49.6224 114.601
2310654 49.6224 114.636
2311371 49.6224 115.024
2319189 49.6224 115.34
2325555 49.6224 115.382
2326406 49.6224 115.612
2331032 49.6224 115.75
2333807 49.6224 115.89
2336641 49.6224 116.046
2339772 49.6224 116.126
2341393 49.6224 116.618
2351307 49.6224 116.85
2355980 49.6224 116.862
2356230 49.6224 116.993
2358861 49.6224 117.248
2364012 49.6224 117.284
2364718 49.6224 117.366
2366375 49.6224 117.381
2366690 49.6224 117.43
2367664 49.6224 117.866
2376466 49.6224 117.905
2377245 49.6224 118.599
2391227 49.6224 118.708
2393415 49.6224 118.823
2395736 49.6224 119.184
2403026 49.6224 119.218
2403696 49.6224 119.497
2409329 49.6224 119.68
2413014 49.6224 119.685
2413105 49.6224 119.782
2415071 49.6224 119.826
2415961 49.6224 120.202
2423522 49.6224 120.304
2425591 49.6224 120.306
2425626 49.6224 120.31
2425715 49.6224 120.637
2432289 49.6224 120.696
2433493 49.6224 120.773
2435044 49.6224 120.827
2436117 49.6224 121.148
2442589 49.6224 121.19
2443433 49.6224 121.365
2446977 49.6224 121.525
2450200 49.6224 121.782
2455370 49.6224 122.327
2466356 49.6224 122.664
2473146 49.6224 122.724
2474347 49.6224 122.921
2478331 49.6224 123.1
2481933 49.6224 123.271
2485384 49.6224 123.642
2492863 49.6224 123.833
2496706 49.6224 123.95
2499063 49.6224 124.363
2507393 49.6224 124.413
2508383 49.6224 124.446
2509048 49.6224 124.461
2509360 49.6224 124.612
2512396 49.6224 124.982
2519854 49.6224 125.219
2524629 49.6224 125.31
2526468 49.6224 125.315
2526565 49.6224 125.546
2531215 49.6224 126.224
2544897 49.6224 126.656
2553586 49.6224 126.843
2557357 49.6224 127.038
2561285 49.6224 127.056
2561654 49.6224 127.106
2562660 49.6224 127.13
2563146 49.6224 127.352
2567628 49.6224 127.446
2569522 49.6224 127.569
2571992 49.6224 127.603
2572684 49.6224 127.625
2573114 49.6224 127.798
2576615 49.6224 127.854
2577727 49.6224 127.883
2578326 49.6224 127.989
2580447 49.6224 128.157
2583850 49.6224 128.229
2585298 49.6224 128.469
2590138 49.6224 128.668
2594142 49.6224 128.784
2596472 49.6224 128.852
2597848 49.6224 128.888
2598565 49.6224 129.142
2603700 49.6224 129.338
2607643 49.6224 129.417
2609236 49.6224 129.45
2609891 49.6224 129.47
2610301 49.6224 129.558
2612074 49.6224 129.628
2613490 49.6224 129.659
2614110 49.6224 129.812
2617193 49.6224 130.089
2622778 49.6224 130.281
2626652 49.6224 130.284
2626703 49.6224 130.34
2627840 49.6224 130.479
2630636 49.6224 130.573
2632537 49.6224 130.67
2634484 49.6224 130.811
2637334 49.6224 130.812
2637344 49.6224 131.01
2641331 49.6224 131.271
2646606 49.6224 131.424
2649680 49.6224 131.442
2650045 49.6224 131.482
2650855 49.6224 131.487
2650941 49.6224 131.497
2651144 49.6224 131.709
2655422 49.6224 131.939
2660051 49.6224 132.038
2662057 49.6224 132.218
2665677 49.6224 132.256
2666448 49.6224 132.29
2667136 49.6224 132.398
2669317 49.6224 132.453
2670420 49.6224 132.852
2678460 49.6224 133.203
2685525 49.6224 133.275
2686982 49.6224 133.293
2687349 49.6224 133.365
2688792 49.6224 133.638
2694293 49.6224 133.657
2694674 49.6224 133.685
2695241 49.6224 133.743
2696417 49.6224 133.769
2696944 49.6224 133.824
2698049 49.6224 134.45
2710669 49.6224 134.587
2713423 49.6224 134.738
2716465 49.6224 135.143
2724626 49.6224 135.196
2725686 49.6224 135.541
2732637 49.6224 135.587
2733571 49.6224 135.693
2735706 49.6224 135.812
2738117 49.6224 136.122
2744356 49.6224 136.692
2755849 49.6224 136.809
2758195 49.6224 136.9
2760037 49.6224 136.951
2761056 49.6224 137.108
2764221 49.6224 137.869
2779569 49.6224 138.015
2782505 49.6224 138.135
2784922 49.6224 138.246
2787152 49.6224 138.455
2791369 49.6224 138.527
2792820 49.6224 138.563
2793537 49.6224 138.594
2794168 49.6224 138.594
2794177 49.6224 138.695
2796200 49.6224 138.741
2797127 49.6224 138.786
2798031 49.6224 138.864
2799607 49.6224 139.045
2803257 49.6224 139.12
2804779 49.6224 139.35
2809412 49.6224 139.627
2814985 49.6224 139.986
2822226 49.6224 140.026
2823035 49.6224 140.062
2823755 49.6224 140.072
2823947 49.6224 140.103
2824578 49.6224 140.13
2825133 49.6224 140.227
2827077 49.6224 140.468
2831928 49.6224 140.485
2832286 49.6224 140.539
2833374 49.6224 140.96
2841853 49.6224 141.023
2843114 49.6224 141.072
2844107 49.6224 141.207
2846820 49.6224 141.221
2847113 49.6224 141.252
2847744 49.6224 141.3
2848707 49.6224 141.503
2852788 49.6224 141.544
2853610 49.6224 141.703
2856816 49.6224 142.111
2865044 49.6224 142.367
2870207 49.6224 142.395
2870774 49.6224 142.422
2871308 49.6224 142.562
2874133 49.6224 142.576
2874408 49.6224 142.61
2875104 49.6224 142.66
2876115 49.6224 142.803
2878990 49.6224 142.805
2879023 49.6224 143.162
2886227 49.6224 143.338
2889776 49.6224 143.42
2891421 49.6224 143.537
2893780 49.6224 143.652
2896107 49.6224 143.69
2896874 49.6224 143.956
2902221 49.6224 143.966
2902422 49.6224 144.065
2904432 49.6224 144.177
2906679 49.6224 144.229
2907730 49.6224 144.234
2907831 49.6224 144.563
2914449 49.6224 144.624
2915697 49.6224 144.754
2918309 49.6224 144.925
2921754 49.6224 144.952
2922308 49.6224 145.035
2923968 49.6224 145.093
2925138 49.6224 145.32
2929710 49.6224 145.526
2933864 49.6224 145.782
2939019 49.6224 145.915
2941710 49.6224 145.932
2942047 49.6224 146.57
2954907 49.6224 146.676
2957041 49.6224 146.689
2957300 49.6224 146.831
2960170 49.6224 146.964
2962854 49.6224 147.08
2965180 49.6224 147.088
2965349 49.6224 147.364
2970902 49.6224 147.806
2979808 49.6224 148.004
2983801 49.6224 148.195
2987648 49.6224 148.233
2988413 49.6224 148.272
2989212 49.6224 148.37
2991174 49.6224 148.404
2991863 49.6224 148.481
2993422 49.6224 148.764
2999123 49.6224 148.794
2999731 49.6224 148.998
3003836 49.6224 149.253
3008982 49.6224 149.276
3009432 49.6224 149.522
3014391 49.6224 150.029
3024610 49.6224 150.041
3024856 49.6224 150.082
3025670 49.6224 150.194
3027942 49.6224 150.2
3028058 49.6224 150.271
3029481 49.6224 150.494
3033978 49.6224 150.613
3036381 49.6224 150.696
3038054 49.6224 150.699
3038120 49.6224 150.726
3038649 49.6224 150.727
3038681 49.6224 150.847
3041092 49.6224 151.187
3047946 49.6224 151.305
3050334 49.6224 151.316
3050551 49.6224 151.341
3051045 49.6224 151.495
3054144 49.6224 151.515
3054566 49.6224 151.555
3055370 49.6224 151.737
3059039 49.6224 151.895
3062206 49.6224 152.423
3072847 49.6224 152.434
3073076 49.6224 152.454
3073484 49.6224 152.49
3074214 49.6224 152.569
3075791 49.6224 152.657
3077567 49.6224 152.726
3078961 49.6224 152.898
3082430 49.6224 153.163
3087765 49.6224 153.166
3087833 49.6224 153.186
3088235 49.6224 153.216
3088834 49.6224 153.305
3090634 49.6224 153.352
3091585 49.6224 153.397
3092492 49.6224 153.409
3092716 49.6224 153.934
3103306 49.6224 154.133
3107306 49.6224 154.139
3107442 49.6224 154.203
3108723 49.6224 154.33
3111285 49.6224 154.495
3114605 49.6224 154.533
3115368 49.6224 154.679
3118320 49.6224 154.883
3122434 49.6224 155.225
3129317 49.6224 155.285
3130527 49.6224 155.323
3131290 49.6224 155.416
3133170 49.6224 155.468
3134221 49.6224 155.739
3139683 49.6224 155.807
3141051 49.6224 155.82
3141315 49.6224 155.91
3143133 49.6224 155.935
3143636 49.6224 155.936
3143644 49.6224 155.942
3143779 49.6224 156.097
3146894 49.6224 156.349
3151972 49.6224 156.536
3155733 49.6224 157.009
3165266 49.6224 157.106
3167226 49.6224 157.36
3172338 49.6224 157.449
3174131 49.6224 157.615
3177487 49.6224 157.636
3177905 49.6224 157.704
3179281 49.6224 157.869
3182613 49.6224 157.985
3184944 49.6224 158.13
3187870 49.6224 158.449
3194288 49.6224 158.603
3197390 49.6224 159.261
3210648 49.6224 159.402
3213490 49.6224 159.415
3213762 49.6224 159.73
3220103 49.6224 159.791
3221346 49.6224 159.854
3222605 49.6224 160.125
3228062 49.6224 160.166
3228889 49.6224 160.618
3238003 49.6224 160.859
3242862 49.6224 161.073
3247169 49.6224 161.102
3247750 49.6224 161.11
3247923 49.6224 161.271
3251170 49.6224 161.496
3255698 49.6224 161.504
3255863 49.6224 161.526
3256295 49.6224 161.542
3256616 49.6224 161.832
3262462 49.6224 162.172
3269322 49.6224 162.503
3275991 49.6224 162.542
3276766 49.6224 163
3286002 49.6224 163.021
3286434 49.6224 163.048
3286981 49.6224 163.063
3287266 49.6224 163.193
3289891 49.6224 163.38
3293664 49.6224 163.49
3295875 49.6224 163.505
3296178 49.6224 163.716
3300442 49.6224 163.756
3301243 49.6224 163.806
3302252 49.6224 163.893
3303999 49.6224 163.909
3304323 49.6224 164.164
3309461 49.6224 164.301
3312217 49.6224 164.686
3319972 49.6224 164.754
3321355 49.6224 165.413
3334625 49.6224 165.652
3339456 49.6224 165.881
3344058 49.6224 166.156
3349602 49.6224 166.241
3351326 49.6224 166.366
3353829 49.6224 166.469
3355907 49.6224 166.485
3356235 49.6224 166.522
3356979 49.6224 166.653
3359616 49.6224 166.694
3360456 49.6224 166.726
3361089 49.6224 166.955
3365697 49.6224 167.093
3368479 49.6224 167.257
3371793 49.6224 167.32
3373062 49.6224 167.706
3380831 49.6224 167.735
3381417 49.6224 167.866
3384067 49.6224 167.915
3385058 49.6224 167.928
3385320 49.6224 167.97
3386156 49.6224 168.073
3388238 49.6224 168.091
3388597 49.6224 168.135
3389478 49.6224 168.165
3390095 49.6224 168.284
3392495 49.6224 168.497
3396782 49.6224 168.629
3399447 49.6224 168.71
3401069 49.6224 168.807
3403025 49.6224 168.821
3403315 49.6224 168.885
3404605 49.6224 169.028
3407486 49.6224 169.127
3409483 49.6224 169.381
3414593 49.6224 169.412
3415214 49.6224 169.514
3417266 49.6224 169.686
3420749 49.6224 170.18
3430699 49.6224 170.607
3439294 49.6224 170.749
3442156 49.6224 170.755
3442294 49.6224 170.768
3442555 49.6224 170.904
3445286 49.6224 171.214
3451529 49.6224 171.322
3453713 49.6224 171.812
3463582 49.6224 171.9
3465355 49.6224 172.296
3473340 49.6224 172.416
3475767 49.6224 172.52
3477856 49.6224 172.676
3481002 49.6224 172.749
3482466 49.6224 172.833
3484165 49.6224 172.844
3484383 49.6224 172.934
3486201 49.6224 173.032
3488176 49.6224 173.07
3488946 49.6224 173.128
3490096 49.6224 173.289
3493346 49.6224 173.329
3494154 49.6224 173.662
3500861 49.6224 173.686
3501342 49.6224 173.745
3502545 49.6224 173.771
3503054 49.6224 174.016
3507997 49.6224 174.069
3509059 49.6224 174.467
3517097 49.6224 174.783
3523453 49.6224 174.791
3523626 49.6224 174.859
3524985 49.6224 174.865
3525107 49.6224 174.967
3527159 49.6224 175.313
3534131 49.6224 175.377
3535429 49.6224 175.571
3539329 49.6224 175.666
3541254 49.6224 175.854
3545040 49.6224 176.173
3551472 49.6224 176.229
3552590 49.6224 176.458
3557219 49.6224 176.49
3557850 49.6224 176.517
3558404 49.6224 177.142
3571006 49.6224 177.177
3571696 49.6224 177.565
3579523 49.6224 177.676
3581751 49.6224 177.688
3581994 49.6224 177.757
3583397 49.6224 177.959
3587451 49.6224 178.183
3591974 49.6224 178.202
3592362 49.6224 178.237
3593072 49.6224 178.456
3597478 49.6224 178.586
3600096 49.6224 178.793
3604270 49.6224 178.85
3605424 49.6224 178.885
3606127 49.6224 178.935
3607137 49.6224 179.051
3609467 49.6224 179.299
3614471 49.6224 179.364
3615781 49.6224 179.479
3618087 49.6224 179.546
3619441 49.6224 179.577
3620060 49.6224 179.585
3620224 49.6224 179.725
3623047 49.6224 179.8
3624570 49.6224 180.158
3631775 49.6224 180.485
3638367 49.6224 180.541
3639503 49.6224 180.657
3641823 49.6224 180.785
3644418 49.6224 181.097
3650705 49.6224 181.339
3655585 49.6224 181.583
3660489 49.6224 181.655
3661945 49.6224 181.771
3664291 49.6224 181.889
3666658 49.6224 181.997
3668833 49.6224 182.107
3671046 49.6224 182.446
3677883 49.6224 182.449
3677946 49.6224 182.449
3677953 49.6224 182.451
3677989 49.6224 182.61
3681193 49.6224 183.035
3689747 49.6224 183.1
3691055 49.6224 183.274
3694578 49.6224 183.421
3697542 49.6224 183.63
3701743 49.6224 183.954
3708280 49.6224 183.976
3708723 49.6224 184.078
3710770 49.6224 184.214
3713514 49.6224 184.488
3719042 49.6224 184.678
3722855 49.6224 185.352
3736451 49.6224 185.392
3737245 49.6224 185.422
3737861 49.6224 185.51
3739638 49.6224 185.672
3742901 49.6224 185.682
3743102 49.6224 185.785
3745167 49.6224 185.914
3747772 49.6224 185.991
3749323 49.6224 186.015
3749805 49.6224 186.063
3750772 49.6224 186.335
3756248 49.6224 186.418
3757932 49.6224 187.032
3770293 49.6224 187.045
3770572 49.6224 187.104
3771743 49.6224 187.198
3773641 49.6224 187.207
3773834 49.6224 187.333
3776362 49.6224 187.517
3780083 49.6224 187.546
3780650 49.6224 187.685
3783470 49.6224 187.714
3784051 49.6224 187.892
3787625 49.6224 187.955
3788909 49.6224 187.962
3789034 49.6224 187.986
3789524 49.6224 188.21
3794046 49.6224 188.515
3800193 49.6224 188.65
3802898 49.6224 188.721
3804344 49.6224 189.035
3810666 49.6224 189.067
3811310 49.6224 189.128
3812535 49.6224 189.155
3813075 49.6224 189.495
3819935 49.6224 189.616
3822379 49.6224 189.757
3825217 49.6224 190.149
3833121 49.6224 190.159
3833320 49.6224 190.244
3835035 49.6224 190.353
3837230 49.6224 190.811
3846462 49.6224 190.905
3848357 49.6224 191.34
3857119 49.6224 192.015
3870718 49.6224 192.173
3873903 49.6224 192.496
3880416 49.6224 192.646
3883438 49.6224 192.659
3883693 49.6224 192.676
3884041 49.6224 192.961
3889792 49.6224 193.382
3898260 49.6224 193.459
3899826 49.6224 193.679
3904248 49.6224 193.802
3906738 49.6224 193.845
3907605 49.6224 193.878
3908272 49.6224 193.938
3909479 49.6224 194.087
3912471 49.6224 194.165
3914051 49.6224 194.222
3915194 49.6224 194.276
3916281 49.6224 194.589
3922601 49.6224 194.623
3923267 49.6224 194.833
3927517 49.6224 194.857
3927990 49.6224 195.17
3934297 49.6224 195.468
3940310 49.6224 195.535
3941664 49.6224 195.587
3942711 49.6224 195.934
3949690 49.6224 196.055
3952125 49.6224 196.415
3959397 49.6224 196.427
3959625 49.6224 196.932
3969811 49.6224 197.195
3975116 49.6224 197.383
3978889 49.6224 197.651
3984289 49.6224 197.719
3985663 49.6224 197.791
3987111 49.6224 198.187
3995092 49.6224 198.211
3995575 49.6224 198.226
3995889 49.6224 198.276
3996893 49.6224 198.373
3998838 49.6224 198.51
4001599 49.6224 198.616
4003744 49.6224 198.624
4003896 49.6224 198.656
4004542 49.6224 198.712
4005672 49.6224 198.834
4008145 49.6224 198.852
4008495 49.6224 199.106
4013626 49.6224 199.117
4013850 49.6224 199.227
4016052 49.6224 199.258
4016685 49.6224 199.28
4017119 49.6224 199.466
4020882 49.6224 199.579
4023145 49.6224 200.218
4036026 49.6224 200.247
4036608 49.6224 200.294
4037560 49.6224 200.626
4044243 49.6224 200.707
4045876 49.6224 201.644
4064770 49.6224 201.645
4064779 49.6224 202.082
4073595 49.6224 202.177
4075515 49.6224 202.3
4077976 49.6224 202.416
4080331 49.6224 202.458
4081170 49.6224 202.59
4083829 49.6224 202.74
4086859 49.6224 202.988
4091841 49.6224 203.208
4096283 49.6224 203.446
4101080 49.6224 203.651
4105208 49.6224 203.681
4105816 49.6224 203.759
4107387 49.6224 203.968
4111590 49.6224 204.097
4114197 49.6224 204.19
4116065 49.6224 204.455
4121410 49.6224 204.474
4121802 49.6224 204.505
4122421 49.6224 204.948
4131349 49.6224 205.377
4139998 49.6224 205.423
4140914 49.6224 205.506
4142599 49.6224 205.565
4143790 49.6224 205.758
4147675 49.6224 206.006
4152674 49.6224 206.125
4155061 49.6224 206.229
4157156 49.6224 206.338
4159350 49.6224 206.685
4166355 49.6224 206.829
4169261 49.6224 207.092
4174559 49.6224 207.812
4189057 49.6224 208.132
4195506 49.6224 208.146
4195804 49.6224 208.195
4196789 49.6224 208.297
4198837 49.6224 208.691
4206774 49.6224 208.737
4207702 49.6224 209.107
4215160 49.6224 209.126
4215535 49.6224 209.189
4216823 49.6224 209.232
4217675 49.6224 209.246
4217964 49.6224 209.349
4220029 49.6224 209.36
4220257 49.6224 209.458
4222229 49.6224 209.545
4223993 49.6224 209.828
4229695 49.6224 209.855
4230233 49.6224 209.991
4232974 49.6224 210.187
4236924 49.6224 210.226
4237707 49.6224 210.336
4239932 49.6224 210.692
4247099 49.6224 210.709
4247442 49.6224 210.925
4251805 49.6224 210.968
4252669 49.6224 211.282
4258990 49.6224 211.399
4261345 49.6224 211.409
4261550 49.6224 211.473
4262842 49.6224 211.48
4262989 49.6224 211.604
4265485 49.6224 211.748
4268375 49.6224 211.802
4269471 49.6224 212.072
4274908 49.6224 212.174
4276977 49.6224 212.714
4287859 49.6224 212.94
4292409 49.6224 213.272
4299085 49.6224 213.325
4300163 49.6224 213.52
4304088 49.6224 213.68
4307322 49.6224 213.712
4307967 49.6224 213.727
4308269 49.6224 214.324
4320287 49.6224 214.445
4322742 49.6224 214.478
4323392 49.6224 214.509
4324013 49.6224 214.57
4325246 49.6224 214.623
4326329 49.6224 214.936
4332627 49.6224 214.983
4333579 49.6224 214.988
4333672 49.6224 215.245
4338851 49.6224 215.536
4344718 49.6224 216.048
4355047 49.6224 216.11
4356278 49.6224 216.158
4357253 49.6224 216.319
4360502 49.6224 216.325
4360613 49.6224 216.444
4363012 49.6224 216.49
4363953 49.6224 216.576
4365679 49.6224 216.596
4366074 49.6224 216.814
4370468 49.6224 216.91
4372406 49.6224 217.079
4375806 49.6224 217.179
4377835 49.6224 217.507
4384431 49.6224 217.513
4384551 49.6224 217.572
4385741 49.6224 217.73
4388924 49.6224 218.327
4400961 49.6224 218.334
4401095 49.6224 218.386
4402162 49.6224 218.542
4405304 49.6224 218.921
4412944 49.6224 218.959
4413699 49.6224 218.963
4413782 49.6224 219.332
4421215 49.6224 219.433
4423258 49.6224 219.747
4429571 49.6224 220.015
4434980 49.6224 220.067
4436035 49.6224 220.069
4436068 49.6224 220.264
4440000 49.6224 220.512
4444991 49.6224 220.734
4449478 49.6224 220.863
4452079 49.6224 220.964
4454115 49.6224 220.981
4454445 49.6224 221.168
4458215 49.6224 221.746
4469873 49.6224 221.871
4472375 49.6224 221.908
4473137 49.6224 222.306
4481145 49.6224 222.708
4489252 49.6224 222.845
4492021 49.6224 222.937
4493862 49.6224 223.116
4497479 49.6224 223.203
4499224 49.6224 223.323
4501645 49.6224 223.397
4503136 49.6224 223.464
4504494 49.6224 223.474
4504697 49.6224 223.575
4506717 49.6224 223.643
4508096 49.6224 223.645
4508139 49.6224 223.738
4510015 49.6224 223.754
4510323 49.6224 223.769
4510631 49.6224 223.861
4512492 49.6224 224.227
4519859 49.6224 224.318
4521696 49.6224 224.445
4524246 49.6224 224.486
4525086 49.6224 224.753
4530467 49.6224 225.027
4535984 49.6224 225.091
4537265 49.6224 225.387
4543248 49.6224 225.429
4544088 49.6224 225.844
4552452 49.6224 225.897
4553507 49.6224 225.981
4555211 49.6224 225.985
4555296 49.6224 226.097
4557538 49.6224 226.098
4557571 49.6224 226.172
4559049 49.6224 226.2
4559617 49.6224 226.448
4564612 49.6224 226.475
4565162 49.6224 226.539
4566449 49.6224 226.663
4568948 49.6224 226.714
4569974 49.6224 226.786
4571441 49.6224 227.178
4579331 49.6224 227.57
4587227 49.6224 227.751
4590887 49.6224 227.924
4594374 49.6224 228.01
4596089 49.6224 228.554
4607053 49.6224 228.616
4608309 49.6224 228.927
4614582 49.6224 228.939
4614821 49.6224 229.098
4618030 49.6224 229.321
4622525 49.6224 229.334
4622779 49.6224 229.478
4625685 49.6224 229.593
4627991 49.6224 229.81
4632363 49.6224 229.84
4632974 49.6224 229.869
4633566 49.6224 229.945
4635095 49.6224 229.964
4635476 49.6224 229.979
4635772 49.6224 230.032
4636851 49.6224 230.479
4645858 49.6224 230.886
4654061 49.6224 230.911
4654556 49.6224 231.145
4659266 49.6224 231.22
4660793 49.6224 231.282
4662028 49.6224 231.556
4667553 49.6224 231.56
4667638 49.6224 231.906
4674604 49.6224 232.264
4681824 49.6224 232.45
4685569 49.6224 232.636
4689324 49.6224 232.758
4691771 49.6224 232.958
4695813 49.6224 233.076
4698179 49.6224 233.474
4706216 49.6224 233.513
4706995 49.6224 234.085
4718525 49.6224 234.106
4718952 49.6224 234.149
4719802 49.6224 234.188
4720588 49.6224 234.214
4721126 49.6224 234.658
4730078 49.6224 234.777
4732475 49.6224 235.186
4740707 49.6224 235.335
4743714 49.6224 235.501
4747054 49.6224 235.505
4747144 49.6224 235.517
4747377 49.6224 235.653
4750126 49.6224 235.696
4750996 49.6224 235.699
4751057 49.6224 235.813
4753347 49.6224 235.887
4754842 49.6224 235.924
4755582 49.6224 235.951
4756129 49.6224 235.999
4757100 49.6224 236.375
4764661 49.6224 236.387
4764920 49.6224 236.579
4768772 49.6224 237.15
4780292 49.6224 237.344
4784189 49.6224 237.407
4785477 49.6224 237.418
4785684 49.6224 238.113
4799688 49.6224 238.775
4813026 49.6224 238.987
4817298 49.6224 239.137
4820334 49.6224 239.206
4821717 49.6224 239.277
4823144 49.6224 239.298
4823571 49.6224 239.436
4826348 49.6224 239.797
4833631 49.6224 239.841
4834512 49.6224 239.958
4836883 49.6224 240.148
4840695 49.6224 240.486
4847506 49.6224 240.528
4848372 49.6224 240.543
4848657 49.6224 240.749
4852811 49.6224 240.764
4853128 49.6224 240.875
4855352 49.6224 240.936
4856576 49.6224 241.068
4859239 49.6224 241.086
4859598 49.6224 241.221
4862319 49.6224 241.712
4872221 49.6224 241.877
4875550 49.6224 241.962
4877260 49.6224 242.007
4878160 49.6224 242.323
4884531 49.6224 242.374
4885571 49.6224 242.389
4885858 49.6224 242.443
4886959 49.6224 242.57
4889503 49.6224 242.719
4892508 49.6224 242.753
4893202 49.6224 242.845
4895052 49.6224 242.959
4897356 49.6224 243.075
4899698 49.6224 243.22
4902606 49.6224 243.222
4902653 49.6224 243.349
4905216 49.6224 243.405
4906340 49.6224 243.414
4906513 49.6224 243.523
4908723 49.6224 243.636
4910992 49.6224 243.665
4911586 49.6224 243.856
4915423 49.6224 243.902
4916357 49.6224 243.923
4916771 49.6224 243.989
4918117 49.6224 244.484
4928094 49.6224 244.771
4933878 49.6224 245.041
4939305 49.6224 245.076
4940010 49.6224 245.084
4940175 49.6224 245.148
4941474 49.6224 245.274
4944009 49.6224 245.41
4946740 49.6224 245.443
4947406 49.6224 245.643
4951447 49.6224 245.829
4955179 49.6224 245.935
4957332 49.6224 245.954
4957702 49.6224 246.257
4963819 49.6224 246.351
4965703 49.6224 246.461
4967917 49.6224 246.715
4973048 49.6224 246.724
4973218 49.6224 246.775
4974250 49.6224 247.472
4988289 49.6224 247.707
4993027 49.6224 247.752
4993941 49.6224 247.848
4995881 49.6224 247.86
4996109 49.6224 247.956
4998046 49.6224 248.019
