10374	40.9164	0.297749
17651	40.9164	0.514893
22958	40.9164	0.690465
27249	40.9164	1.05458
36148	40.9164	1.05548
36170	40.9164	1.07418
36627	40.9164	1.28891
41875	40.9164	1.29026
41908	40.9164	1.54574
48152	40.9164	1.62954
50200	40.9164	1.89001
56566	40.9164	1.98113
58793	40.9164	2.39185
68831	40.9164	2.52925
72189	40.9164	2.54005
72453	40.9164	2.71174
76649	40.9164	2.80122
78836	40.9164	2.89418
81108	40.9164	2.92581
81881	40.9164	3.01644
84096	40.9164	3.08318
85727	40.9164	3.10949
86370	40.9164	3.21088
88848	40.9164	3.33923
91985	40.9164	3.63948
99323	40.9164	3.80335
103328	40.9164	3.81411
103591	40.9164	3.81873
103704	40.9164	3.92863
106390	40.9164	4.04304
109186	40.9164	4.05511
109481	40.9164	4.12667
111230	40.9164	4.28199
115026	40.9164	4.31104
115736	40.9164	4.36714
117107	40.9164	4.38326
117501	40.9164	4.6452
123903	40.9164	4.65523
124148	40.9164	4.68624
124906	40.9164	5.04213
133604	40.9164	5.22589
138095	40.9164	5.44692
143497	40.9164	5.74115
150688	40.9164	6.02679
157669	40.9164	6.13689
160360	40.9164	6.17077
161188	40.9164	6.195
161780	40.9164	6.24761
163066	40.9164	6.3096
164581	40.9164	6.32184
164880	40.9164	6.36942
166043	40.9164	6.37065
166073	40.9164	6.45289
168083	40.9164	6.54
170212	40.9164	6.55936
170685	40.9164	6.58751
171373	40.9164	6.76697
175759	40.9164	6.82732
177234	40.9164	6.83792
177493	40.9164	7.03984
182428	40.9164	7.04921
182657	40.9164	7.19663
186260	40.9164	7.28129
188329	40.9164	7.72584
199194	40.9164	8.0112
206168	40.9164	8.08366
207939	40.9164	8.12216
208880	40.9164	8.21598
211173	40.9164	8.22916
211495	40.9164	8.43738
216584	40.9164	8.52924
218829	40.9164	8.66643
222182	40.9164	8.87388
227252	40.9164	8.93673
228788	40.9164	8.94229
228924	40.9164	9.11275
233090	40.9164	9.21533
235597	40.9164	9.31913
238134	40.9164	9.41974
240593	40.9164	9.43738
241024	40.9164	9.58795
244704	40.9164	9.8927
252152	40.9164	10.022
255313	40.9164	10.2974
262043	40.9164	10.869
276014	40.9164	11.0016
279253	40.9164	11.0882
281371	40.9164	11.1263
282301	40.9164	11.1416
282676	40.9164	11.1715
283405	40.9164	11.2154
284478	40.9164	11.2216
284630	40.9164	11.2491
285302	40.9164	11.2841
286158	40.9164	11.3153
286920	40.9164	11.5015
291471	40.9164	11.585
293512	40.9164	11.6326
294676	40.9164	11.6365
294771	40.9164	11.6962
296229	40.9164	11.7251
296936	40.9164	11.8545
300098	40.9164	11.9327
302010	40.9164	11.9533
302514	40.9164	11.993
303484	40.9164	12.0063
303809	40.9164	12.0871
305784	40.9164	12.1703
307817	40.9164	12.1949
308419	40.9164	12.2465
309680	40.9164	12.3038
311079	40.9164	12.7223
321308	40.9164	12.8448
324302	40.9164	12.8821
325212	40.9164	13.0052
328221	40.9164	13.2497
334198	40.9164	13.6136
343090	40.9164	13.9769
351970	40.9164	14.059
353977	40.9164	14.0813
354522	40.9164	14.1488
356171	40.9164	14.1709
356711	40.9164	14.2724
359193	40.9164	14.4067
362475	40.9164	14.4138
362649	40.9164	14.4433
363370	40.9164	14.6179
367635	40.9164	14.6764
369066	40.9164	14.689
369375	40.9164	14.7081
369841	40.9164	14.7951
371967	40.9164	14.8297
372813	40.9164	14.8722
373852	40.9164	15.0475
378136	40.9164	15.0713
378717	40.9164	15.1399
380393	40.9164	15.1891
381596	40.9164	15.2216
382391	40.9164	15.2406
382855	40.9164	15.4656
388353	40.9164	16.026
402050	40.9164	16.2485
407487	40.9164	16.8826
422985	40.9164	17.0059
425999	40.9164	17.0216
426382	40.9164	17.0826
427873	40.9164	17.0938
428147	40.9164	17.1895
430486	40.9164	17.624
441106	40.9164	17.6538
441834	40.9164	18.0187
450751	40.9164	18.1888
454909	40.9164	18.3202
458120	40.9164	18.3206
458131	40.9164	18.6261
465598	40.9164	19.0045
474846	40.9164	19.0242
475327	40.9164	19.1394
478143	40.9164	19.1585
478609	40.9164	19.4747
486337	40.9164	19.5182
487400	40.9164	19.7615
493347	40.9164	19.9983
499134	40.9164	20.0352
500036	40.9164	20.1925
503879	40.9164	20.2234
504634	40.9164	20.4239
509536	40.9164	20.6401
514818	40.9164	20.7551
517629	40.9164	20.9553
522522	40.9164	21.0258
524246	40.9164	21.0477
524780	40.9164	21.07
525327	40.9164	21.4084
533596	40.9164	21.575
537668	40.9164	21.5999
538277	40.9164	21.6923
540535	40.9164	22.1025
550559	40.9164	22.1107
550761	40.9164	22.7571
566559	40.9164	22.8512
568859	40.9164	22.8988
570023	40.9164	23.0347
573344	40.9164	23.0794
574436	40.9164	23.2429
578432	40.9164	23.2671
579022	40.9164	23.3186
580281	40.9164	23.4905
584484	40.9164	23.4943
584577	40.9164	23.7102
589853	40.9164	23.7939
591897	40.9164	24.0801
598893	40.9164	24.154
600700	40.9164	24.1962
601731	40.9164	24.3258
604897	40.9164	24.4043
606817	40.9164	24.5892
611336	40.9164	24.9259
619565	40.9164	25.0166
621780	40.9164	25.0719
623133	40.9164	25.0959
623720	40.9164	25.3485
629892	40.9164	25.3942
631009	40.9164	25.7952
640811	40.9164	25.913
643688	40.9164	26.082
647820	40.9164	26.1035
648344	40.9164	26.1721
650021	40.9164	26.3653
654743	40.9164	26.5511
659284	40.9164	26.5709
659769	40.9164	26.6042
660581	40.9164	26.6982
662879	40.9164	26.7061
663072	40.9164	26.7573
664323	40.9164	26.8419
666391	40.9164	26.9053
667940	40.9164	26.9386
668755	40.9164	27.0446
671345	40.9164	27.282
677147	40.9164	27.3709
679319	40.9164	27.3927
679852	35.5546	27.4765
682210	35.5546	27.634
686640	35.5546	27.8108
691612	35.5546	27.8897
693832	35.5546	28.0632
698712	35.5546	28.0868
699374	35.5546	28.2383
703637	35.5546	28.2956
705248	35.5546	28.3583
707011	35.5546	28.369
707311	35.5546	28.4304
709038	35.5546	28.4496
709579	35.5546	28.4838
710540	35.5546	28.5059
711162	35.5546	28.5261
711731	35.5546	28.8033
719527	35.5546	28.8711
721435	35.5546	29.0405
726199	35.5546	29.0425
726256	35.5546	29.1038
727978	35.5546	29.1192
728412	35.5546	29.1885
730361	35.5546	29.2536
732191	35.5546	29.3988
736276	35.5546	29.4028
736390	35.5546	29.4299
737152	35.5546	29.6287
742741	35.5546	29.7262
745484	35.5546	29.7524
746220	35.5546	29.8247
748255	35.5546	30.0355
754184	35.5546	30.2011
758840	35.5546	30.2735
760879	35.5546	30.3422
762809	35.5546	30.44
765561	35.5546	30.5992
770039	35.5546	30.623
770709	35.5546	30.9339
779451	20.2918	30.9486
780179	20.2918	30.9814
781792	20.2918	31.2114
793130	20.2918	31.2135
793233	20.2918	31.2458
794821	20.2918	31.2936
797181	20.2918	31.3004
797514	20.2918	31.3217
798562	20.2918	31.3955
802201	20.2918	31.428
803801	20.2918	31.5176
808218	20.2918	31.5211
808392	20.2918	31.5984
812200	20.2918	31.6407
814284	20.2918	31.7024
817324	20.2918	31.7187
818126	20.2918	31.766
820460	20.2918	31.8104
822649	20.2918	31.8327
823745	20.2918	31.9036
827242	20.2918	31.9892
831460	20.2918	32.0058
832275	20.2918	32.1322
838506	20.2918	32.1398
838880	20.2918	32.1809
840904	20.2918	32.2151
842592	20.2918	32.2173
842698	20.2918	32.37
850225	20.2918	32.4127
852329	20.2918	32.47
855155	20.2918	32.4926
856266	20.2918	32.5578
859478	20.2918	32.6404
863551	20.2918	32.6672
864870	20.2918	32.6957
866276	20.2918	32.8074
871782	20.2918	32.8135
872083	20.2918	33.11
886695	20.2918	33.1207
887221	20.2918	33.175
889896	20.2918	33.3203
897056	20.2918	33.3216
897121	20.2918	33.46
903943	20.2918	33.4921
905525	20.2918	33.666
914093	20.2918	33.7452
917995	20.2918	33.7465
918060	20.2918	33.8114
921256	20.2918	33.8312
922233	20.2918	33.8494
923132	20.2918	33.862
923750	20.2918	33.9973
930421	20.2918	34.0079
930943	20.2918	34.0161
931347	20.2918	34.0589
933453	20.2918	34.0698
933992	20.2918	34.1118
936063	20.2918	34.2022
940518	20.2918	34.2176
941278	20.2918	34.2506
942904	20.2918	34.3611
948347	20.2918	34.3619
948388	20.2918	34.4253
951514	20.2918	34.4852
954465	20.2918	34.5418
957254	20.2918	34.5583
958067	20.2918	34.6566
962912	20.2918	34.6703
963588	20.2918	34.7035
965221	20.2918	34.7966
969808	20.2918	34.8252
971219	20.2918	34.8457
972228	20.2918	34.9259
976183	20.2918	34.949
977321	20.2918	34.9974
979704	20.2918	35.0067
980166	20.2918	35.0084
980247	20.2918	35.0178
980712	20.2918	35.0609
982833	20.2918	35.1437
986916	20.2918	35.2158
990466	20.2918	35.2264
990989	20.2918	35.2503
992170	20.2918	35.2509
992198	20.2918	35.2759
993431	20.2918	35.2849
993874	20.2918	35.348
996984	20.2918	35.4092
1000000	4.11186	35.419
1002387	4.11186	35.4222
1003148	4.11186	35.4252
1003895	4.11186	35.4451
1008739	4.11186	35.4718
1015219	4.11186	35.5299
1029347	4.11186	35.5316
1029755	4.11186	35.546
1033272	4.11186	35.555
1035461	4.11186	35.5667
1038308	4.11186	35.6143
1049865	4.11186	35.6303
1053758	4.11186	35.6353
1054990	4.11186	35.6486
1058226	4.11186	35.6691
1063206	4.11186	35.6846
1066966	4.11186	35.6961
1069759	4.11186	35.7102
1073194	4.11186	35.7154
1074469	4.11186	35.7372
1079765	4.11186	35.7489
1082607	4.11186	35.7494
1082732	4.11186	35.7533
1083675	4.11186	35.7557
1084265	4.11186	35.7826
1090811	4.11186	35.7897
1092537	4.11186	35.7906
1092764	4.11186	35.7941
1093608	4.11186	35.8097
1097404	4.11186	35.8272
1101665	4.11186	35.8274
1101711	4.11186	35.8274
1101712	4.11186	35.8328
1103008	4.11186	35.8377
1104212	4.11186	35.8475
1106586	4.11186	35.8567
1108835	4.11186	35.8604
1109722	4.11186	35.8737
1112966	4.11186	35.903
1120087	4.11186	35.9054
1120661	4.11186	35.9065
1120931	4.11186	35.9178
1123691	4.11186	35.9209
1124449	4.11186	35.9308
1126838	4.11186	35.9333
1127448	4.11186	35.9397
1129024	4.11186	35.9406
1129232	4.11186	35.9643
1135006	4.11186	35.9781
1138350	4.11186	35.9908
1141443	4.11186	36.0158
1147516	4.11186	36.016
1147579	4.11186	36.0189
1148272	4.11186	36.0306
1151124	4.11186	36.0389
1153140	4.11186	36.0634
1159091	4.11186	36.0699
1160669	4.11186	36.074
1161674	4.11186	36.0771
1162431	4.11186	36.0998
1167949	4.11186	36.1019
1168452	4.11186	36.108
1169935	4.11186	36.1117
1170840	4.11186	36.1128
1171114	4.11186	36.1191
1172644	4.11186	36.1396
1177628	4.11186	36.1534
1180986	4.11186	36.1771
1186749	4.11186	36.1821
1187974	4.11186	36.1852
1188727	4.11186	36.2031
1193067	4.11186	36.2075
1194132	4.11186	36.2427
1202696	4.11186	36.263
1207650	4.11186	36.2864
1213343	4.11186	36.2943
1215253	4.11186	36.3008
1216821	4.11186	36.333
1224671	4.11186	36.3403
1226438	4.11186	36.3957
1239908	4.11186	36.3967
1240155	4.11186	36.4481
1252667	4.11186	36.4697
1257918	4.11186	36.4749
1259183	4.11186	36.4774
1259779	4.11186	36.4848
1261575	4.11186	36.507
1266975	4.11186	36.5125
1268310	4.11186	36.5148
1268874	4.11186	36.5195
1270030	4.11186	36.5233
1270934	4.11186	36.5273
1271914	4.11186	36.5279
1272065	4.11186	36.5374
1274363	4.11186	36.5401
1275025	4.11186	36.5447
1276154	4.11186	36.5565
1279008	4.11186	36.5688
1282005	4.09928	36.5696
1282216	3.76824	36.6125
1293583	3.23149	36.6197
1295830	3.23149	36.633
1299930	3.23149	36.6389
1301745	3.23149	36.6442
1303403	3.23149	36.6446
1303526	3.23149	36.6697
1311280	3.23149	36.6748
1312855	3.23149	36.6935
1318647	3.23149	36.7014
1321105	3.23149	36.749
1335837	3.23149	36.7535
1337223	3.23149	36.7585
1338776	3.23149	36.7609
1339514	3.23149	36.8051
1353178	3.23149	36.8103
1354812	3.23149	36.8153
1356343	3.23149	36.8177
1357093	3.23149	36.8297
1360816	3.23149	36.8374
1363200	3.23149	36.8443
1365313	3.23149	36.8705
1373443	3.23149	36.8783
1375857	3.23149	36.8813
1376783	3.23149	36.8847
1377828	3.23149	36.8899
1379421	3.23149	36.8906
1379647	3.23149	36.8911
1379799	3.23149	36.8968
1381567	3.01171	36.9208
1389553	2.88914	36.9418
1396810	2.88914	36.947
1398592	2.88914	36.9735
1407774	2.60799	36.9798
1410195	2.60799	36.991
1414496	2.60799	36.995
1416005	2.60799	37.0091
1421413	2.60799	37.0163
1424184	2.60799	37.0205
1425786	2.60799	37.0332
1430676	2.60799	37.0336
1430814	2.60799	37.0527
1438146	2.60799	37.073
1445946	2.60799	37.0979
1455459	2.60799	37.1046
1458062	2.60799	37.1076
1459183	2.60799	37.109
1459750	2.60799	37.1111
1460546	2.60799	37.114
1461634	2.60799	37.1175
1462986	2.60799	37.126
1466249	2.60799	37.1392
1471319	2.60799	37.1449
1473484	2.60799	37.1469
1474265	2.60799	37.1501
1475504	2.60799	37.1593
1479038	2.60799	37.1639
1480766	2.60799	37.1693
1482851	2.60799	37.1928
1491884	2.60799	37.2024
1495557	2.60799	37.2153
1500501	2.60799	37.221
1502684	2.60799	37.2218
1502991	2.60799	37.2228
1503388	2.60799	37.2287
1505618	2.60799	37.2361
1508483	2.60799	37.2398
1509883	2.60799	37.2454
1512053	2.60799	37.2677
1520592	2.60799	37.2761
1523824	2.60799	37.2984
1532375	2.60799	37.3056
1535099	2.60799	37.312
1537566	2.60799	37.3137
1538220	2.60799	37.3139
1538310	2.60799	37.3295
1544272	2.60799	37.3295
1544291	2.60799	37.3348
1546320	2.60799	37.3467
1550890	2.60799	37.3519
1552872	2.60799	37.3522
1552973	2.60799	37.3612
1556441	2.60799	37.3632
1557197	2.60799	37.3647
1557784	2.60799	37.3666
1558505	2.60799	37.376
1562104	2.60799	37.3793
1563396	2.60799	37.3814
1564186	2.60799	37.3872
1566409	2.60799	37.3873
1566459	2.60799	37.3926
1568490	2.60799	37.3934
1568783	2.60799	37.3993
1571027	2.60799	37.4032
1572533	2.60799	37.4043
1572980	2.60799	37.405
1573244	2.60799	37.4203
1579081	2.60799	37.4276
1581893	2.60799	37.4354
1584893	2.60799	37.4377
1585773	2.60799	37.4586
1593786	2.60799	37.4638
1595788	2.60799	37.4675
1597180	2.60799	37.4697
1598040	2.57214	37.4704
1598329	2.54107	37.5115
1614491	2.54107	37.5273
1620690	2.54107	37.5315
1622341	2.54107	37.5403
1625833	2.54107	37.5457
1627933	2.54107	37.5853
1643510	2.54107	37.5853
1643532	2.54107	37.5862
1643888	2.54107	37.5941
1646997	2.54107	37.5959
1647687	2.54107	37.598
1648508	2.54107	37.6179
1656345	2.54107	37.6184
1656547	2.54107	37.6185
1656605	2.54107	37.6258
1659455	2.54107	37.6289
1660675	2.54107	37.6326
1662124	2.54107	37.6338
1662607	2.54107	37.634
1662691	2.54107	37.6429
1666211	2.54107	37.6445
1666815	2.54107	37.6649
1674844	2.54107	37.6696
1676696	2.54107	37.6842
1682447	2.54107	37.6871
1683607	2.54107	37.6963
1687193	2.54107	37.6967
1687370	2.54107	37.7135
1693985	2.54107	37.7148
1694501	2.54107	37.7251
1698557	2.54107	37.7259
1698844	2.54107	37.7438
1705922	2.54107	37.7574
1711266	2.54107	37.7599
1712251	2.54107	37.7624
1713211	2.54107	37.7674
1715184	2.54107	37.7733
1717531	2.54107	37.7752
1718248	2.54107	37.7877
1723176	2.54107	37.7956
1726277	2.54107	37.8142
1733611	2.54107	37.8201
1735931	2.54107	37.8234
1737246	2.54107	37.8242
1737540	2.54107	37.8302
1739892	2.54107	37.8321
1740649	2.54107	37.839
1743359	2.54107	37.8393
1743499	2.54107	37.8576
1750683	2.54107	37.8602
1751726	2.54107	37.8657
1753856	2.54107	37.8673
1754495	2.54107	37.8784
1758876	2.54107	37.8879
1762609	2.54107	37.8879
1762614	2.54107	37.8945
1765192	2.54107	37.9109
1771674	2.54107	37.9149
1773231	2.54107	37.9303
1779308	2.54107	37.9342
1780847	2.54107	37.9463
1785578	2.54107	37.9511
1787499	2.54107	37.9534
1788402	2.54107	37.962
1791785	2.54107	37.9655
1793136	2.54107	37.988
1801995	2.54107	37.9917
1803479	2.54107	37.9919
1803538	2.54107	37.9945
1804578	2.54107	38.0061
1809142	2.54107	38.0089
1810228	2.54107	38.0213
1815129	2.54107	38.0289
1818086	2.54107	38.0344
1820247	2.54107	38.0524
1827343	2.54107	38.0732
1835532	2.54107	38.0782
1837495	2.87466	38.0902
1841671	2.87466	38.0906
1841829	2.87466	38.1083
1847987	2.87466	38.1255
1853952	2.87466	38.1324
1856352	2.87466	38.138
1858294	2.87466	38.139
1858646	2.87466	38.1412
1859427	2.87466	38.1418
1859611	2.87466	38.1554
1864362	2.87466	38.1654
1867829	2.87466	38.1779
1872169	2.87466	38.1825
1873785	2.87466	38.1931
1877455	2.87466	38.1941
1877815	2.87466	38.1986
1879393	2.87466	38.2081
1882687	2.87466	38.2086
1882865	2.87466	38.2156
1885293	2.87466	38.216
1885434	2.87466	38.2184
1886258	2.87466	38.2189
1886444	2.87466	38.2198
1886748	2.87466	38.2335
1891523	2.87466	38.2345
1891874	2.87466	38.2346
1891910	2.87466	38.2404
1893913	2.87466	38.2418
1894415	2.87466	38.2552
1899089	2.87466	38.2778
1906941	2.87466	38.2988
1914234	2.87466	38.3034
1915851	2.87466	38.3172
1920632	2.87466	38.3273
1924156	2.87466	38.33
1925101	2.87466	38.3494
1931830	2.87466	38.3529
1933062	2.87466	38.3544
1933593	2.87466	38.3582
1934915	2.87466	38.3684
1938452	2.87466	38.3768
1941386	2.87466	38.3916
1946517	2.87466	38.4075
1952055	2.87466	38.4256
1958342	2.87466	38.4364
1962102	2.87466	38.441
1963705	2.87466	38.4482
1966209	2.87466	38.4499
1966786	2.87466	38.4594
1970095	2.87466	38.4615
1970829	2.87466	38.4717
1974373	2.87466	38.4809
1977598	2.87466	38.4998
1984170	2.87466	38.5015
1984742	2.87466	38.515
1989445	2.87466	38.5158
1989723	2.87466	38.5179
1990474	2.87466	38.5309
1994977	2.87466	38.5504
2001762	2.87466	38.5782
2011424	2.87466	38.5834
2013237	2.87466	38.6315
2029965	2.87466	38.6519
2037088	2.87466	38.6716
2043929	2.87466	38.6727
2044300	2.87466	38.6759
2045417	2.87466	38.678
2046166	2.87466	38.6866
2049143	2.87466	38.6977
2052989	2.87466	38.7426
2068608	2.87466	38.7531
2072278	2.87466	38.7598
2074609	2.87466	38.7732
2079267	2.87466	38.7738
2079466	2.87466	38.7745
2079718	2.87466	38.7774
2080737	2.87466	38.7822
2082394	2.87466	38.7894
2084919	2.87466	38.7909
2085421	2.87466	38.7929
2086114	2.87466	38.8029
2089613	2.87466	38.804
2089988	2.87466	38.8111
2092470	2.87466	38.8139
2093423	2.87466	38.8237
2096835	2.87466	38.8245
2097114	2.87466	38.8413
2102967	2.87466	38.8528
2106972	2.87466	38.8534
2107180	2.87466	38.8663
2111657	2.87466	38.8667
2111805	2.87466	38.8749
2114653	2.87466	38.8842
2117875	2.87466	38.8864
2118653	2.87466	38.8995
2123213	2.87466	38.9108
2127152	2.87466	38.9447
2138929	2.87466	38.9554
2142657	2.87466	38.9584
2143698	2.87466	38.9588
2143828	2.87466	38.9662
2146397	2.85581	38.9706
2147950	2.85581	38.9752
2149545	2.85581	38.9827
2152172	2.85581	38.988
2154039	2.85581	38.992
2155447	2.85581	38.9957
2156737	2.85581	39.0051
2160044	2.85581	39.0079
2161021	2.85581	39.0202
2165325	2.85581	39.0278
2167976	2.85581	39.0305
2168934	2.85581	39.0356
2170703	2.85581	39.036
2170833	2.85581	39.0855
2188188	2.85581	39.1253
2202121	2.85581	39.1276
2202912	2.85581	39.1316
2204324	2.85581	39.132
2204469	2.85581	39.1515
2211309	2.85581	39.1538
2212112	2.85581	39.1908
2225068	2.85581	39.2104
2231915	2.85581	39.2193
2235049	2.85581	39.2352
2240596	2.85581	39.2372
2241318	2.85581	39.2422
2243056	2.85581	39.2537
2247078	2.85581	39.2835
2257507	2.85581	39.2975
2262433	2.85581	39.3046
2264906	2.85581	39.3177
2269504	2.85581	39.3179
2269571	2.85581	39.3359
2275852	2.85581	39.3467
2279639	2.85581	39.3778
2290543	2.85581	39.3791
2291003	2.85581	39.3801
2291354	2.85581	39.3958
2296847	2.85581	39.4173
2304374	2.85581	39.4323
2309615	2.85581	39.4448
2313990	2.85581	39.4455
2314239	2.85581	39.4475
2314925	2.85581	39.457
2318270	2.85581	39.459
2318955	2.85581	39.463
2320353	2.85581	39.4764
2325065	2.85581	39.4822
2327077	2.85581	39.5142
2338302	2.85581	39.5216
2340903	2.85581	39.5441
2348776	2.85581	39.5474
2349914	2.85581	39.552
2351526	2.85581	39.5523
2351653	2.85581	39.5796
2361191	2.85581	39.5843
2362851	2.85581	39.594
2366244	2.85581	39.5943
2366360	2.85581	39.6092
2371554	2.85581	39.6096
2371710	2.85581	39.61
2371845	2.85581	39.6135
2373056	2.85581	39.6233
2376516	2.85581	39.6528
2386835	2.85581	39.6595
2389168	2.85581	39.6665
2391639	2.85581	39.6841
2397791	2.85581	39.6872
2398877	2.85581	39.6898
2399799	2.85581	39.6921
2400598	2.85581	39.7012
2403790	2.85581	39.7225
2411228	2.85581	39.7274
2412965	2.85581	39.7313
2414327	2.85581	39.7374
2416456	2.85581	39.7388
2416955	2.85581	39.7561
2422996	2.85581	39.7568
2423244	2.85581	39.7634
2425560	2.85581	39.7719
2428529	2.85247	39.7722
2428642	2.01891	39.7909
2437880	2.01891	39.7943
2439599	2.01891	39.7976
2441195	2.01891	39.8002
2442514	2.01321	39.8142
2449477	1.87428	39.8151
2449913	1.87044	39.8257
2455613	1.87044	39.8327
2459362	1.87044	39.8339
2459964	1.87044	39.8396
2463014	1.87044	39.844
2465396	1.87044	39.8479
2467477	1.83859	39.8492
2468176	1.83859	39.8536
2470553	1.83859	39.8564
2472088	1.83859	39.8573
2472596	1.83859	39.8642
2476340	1.83859	39.8688
2478858	1.83859	39.8689
2478909	1.83859	39.8722
2480687	1.83859	39.8725
2480836	1.83859	39.8797
2484787	1.83859	39.8831
2486620	1.83859	39.8893
2489977	1.83859	39.9212
2507345	1.83859	39.9228
2508188	1.83859	39.9234
2508527	1.83859	39.9271
2510564	1.83859	39.9388
2516941	1.83859	39.9493
2522640	1.83859	39.9589
2527836	1.83859	39.9681
2532877	1.83859	39.9696
2533674	1.83859	39.9718
2534876	1.83859	39.9785
2538518	1.83859	39.9853
2542186	1.83859	39.9882
2543766	1.83859	39.993
2546412	1.83859	40.0007
2550603	1.83859	40.0034
2552048	1.83859	40.007
2553990	1.83859	40.0213
2561795	1.83859	40.0279
2565359	1.83859	40.0291
2566050	1.83859	40.0355
2569498	1.83859	40.037
2570300	1.83859	40.0457
2575051	1.83859	40.0493
2577003	1.83859	40.0514
2578174	1.83859	40.0577
2581610	1.83859	40.0579
2581668	1.83859	40.0611
2583444	1.83859	40.0663
2586259	1.83859	40.0675
2586931	1.83859	40.0705
2588519	1.83859	40.0844
2596083	1.83859	40.0864
2597184	1.83859	40.0961
2602463	1.83859	40.1071
2608472	1.83859	40.1152
2612846	1.83859	40.1154
2612952	1.83859	40.1179
2614342	1.83859	40.1203
2615637	1.83859	40.1243
2617797	1.83859	40.1249
2618158	1.83859	40.1253
2618368	1.83859	40.127
2619267	1.83859	40.1274
2619488	1.83859	40.1487
2631077	1.83859	40.1505
2632084	1.83859	40.1547
2634334	1.83859	40.157
2635574	1.83859	40.162
2638319	1.83859	40.1726
2644098	1.83859	40.1767
2646290	1.83859	40.1871
2651937	1.83859	40.1872
2652007	1.83859	40.198
2657914	1.83859	40.2046
2661500	1.83859	40.2116
2665297	1.83859	40.2221
2670983	1.83859	40.2307
2675693	1.83859	40.2472
2684646	1.83859	40.248
2685087	1.83859	40.2515
2687011	1.83859	40.2529
2687772	1.83859	40.253
2687791	1.83859	40.2531
2687873	1.83859	40.2577
2690373	1.83859	40.259
2691090	1.83859	40.2611
2692185	1.83859	40.2681
2696029	1.83859	40.2691
2696554	1.83859	40.2714
2697831	1.83859	40.277
2700878	1.83859	40.2827
2703964	1.83859	40.288
2706856	1.83859	40.2987
2712656	1.83859	40.3017
2714297	1.83859	40.304
2715553	1.83859	40.3064
2716827	1.83859	40.3071
2717231	1.83859	40.3075
2717439	1.83859	40.3154
2721741	1.83859	40.3156
2721866	1.83859	40.3365
2733241	1.83859	40.3379
2733969	1.83859	40.3421
2736251	1.83859	40.3445
2737557	1.83859	40.3495
2740310	1.83859	40.3517
2741486	1.83859	40.3525
2741911	1.83859	40.3547
2743133	1.83859	40.3582
2745008	1.83859	40.3593
2745624	1.83859	40.3638
2748059	1.83859	40.3752
2754247	1.83859	40.3826
2758322	1.83859	40.3829
2758484	1.83859	40.3929
2763907	1.83859	40.3965
2765852	1.83859	40.397
2766130	1.83859	40.4172
2777138	1.83859	40.4196
2778394	1.83859	40.4224
2779927	1.83859	40.4303
2784243	1.83859	40.4359
2787286	1.83859	40.4475
2793621	1.83859	40.4478
2793769	1.83859	40.4482
2793969	1.83859	40.4599
2800351	1.83859	40.4695
2805541	1.83859	40.472
2806923	1.83859	40.4782
2810309	1.83859	40.4789
2810670	1.83859	40.486
2814507	1.83859	40.4888
2816059	1.83859	40.4971
2820594	1.83859	40.5013
2822881	1.83859	40.5072
2826045	1.83859	40.5088
2826943	1.83859	40.5263
2836464	1.83859	40.5346
2840950	1.83859	40.5452
2846732	1.83859	40.5458
2847077	1.83859	40.5501
2849401	1.83859	40.5583
2853880	1.83859	40.559
2854240	1.83859	40.5601
2854823	1.83859	40.5636
2856762	1.83859	40.5721
2861360	1.83859	40.5737
2862232	1.83859	40.5739
2862363	1.83859	40.5743
2862569	1.83859	40.5768
2863901	1.83859	40.5777
2864433	1.83859	40.5882
2870136	1.83859	40.5949
2873737	1.83859	40.6047
2879070	1.83859	40.6062
2879888	1.83859	40.608
2880914	1.83859	40.6132
2883726	1.83859	40.6184
2886572	1.83859	40.6211
2887989	1.83859	40.6274
2891445	1.83859	40.6621
2910317	1.83859	40.6732
2916342	1.83859	40.6765
2918122	1.83859	40.6824
2921350	1.83859	40.683
2921685	1.83859	40.6873
2924033	1.83859	40.6972
2929421	1.83859	40.7129
2937970	1.83859	40.7333
2949016	1.83859	40.7436
2954650	1.83859	40.7445
2955139	1.83859	40.7449
2955364	1.83859	40.7527
2959596	1.83859	40.7575
2962219	1.83859	40.7611
2964156	1.83859	40.7613
2964274	1.83859	40.7614
2964329	1.83859	40.7625
2964908	1.83859	40.7665
2967081	1.83859	40.7665
2967091	1.83859	40.7713
2969696	1.83859	40.7887
2979156	1.83859	40.7899
2979824	1.83859	40.7902
2979975	1.83859	40.7925
2981242	1.71782	40.7991
2985073	1.71782	40.8011
2986258	1.71782	40.8041
2988000	1.71782	40.8101
2991480	1.71782	40.8111
2992038	1.71782	40.8141
2993820	1.71782	40.8168
2995405	1.71782	40.8193
2996867	1.71782	40.8272
3001415	1.71782	40.8551
3017704	1.71782	40.858
3019354	1.71782	40.8591
3020004	1.71782	40.8595
3020257	1.71782	40.8601
3020584	1.71782	40.8732
3028243	1.71782	40.8772
3030522	1.71782	40.8787
3031443	1.71782	40.8804
3032400	1.71782	40.8954
3041110	1.71782	40.8973
3042230	1.71782	40.9003
3043980	1.71782	40.902
3045004	1.71782	40.9081
3048533	1.71782	40.9102
3049748	1.71782	40.9124
3051043	1.71782	40.916
3053104	1.71782	40.9217
3056455	1.71782	40.9237
3057597	1.71782	40.9274
3059770	1.71782	40.93
3061289	1.71782	40.9365
3065085	1.71782	40.941
3067681	1.71782	40.9413
3067872	1.71782	40.9513
3073689	1.71782	40.958
3077565	1.71782	40.964
3081101	1.71782	40.9764
3088312	1.71782	40.9885
3095341	1.71782	40.9925
3097641	1.71782	40.9942
3098681	1.71782	40.9944
3098772	1.71782	40.9978
3100768	1.71782	41.0063
3105670	1.71782	41.0119
3108971	1.71782	41.0183
3112690	1.71782	41.0225
3115155	1.71782	41.0453
3128414	1.71782	41.0477
3129794	1.71782	41.049
3130556	1.71782	41.0619
3138055	1.71782	41.0626
3138482	1.71782	41.0662
3140588	1.71782	41.0735
3144809	1.71782	41.0864
3152330	1.71782	41.0912
3155119	1.71782	41.0926
3155922	1.71782	41.1042
3162675	1.71782	41.1048
3163023	1.71782	41.1063
3163902	1.71782	41.1095
3165789	1.71782	41.1097
3165879	1.71782	41.1212
3172593	1.71782	41.1214
3172719	1.71782	41.1241
3174267	1.71782	41.1245
3174490	1.71782	41.1304
3177962	2.34747	41.1397
3181915	2.34747	41.1409
3182413	2.34747	41.1451
3184203	2.34747	41.1463
3184700	2.34747	41.1481
3185487	2.46552	41.1598
3190235	2.46552	41.1628
3191455	2.46552	41.1635
3191751	2.46552	41.1926
3203545	2.46552	41.1962
3204979	2.46552	41.1964
3205077	2.46552	41.1996
3206367	2.46552	41.2014
3207089	2.99014	41.2318
3217267	2.99014	41.2342
3218073	4.47389	41.2591
3223629	4.47389	41.2597
3223780	4.47389	41.264
3224741	4.47389	41.2726
3226660	4.47389	41.2791
3228116	4.47389	41.2894
3230399	4.47389	41.3176
3236717	4.47389	41.3262
3238641	4.47389	41.3273
3238883	4.47389	41.3344
3240474	4.47389	41.3545
3244962	4.47389	41.3631
3246872	4.47389	41.3703
3248501	4.47389	41.3791
3250468	4.62671	41.4177
3258813	4.62671	41.4445
3264592	4.66948	41.4507
3265923	4.66948	41.4535
3266512	4.66948	41.4771
3271582	4.66948	41.4857
3273417	4.66948	41.4893
3274179	4.66948	41.5064
3277861	4.66948	41.5123
3279111	4.66948	41.5124
3279133	4.66948	41.5225
3281309	4.66948	41.5244
3281707	4.66948	41.538
3284615	4.66948	41.5381
3284632	4.66948	41.5458
3286294	4.66948	41.5497
3287127	4.66948	41.5955
3296928	4.66948	41.5959
3297011	4.66948	41.6047
3298911	4.66948	41.6386
3306155	4.66948	41.6675
3312345	4.66948	41.6821
3315487	4.66948	41.6904
3317261	4.66948	41.6937
3317969	4.66948	41.7379
3327434	4.66948	41.7658
3333409	4.66948	41.7683
3333929	4.66948	41.7859
3337699	4.66948	41.7897
3338521	4.66948	41.793
3339225	4.66948	41.7956
3339781	4.66948	41.8013
3341005	4.66948	41.812
3343290	4.66948	41.8266
3346424	4.66948	41.8277
3346668	4.66948	41.8345
3348121	4.66948	41.8411
3349520	4.66948	41.8541
3352317	4.66948	41.8593
3353429	4.66948	41.8596
3353488	4.66948	41.8666
3354992	4.66948	41.8705
3355819	4.66948	41.8814
3358167	4.66948	41.8879
3359555	4.66948	41.8991
3361949	4.66948	41.9081
3363880	4.66948	41.9137
3365086	4.66948	41.9224
3366942	4.66948	41.9325
3369104	4.66948	41.9394
3370579	4.66948	41.9506
3372969	4.66948	41.9626
3375548	4.66948	41.9678
3376666	4.66948	41.978
3378838	4.66948	41.9906
3381549	4.66948	41.999
3383334	4.66948	41.9994
3383427	4.66948	42.0043
3384473	4.66948	42.0054
3384705	4.66948	42.008
3385269	4.66948	42.0109
3385902	4.66948	42.0233
3388556	4.66948	42.0234
3388580	4.66948	42.0245
3388806	4.66948	42.0316
3390328	4.66948	42.0327
3390571	4.66948	42.0401
3392144	4.66948	42.0427
3392708	4.66948	42.0473
3393679	4.66948	42.0553
3395396	4.66948	42.0611
3396648	4.66948	42.0775
3400157	4.66948	42.0808
3400868	4.66948	42.0946
3403814	4.66948	42.1386
3413244	4.66948	42.1476
3415164	4.66948	42.1515
3416001	4.66948	42.1949
3425305	4.66948	42.2053
3427526	4.66948	42.2058
3427626	4.66948	42.2197
3430611	4.66948	42.2264
3432041	4.66948	42.2351
3433905	4.66948	42.2541
3437984	4.66948	42.2738
3442187	4.66948	42.2959
3446920	4.66948	42.3109
3450131	4.66948	42.3269
3453560	4.66948	42.3363
3455572	4.66948	42.3536
3459295	4.66948	42.3639
3461494	4.66948	42.3683
3462443	4.66948	42.3954
3468237	4.66948	42.4034
3469939	4.66948	42.4067
3470663	4.66948	42.4104
3471454	4.66948	42.4155
3472544	4.66948	42.4429
3478418	4.66948	42.4489
3479701	4.66948	42.4496
3479843	4.66948	42.4507
3480089	4.66948	42.4565
3481328	4.66948	42.4615
3482390	4.66948	42.468
3483776	4.66948	42.4728
3484811	4.66948	42.4772
3485761	4.66948	42.4922
3488967	4.66948	42.5325
3497597	4.66948	42.5588
3503230	4.66948	42.5636
3504261	4.66948	42.5695
3505528	4.66948	42.5888
3509660	4.66948	42.5913
3510194	4.66948	42.599
3511846	4.66948	42.607
3513559	4.66948	42.6097
3514122	4.66948	42.6214
3516630	4.66948	42.6238
3517140	4.66948	42.6298
3518429	4.66948	42.6348
3519506	4.66948	42.6458
3521860	4.66948	42.6494
3522626	4.66948	42.669
3526838	4.66948	42.6696
3526949	4.66948	42.6837
3529967	4.66948	42.6931
3531981	4.66948	42.6954
3532487	4.66948	42.7133
3536323	4.66948	42.7204
3537837	4.66948	42.7388
3541769	4.66948	42.748
3543757	4.66948	42.7707
3548617	4.66948	42.7742
3549361	4.66948	42.7762
3549792	4.66948	42.7922
3553222	4.66948	42.7943
3553658	4.66948	42.8156
3558215	4.66948	42.8209
3559355	4.66948	42.8414
3563742	4.66948	42.843
3564085	4.66948	42.8524
3566101	4.66948	42.8799
3571992	3.54176	42.9113
3580851	2.88584	42.9125
3581279	2.88269	42.9159
3582443	2.87751	42.9228
3584856	2.87751	42.9246
3585494	2.75614	42.9398
3590996	2.75614	42.9603
3598447	2.75614	42.9711
3602357	2.75614	42.9843
3607143	2.75614	42.9898
3609156	2.75614	43.0039
3614266	2.75614	43.0103
3616575	2.75614	43.011
3616837	2.75614	43.0208
3620381	2.75614	43.0268
3622580	2.75614	43.0282
3623084	2.75614	43.0486
3630480	2.75614	43.0513
3631437	2.69262	43.082
3642872	2.69262	43.1058
3651685	2.69262	43.1104
3653408	2.69262	43.1167
3655729	2.69262	43.1189
3656575	2.69262	43.1259
3659169	2.69262	43.1366
3663137	2.69262	43.1422
3665195	2.69262	43.1615
3672378	2.69262	43.1729
3676627	2.69262	43.1779
3678488	2.69262	43.1802
3679330	2.69262	43.1934
3684218	2.69262	43.2124
3691297	2.69262	43.2158
3692543	2.69262	43.2193
3693862	2.69262	43.2211
3694501	2.69262	43.2257
3696222	2.69262	43.2378
3700709	2.69262	43.2472
3704201	2.69262	43.2552
3707166	2.69262	43.2719
3713368	2.69262	43.2961
3722383	2.69262	43.3241
3732756	2.69262	43.3243
3732836	2.69262	43.3276
3734053	2.69262	43.3276
3734063	2.69262	43.3465
3741093	2.69262	43.3514
3742901	2.69262	43.3559
3744569	2.69262	43.3634
3747360	2.69262	43.3776
3752647	2.69262	43.3949
3759062	2.69262	43.4222
3769215	2.69262	43.4299
3772054	2.69262	43.436
3774325	2.69262	43.4444
3777448	2.69262	43.4534
3780801	2.69262	43.4539
3780980	2.69262	43.4624
3784115	2.69262	43.4703
3787070	2.69262	43.4708
3787262	2.69262	43.4731
3788085	2.69262	43.4903
3794507	2.69262	43.4912
3794820	2.69262	43.4942
3795956	2.69262	43.4946
3796088	2.69262	43.4951
3796275	2.69262	43.4961
3796636	2.69262	43.5055
3800144	2.69262	43.5058
3800237	2.69262	43.5105
3802011	2.69262	43.5175
3804589	2.69262	43.5247
3807259	2.69262	43.5402
3813021	2.69262	43.5549
3818484	2.69262	43.5698
3824020	2.69262	43.5758
3826243	2.69262	43.6108
3839261	2.69262	43.6223
3843523	2.69262	43.6241
3844177	2.69262	43.6245
3844322	2.69262	43.6349
3848195	2.69262	43.6591
3857175	2.69262	43.6731
3862392	2.69262	43.6867
3867421	2.69262	43.6954
3870662	2.69262	43.6982
3871694	2.69262	43.6992
3872062	2.69262	43.7045
3874036	2.69262	43.7083
3875437	2.69262	43.7093
3875815	2.69262	43.7142
3877658	2.69262	43.7261
3882065	2.69262	43.7395
3887030	2.69262	43.7482
3890279	2.69262	43.7536
3892266	2.69262	43.7655
3896686	2.69262	43.7702
3898436	2.69262	43.7773
3901073	2.69262	43.7888
3905364	2.69262	43.794
3907271	2.69262	43.7941
3907309	2.69262	43.8072
3912175	2.69262	43.8115
3913793	2.69262	43.8193
3916674	2.69262	43.8212
3917364	2.69262	43.8364
3923021	2.69262	43.8374
3923386	2.69262	43.8402
3924441	2.69262	43.8487
3927580	2.69262	43.8519
3928795	2.69262	43.8529
3929152	2.69262	43.8778
3938397	2.69262	43.8802
3939312	2.69262	43.9012
3947102	2.69262	43.9263
3956425	2.69262	43.9268
3956603	2.69262	43.9276
3956900	2.69262	43.9296
3957657	2.69262	43.9397
3961374	2.69262	43.9512
3965661	2.69262	43.9541
3966740	2.69262	43.9571
3967867	2.69262	43.9672
3971608	2.69262	43.9748
3974411	2.69262	43.9843
3977959	2.69262	43.9903
3980175	2.69262	43.9939
3981532	2.69262	43.9974
3982812	2.69262	43.998
3983038	2.69262	43.9985
3983218	2.69262	43.999
3983425	2.69262	44.0027
3984783	2.69262	44.0071
3986432	40.9648	44.053
3987553	40.9648	44.2178
3991575	40.9648	44.2561
3992509	40.9648	44.4385
3996962	40.9648	44.5509
3999706	40.9648	44.5762
4000323	40.9648	44.6424
4001941	40.9648	44.7288
4004049	40.9648	44.8476
4006950	40.9648	44.9018
4008272	40.9648	44.9407
4009222	40.9648	45.0341
4011502	40.9648	45.1975
4015491	40.9648	45.3625
4019519	40.9648	45.387
4020116	40.9648	45.3887
4020159	40.9648	45.422
4020970	40.9648	45.4313
4021197	40.9648	45.4873
4022565	40.9648	45.4984
4022835	40.9648	45.5176
4023305	40.9648	45.6635
4026866	40.9648	45.6975
4027696	40.9648	45.9183
4033085	40.9648	45.962
4034154	40.9648	45.9836
4034681	40.9648	46.1298
4038250	40.9648	46.1972
4039894	40.9648	46.2036
4040050	40.9648	46.4667
4046474	40.9648	46.5387
4048231	40.9648	46.6467
4050867	40.9648	46.7132
4052490	40.9648	46.8421
4055637	40.9648	46.9354
4057914	40.9648	46.9831
4059080	40.9648	47.0944
4061796	40.9648	47.0969
4061856	40.9648	47.1805
4063898	40.9648	47.2496
4065584	40.9648	47.3162
4067211	40.9648	47.6912
4076365	40.9648	47.7147
4076939	40.9648	47.7432
4077634	40.9648	47.7472
4077731	40.9648	47.7645
4078153	40.9648	47.9369
4082362	40.9648	48.4744
4095484	40.9648	48.6257
4099176	40.9648	48.683
4100575	40.9648	48.8066
4103592	40.9648	48.8185
4103884	41.9925	48.8565
4104789	41.9925	48.9047
4105937	41.9925	49.0498
4109391	41.9925	49.2242
4113545	41.9925	49.4073
4117905	41.9925	49.5208
4120607	41.9925	49.5741
4121878	41.9925	49.5988
4122465	41.9925	49.6024
4122551	41.9925	49.6252
4123093	41.9925	49.9467
4130751	41.9925	49.9987
4131989	41.9925	50.0662
4133596	41.9925	50.2124
4137077	41.9925	50.6482
4147455	41.9925	50.8688
4152708	41.9925	50.9554
4154771	41.9925	50.9641
4154979	41.9925	51.0157
4156206	41.9925	51.1274
4158866	41.9925	51.3972
4165293	41.9925	51.4237
4165923	41.9925	51.5345
4168562	41.9925	51.9146
4177613	41.9925	51.9773
4179106	41.9925	52.0202
4180129	41.9925	52.0829
4181622	41.9925	52.1347
4182855	41.9925	52.3755
4188590	41.9925	52.4035
4189255	41.9925	52.4306
4189900	41.9925	52.5554
4192874	41.9925	52.8927
4200906	41.9925	52.9867
4203143	41.9925	53.1618
4207313	41.9925	53.4454
4214067	41.9925	53.5475
4216499	41.9925	53.5657
4216931	41.9925	53.9591
4226300	41.9925	54.0474
4228402	41.9925	54.3516
4235648	41.9925	54.6415
4242552	41.9925	54.6735
4243313	41.9925	54.7415
4244932	41.9925	54.7739
4245705	41.9925	55.0622
4252569	41.9925	55.1717
4255178	41.9925	55.4499
4261803	41.9925	55.5416
4263986	41.9925	55.8634
4271648	41.9925	55.8878
4272231	41.9925	55.9053
4272646	41.9925	56.0011
4274928	41.9925	56.021
4275403	41.9925	56.0378
4275802	41.9925	56.0919
4277091	41.9925	56.1211
4277785	41.9925	56.1794
4279174	41.9925	56.3325
4282819	41.9925	56.351
4283260	41.9925	56.7355
4292416	41.9925	57.1191
4301553	41.9925	57.144
4302144	41.9925	57.163
4302597	41.9925	57.1652
4302650	41.9925	57.2779
4305333	41.9925	57.3034
4305941	41.9925	57.4032
4308318	41.9925	57.4392
4309174	41.9925	57.4598
4309665	41.9925	57.4814
4310179	41.9925	57.5868
4312689	41.9925	57.715
4315743	41.9925	57.7828
4317356	41.9925	57.887
4319838	41.9925	57.9475
4321278	41.9925	57.9712
4321843	41.9925	57.9772
4321987	41.9925	58.0886
4324639	41.9925	58.2216
4327806	41.9925	58.2237
4327857	41.9925	58.2242
4327869	41.9925	58.334
4330482	41.9925	58.3554
4330993	41.9925	58.3814
4331613	41.9925	58.4635
4333567	41.9925	58.7408
4340170	41.9925	58.8889
4343698	41.9925	59.2351
4351941	41.9925	59.2471
4352228	41.9925	59.4402
4356825	41.9925	59.5904
4360402	41.9925	59.7205
4363502	41.9925	59.8536
4366670	41.9925	59.9421
4368779	41.9925	59.9444
4368832	41.9925	59.9639
4369298	41.9925	59.9804
4369690	41.9925	60.1285
4373217	41.9925	60.1744
4374309	41.9925	60.2253
4375522	41.9925	60.4547
4380984	41.9925	60.4772
4381520	41.9925	61.0514
4395195	41.9925	61.1657
4397916	41.9925	61.1872
4398429	41.9925	61.3238
4401682	41.9925	61.3833
4403099	41.9925	61.3835
4403103	41.9925	61.3916
4403295	41.9925	61.4064
4403648	41.9925	61.6776
4410107	41.9925	61.9954
4417675	41.9925	62.0614
4419247	41.9925	62.0759
4419593	41.9925	62.1105
4420416	41.9925	62.2048
4422661	41.9925	62.2456
4423632	41.9925	62.4715
4429012	41.9925	62.5962
4431983	41.9925	62.8156
4437206	41.9925	62.8248
4437425	41.9925	62.9351
4440053	41.9925	62.9561
4440552	41.9925	62.975
4441003	41.9925	63.1162
4444366	41.9925	63.1802
4445889	41.9925	63.2653
4447915	41.9925	63.3419
4449741	41.9925	63.3483
4449893	41.9925	63.4703
4452797	41.9925	63.8846
4462664	41.9925	63.9457
4464118	41.9925	64.0205
4465899	41.9925	64.0856
4467451	41.9925	64.1301
4468510	41.9925	64.1322
4468559	41.9925	64.3758
4474361	41.9925	64.4305
4475663	41.9925	64.4636
4476452	41.9925	64.6863
4481755	41.9925	65.1517
4492839	41.9925	65.2473
4495116	41.9925	65.4656
4500313	41.9925	65.4953
4501021	41.9925	65.5781
4502992	41.9925	65.6773
4505354	41.9925	65.7076
4506076	41.9925	65.7815
4507835	41.9925	65.8546
4509578	41.9925	65.9291
4511350	41.9925	65.932
4511420	41.9925	65.9495
4511838	41.9925	65.9576
4512030	41.9925	66.1913
4517594	41.9925	66.3591
4521592	41.9925	66.3665
4521767	41.9925	66.6561
4528664	41.9925	66.6925
4529530	41.9925	66.7599
4531135	41.9925	66.7645
4531246	41.9925	66.7838
4531705	41.9925	66.8615
4533554	41.9925	66.8754
4533886	41.9925	66.9304
4535195	41.9925	67.6565
4552488	41.9925	67.7366
4554394	41.9925	67.7916
4555703	41.9925	67.9538
4559567	41.9925	68.065
4562215	41.9925	68.1765
4564870	41.9925	68.2002
4565434	41.9925	68.2289
4566119	41.9925	68.2307
4566160	41.9925	68.5617
4574044	41.9925	68.6877
4577044	41.9925	69.3004
4591634	41.9925	69.7256
4601760	41.9925	69.8217
4604049	41.9925	70.089
4610415	41.9925	70.1534
4611948	41.9925	70.2072
4613229	41.9925	70.2253
4613659	41.9925	70.3454
4616519	41.9925	70.6333
4623375	41.9925	70.9436
4630766	41.9925	71.1044
4634595	41.9925	71.1624
4635976	41.9925	71.3175
4639670	41.9925	71.356
4640587	41.9925	71.4297
4642341	41.9925	72.1837
4660296	41.9925	72.2811
4662616	41.9925	72.3991
4665426	41.9925	72.4351
4666284	41.9925	72.4482
4666596	41.9925	72.4595
4666865	41.9925	72.6329
4670994	41.9925	72.6828
4672181	41.9925	72.861
4676426	41.9925	72.9314
4678103	41.9925	72.9571
4678713	41.9925	73.0017
4679777	41.9925	73.0312
4680478	41.9925	73.2528
4685757	41.9925	73.2893
4686625	41.9925	73.3596
4688298	41.9925	73.6412
4695004	41.9925	73.7034
4696487	41.9925	73.8174
4699202	41.9925	73.8508
4699997	41.9925	73.8753
4700580	41.9925	73.9145
4701513	41.9925	74.057
4704907	41.9925	74.2183
4708749	41.9925	74.2503
4709509	41.9925	74.5441
4716506	41.9925	74.8331
4723389	41.9925	75.032
4728125	41.9925	75.1799
4731648	41.9925	75.2907
4734285	41.9925	75.3681
4736130	41.9925	75.4103
4737135	41.9925	75.7434
4745067	41.9925	75.8993
4748779	41.9925	76.1331
4754346	41.9925	76.1606
4755001	41.9925	76.4639
4762224	41.9925	76.5167
4763481	41.9925	76.5956
4765360	41.9925	76.6618
4766938	41.9925	76.7349
4768678	41.9925	76.7662
4769424	41.9925	76.9409
4773584	41.9925	77.0623
4776474	41.9925	77.1875
4779455	41.9925	77.3118
4782415	41.9925	77.4488
4785679	41.9925	77.7563
4793001	41.9925	77.9653
4797977	41.9925	77.9773
4798263	41.9925	78.1058
4801325	41.9925	78.1098
4801419	41.9925	78.3084
4806148	41.9925	78.7811
4817406	41.9925	79.1008
4825019	41.9925	79.1174
4825415	41.9925	79.2324
4828152	41.9925	79.3314
4830509	41.9925	79.4973
4834460	41.9925	79.535
4835358	41.9925	79.6305
4837633	41.9925	79.6409
4837881	41.9925	79.9933
4846273	41.9925	80.0282
4847103	41.9925	80.1372
4849699	41.9925	80.1809
4850740	41.9925	80.4439
4857002	41.9925	80.4665
4857540	41.9925	80.4838
4857954	41.9925	80.5111
4858604	41.9925	80.7078
4863287	41.9925	80.8577
4866858	41.9925	81.0127
4870549	41.9925	81.0262
4870870	41.9925	81.033
4871032	41.9925	81.0778
4872098	41.9925	81.1621
4874107	41.9925	81.1683
4874254	41.9925	81.1739
4874387	41.9925	81.329
4878081	41.9925	81.4961
4882059	41.9925	81.5115
4882427	41.9925	81.6357
4885385	41.9925	81.6952
4886802	41.9925	81.8825
4891261	41.9925	81.9723
4893399	41.9925	81.9844
4893687	41.9925	82.1109
4896701	41.9925	82.2482
4899970	41.9925	82.3342
4902018	41.9925	82.3739
4902963	41.9925	82.486
4905633	41.9925	82.4921
4905779	41.9925	82.5383
4906879	41.9925	82.6599
4909775	41.9925	82.6919
4910537	41.9925	82.7079
4910917	41.9925	82.7551
4912041	41.9925	82.9104
4915740	41.9925	83.1898
4922394	41.9925	83.3972
4927331	41.9925	83.4939
4929635	41.9925	83.6057
4932297	41.9925	83.7915
4936721	41.9925	83.9565
4940652	41.9925	83.9572
4940667	41.9925	84.049
4942855	41.9925	84.5152
4953957	41.9925	84.5513
4954815	41.9925	84.7357
4959208	41.9925	84.7456
4959442	41.9925	84.8769
4962570	41.9925	85.1055
4968012	41.9925	85.2394
4971201	41.9925	85.4267
4975663	41.9925	85.4903
4977177	41.9925	85.5976
4979732	41.9925	85.6198
4980260	41.9925	85.9076
4987114	41.9925	85.9648
4988476	41.9925	85.9801
4988841	41.9925	86.2047
4994190	41.9925	86.3702
4998130	41.9925	86.4057
