623 44.4839 0.0193505
1058 44.4839 0.287455
7085 44.4839 0.468816
11162 44.4839 0.568371
13400 44.4839 0.685897
16042 44.4839 0.851332
19761 44.4839 0.982693
22714 44.4839 1.06757
24622 44.4839 1.07371
24760 44.4839 1.09977
25346 44.4839 1.29906
29826 44.4839 1.46775
33618 44.4839 1.71356
39144 44.4839 1.76325
40261 44.4839 1.87175
42700 44.4839 1.96161
44720 44.4839 1.96757
44854 44.4839 1.99048
45369 44.4839 2.5822
58671 44.4839 2.64715
60131 44.4839 3.02557
68638 44.4839 3.22953
73223 44.4839 3.47566
78756 44.4839 3.531
80000 44.4839 3.54154
80237 44.4839 3.64741
82617 44.4839 3.88402
87936 44.4839 4.07806
92298 44.4839 4.13095
93487 44.4839 4.14594
93824 44.4839 4.21809
95446 44.4839 4.26974
96607 44.4839 4.46351
100963 44.4839 4.51454
102110 44.4839 4.65773
105329 44.4839 4.71316
106575 44.4839 4.77428
107949 44.4839 4.98646
112719 44.4839 5.16329
116694 44.4839 5.16582
116751 44.4839 5.19901
117497 44.4839 5.4442
123009 44.4839 5.50737
124429 44.4839 5.61409
126828 44.4839 5.87712
132741 44.4839 5.93535
134050 44.4839 5.99407
135370 44.4839 6.18237
139603 44.4839 6.31791
142650 44.4839 6.72921
151896 44.4839 6.88677
155438 44.4839 6.91622
156100 44.4839 6.93744
156577 44.4839 6.96253
157141 44.4839 7.00621
158123 44.4839 7.12222
160731 44.4839 7.19798
162434 44.4839 7.64994
172594 44.4839 7.8668
177469 44.4839 7.87841
177730 44.4839 8.02494
181024 44.4839 8.06893
182013 44.4839 8.11017
182940 44.4839 8.12774
183335 44.4839 8.17845
184475 44.4839 8.19046
184745 44.4839 8.27231
186585 44.4839 8.2724
186587 44.4839 8.59242
193781 44.4839 8.72569
196777 44.4839 8.75901
197526 44.4839 8.81951
198886 44.4839 8.83788
199299 44.4839 8.98761
202665 44.4839 9.00705
203102 44.4839 9.06826
204478 44.4839 9.13886
206065 44.4839 9.33645
210507 44.4839 9.34989
210809 44.4839 9.55794
215486 44.4839 9.58939
216193 44.4839 9.92253
223682 44.4839 10.1364
228490 44.4839 10.1788
229443 44.4839 10.5791
238441 44.4839 10.6715
240518 44.4839 10.8814
245238 44.4839 10.9631
247074 44.4839 11.058
249207 44.4839 11.3129
254938 44.4839 11.3779
256398 44.4839 11.4064
257039 44.4839 11.6013
261420 44.4839 11.7777
265386 44.4839 11.8538
267097 44.4839 11.9607
269501 44.4839 11.9841
270027 44.4839 11.9959
270292 44.4839 11.9998
270379 44.4839 12.0002
270389 44.4839 12.082
272228 44.4839 12.4674
280890 44.4839 12.4712
280976 44.4839 12.6453
284890 44.4839 12.695
286008 44.4839 12.7839
288006 44.4839 12.8475
289435 44.4839 13.0021
292912 44.4839 13.0039
292951 44.4839 13.0388
293737 44.4839 13.1983
297321 44.4839 13.2429
298325 44.4839 13.5005
304115 44.4839 13.6394
307237 44.4839 13.6691
307905 44.4839 13.7191
309029 44.4839 13.7388
309473 44.4839 14.1382
318450 44.4839 14.1924
319669 44.4839 14.2036
319920 44.4839 14.4152
324678 44.4839 14.5175
326978 44.4839 14.5938
328693 44.4839 14.7023
331132 44.4839 14.7327
331814 44.4839 15.0003
337830 44.4839 15.149
341174 44.4839 15.1868
342022 44.4839 15.3109
344813 44.4839 15.3825
346422 44.4839 15.3986
346785 44.4839 15.7483
354645 44.4839 15.7856
355485 44.4839 16.0836
362184 44.4839 16.2706
366388 44.4839 16.4613
370674 44.4839 16.898
380492 44.4839 16.9001
380539 44.4839 17.3165
389899 44.4839 17.664
397711 44.4839 17.7484
399609 44.4839 17.7817
400357 44.4839 17.9113
403270 44.4839 18.0442
406257 44.4839 18.1339
408275 44.4839 18.3093
412218 44.4839 18.7991
423228 44.4839 19.0685
429284 44.4839 19.2444
433238 44.4839 19.708
443660 44.4839 19.8841
447618 44.4839 20.1321
453193 44.4839 20.1412
453399 44.4839 20.1475
453539 44.4839 20.1813
454299 44.4839 20.2183
455132 44.4839 20.2914
456775 44.4839 20.2931
456813 44.4839 20.3633
458391 44.4839 20.4947
461346 44.4839 20.6708
465304 44.4839 20.7145
466285 44.4839 20.7758
467665 44.4839 20.8577
469505 44.4839 20.8876
470177 44.4839 21.2411
478123 44.4839 21.3103
479679 44.4839 21.3898
481466 44.4839 21.9555
494184 44.4839 22.1478
498507 44.4839 22.2702
501259 44.4839 22.4495
505290 44.4839 22.5051
506539 44.4839 22.5054
506546 44.4839 22.5724
508051 44.4839 22.9213
515894 44.4839 23.0381
518520 44.4839 23.35
525532 44.4839 23.3625
525814 44.4839 23.385
526318 44.4839 23.489
528657 44.4839 23.4995
528892 44.4839 23.7567
534676 44.4839 23.7822
535248 44.4839 24.0229
540658 44.4839 24.2153
544984 44.4839 24.4847
551040 44.4839 24.4958
551291 44.4839 24.5382
552242 44.4839 24.61
553858 44.4839 24.6545
554858 44.4839 24.8697
559695 44.4839 24.9308
561068 44.4839 25.1578
566171 44.4839 25.3591
570697 44.4839 25.547
574921 44.4839 25.7756
580059 44.4839 25.9532
584053 44.4839 26.0441
586095 44.4839 26.3301
592524 44.4839 26.6686
600134 44.4839 26.9635
606763 44.4839 26.9748
607018 44.4839 27.0822
609433 44.4839 27.1775
611575 44.4839 27.19
611856 44.4839 27.3315
615036 44.4839 27.4714
618181 44.4839 27.4978
618776 44.4839 27.5732
620469 44.4839 27.8006
625583 44.4839 28.003
630133 44.4839 28.184
634200 44.4839 28.2491
635664 44.4839 28.3012
636836 44.4839 28.3691
638362 44.4839 28.4945
641182 44.4839 28.6693
645110 44.4839 29.0525
653725 44.4839 29.1436
655772 44.4839 29.1831
656660 44.4839 29.3416
660223 44.4839 29.4763
663252 44.4839 29.6189
666458 44.4839 29.6455
667056 44.4839 29.7319
668998 44.4839 29.8889
672526 44.4839 29.9631
674196 44.4839 29.9744
674449 44.4839 30.0901
677050 44.4839 30.3926
683851 44.4839 30.4384
684880 44.4839 30.5833
688137 44.4839 30.9965
697425 44.4839 31.105
699866 44.4839 31.208
702181 44.4839 31.2961
704160 44.4839 31.2971
704183 44.4839 31.5314
709451 44.4839 31.5344
709517 44.4839 31.6453
712010 44.4839 31.647
712050 44.4839 31.7382
714099 44.4839 31.7554
714486 44.4839 31.8854
717409 44.4839 31.8918
717552 44.4839 31.9282
718371 44.4839 31.9618
719127 44.4839 32.0023
720037 44.4839 32.0208
720453 44.4839 32.0549
721220 44.4839 32.108
722412 44.4839 32.42
729427 44.4839 32.4472
730037 44.4839 32.5305
731911 44.4839 32.7221
736218 44.4839 32.7824
737573 44.4839 32.9767
741941 44.4839 33.0872
744424 44.4839 33.1041
744805 44.4839 33.1324
745442 44.4839 33.2819
748803 44.4839 33.2951
749099 44.4839 33.3133
749508 44.4839 33.3665
750703 44.4839 33.9204
763155 44.4839 33.9493
763804 44.4839 34.0137
765252 44.4839 34.0905
766979 44.4839 34.1536
768398 44.4839 34.1565
768462 44.4839 34.1784
768955 44.4839 34.2433
770415 44.4839 34.2665
770935 44.4839 34.5031
776254 44.4839 34.557
777467 44.4839 34.6302
779112 44.4839 34.7476
781750 44.4839 34.7679
782208 44.4839 34.8608
784296 44.4839 34.9349
785961 44.4839 34.9751
786866 44.4839 35.2256
792497 44.4839 35.2386
792789 44.4839 35.2675
793439 44.4839 35.3344
794943 44.4839 35.5195
799103 44.4839 35.5566
799937 44.4839 35.6368
801741 44.4839 35.6672
802423 44.4839 35.7281
803793 44.4839 35.9761
809368 44.4839 36.0651
811369 44.4839 36.3901
818674 44.4839 36.8473
828953 44.4839 36.9902
832165 44.4839 37.0592
833715 44.4839 37.3055
839253 44.4839 37.3385
839995 44.4839 37.7402
849025 44.4839 37.7635
849549 44.4839 37.9424
853570 44.4839 38.025
855426 44.4839 38.1528
858300 44.4839 38.3037
861693 44.4839 38.365
863071 44.4839 38.371
863205 44.4839 38.4352
864649 44.4839 38.5519
867271 44.4839 38.7449
871610 44.4839 38.8076
873020 44.4839 38.8194
873286 44.4839 38.8332
873595 44.4839 38.948
876176 44.4839 38.9691
876650 44.4839 39.4881
888318 44.4839 39.601
890856 44.4839 40.0016
899862 44.4839 40.0147
900155 44.4839 40.1689
903622 44.4839 40.3231
907089 44.4839 40.7378
916410 44.4839 40.9741
921722 44.4839 41.0518
923470 44.4839 41.0915
924363 44.4839 41.2512
927952 44.4839 41.6734
937443 44.4839 41.7593
939375 44.4839 41.8027
940351 44.4839 41.8937
942396 44.4839 41.906
942673 44.4839 41.9858
944465 44.4839 42.2943
951402 44.4839 42.4542
954995 44.4839 42.6191
958703 44.4839 42.7349
961305 44.4839 42.7582
961830 44.4839 42.7686
962063 44.4839 42.7949
962654 44.4839 42.9958
967172 44.4839 43.0708
968858 44.4839 43.1978
971712 44.4839 43.2663
973252 44.4839 43.497
978438 44.4839 43.515
978843 44.4839 43.74
983900 44.4839 43.886
987182 44.4839 43.9015
987530 44.4839 44.6488
1004331 44.4839 44.7404
1006390 44.4839 44.7624
1006884 44.4839 44.7758
1007186 44.4839 45.1147
1014804 44.4839 45.8523
1031385 44.4839 45.89
1032233 44.4839 46.2722
1040825 44.4839 46.3716
1043059 44.4839 46.7007
1050458 44.4839 47.4211
1066652 44.4839 47.5178
1068826 44.4839 47.5842
1070318 44.4839 47.6882
1072656 44.4839 48.0689
1081214 44.4839 48.6168
1093531 44.4839 48.6577
1094451 44.4839 48.6621
1094549 44.4839 48.6793
1094936 44.4839 48.7839
1097287 44.4839 48.9082
1100083 44.4839 48.9938
1102007 44.4839 49.055
1103382 44.4839 49.308
1109069 44.4839 49.8212
1120606 44.4839 49.8932
1122225 44.4839 50.0163
1124992 44.4839 50.025
1125187 44.4839 50.1836
1128752 44.4839 50.3006
1131384 44.4839 50.3583
1132681 44.4839 50.4028
1133680 44.4839 50.7642
1141805 44.4839 50.8178
1143009 44.4839 50.9166
1145230 44.4839 50.942
1145801 44.4839 51.3967
1156024 44.4839 51.5007
1158362 44.4839 51.5261
1158933 44.4839 51.6244
1161143 44.4839 51.6707
1162183 44.4839 51.7554
1164088 44.4839 51.7928
1164928 44.4839 51.8251
1165653 44.4839 51.8549
1166323 44.4839 51.8863
1167029 44.4839 52.3892
1178335 44.4839 52.4352
1179370 44.4839 52.5065
1180972 44.4839 52.5497
1181942 44.4839 52.6107
1183315 44.4839 52.8513
1188724 44.4839 52.9056
1189943 44.4839 52.9888
1191814 44.4839 53.2334
1197313 44.4839 53.3067
1198961 44.4839 53.34
1199710 44.4839 53.4471
1202117 44.4839 53.46
1202406 44.4839 53.4987
1203277 44.4839 53.7535
1209004 44.4839 53.8711
1211648 44.4839 53.9977
1214495 44.4839 54.0256
1215121 44.4839 54.027
1215152 44.4839 54.0281
1215177 44.4839 54.0854
1216465 44.4839 54.0864
1216488 44.4839 54.116
1217153 44.4839 54.3311
1221990 44.4839 54.3348
1222072 44.4839 54.5055
1225909 44.4839 54.5234
1226313 44.4839 54.5553
1227028 44.4839 54.6907
1230073 44.4839 54.8724
1234158 44.4839 54.9786
1236546 44.4839 55.0115
1237284 44.4839 55.0453
1238044 44.4839 55.1441
1240266 44.4839 55.1657
1240752 44.4839 55.2689
1243071 44.4839 55.2933
1243619 44.4839 55.4768
1247744 44.4839 55.7197
1253205 44.4839 55.7928
1254849 44.4839 55.8421
1255957 44.4839 55.9155
1257607 44.4839 55.9514
1258413 44.4839 55.9772
1258994 44.4839 56.1679
1263281 44.4839 56.2798
1265797 44.4839 56.5887
1272741 44.4839 56.778
1276995 44.4839 56.8528
1278677 44.4839 56.9382
1280596 44.4839 56.9503
1280868 44.4839 57.5454
1294246 44.4839 57.6557
1296727 44.4839 57.6583
1296784 44.4839 57.7203
1298178 44.4839 57.8383
1300830 44.4839 57.9365
1303038 44.4839 58.106
1306848 44.4839 58.2802
1310765 44.4839 58.3076
1311380 44.4839 58.3187
1311631 44.4839 58.3664
1312703 44.4839 58.498
1315661 44.4839 58.6147
1318285 44.4839 58.6703
1319534 44.4839 58.6746
1319632 44.4839 59.2051
1331556 44.4839 59.4412
1336865 44.4839 59.543
1339153 44.4839 59.5936
1340290 44.4839 59.9149
1347513 44.4839 60.1778
1353424 44.4839 60.1862
1353613 44.4839 60.3358
1356975 44.4839 60.4116
1358679 44.4839 60.6408
1363831 44.4839 61.0619
1373298 44.4839 61.0704
1373488 44.4839 61.0888
1373903 44.4839 61.2825
1378257 44.4839 61.4928
1382984 44.4839 61.5908
1385187 44.4839 61.8172
1390276 44.4839 61.9244
1392686 44.4839 62.1462
1397673 44.4839 62.2141
1399200 44.4839 62.7656
1411597 44.4839 62.7921
1412193 44.4839 62.9869
1416573 44.4839 63.4078
1426033 44.4839 63.4136
1426164 44.4839 63.4903
1427888 44.4839 63.5126
1428389 44.4839 63.8319
1435567 44.4839 64.0569
1440626 44.4839 64.2594
1445178 44.4839 64.3687
1447635 44.4839 64.4243
1448885 44.4839 64.5352
1451377 44.4839 64.9958
1461731 44.4839 65.2516
1467483 44.4839 65.2588
1467644 44.4839 65.785
1479473 44.4839 65.8179
1480214 44.4839 65.8688
1481357 44.4839 66.6538
1499004 44.4839 66.8077
1502464 44.4839 66.8791
1504069 44.4839 67.0278
1507412 44.4839 67.0732
1508433 44.4839 67.226
1511866 44.4839 67.55
1519151 44.4839 67.6415
1521207 44.4839 67.6932
1522370 44.4839 68.0546
1530493 44.4839 68.0969
1531444 44.4839 68.2156
1534113 44.4839 68.3107
1536251 44.4839 68.3199
1536458 44.4839 68.3494
1537122 44.4839 68.4021
1538305 44.4839 68.4089
1538459 44.4839 68.4624
1539661 44.4839 68.7396
1545894 44.4839 68.7723
1546628 44.4839 68.7832
1546874 44.4839 68.7883
1546988 44.4839 68.9032
1549570 44.4839 68.9795
1551287 44.4839 69.1989
1556217 44.4839 69.3078
1558665 44.4839 69.3629
1559905 44.4839 69.4022
1560788 44.4839 69.4446
1561741 44.4839 69.4737
1562396 44.4839 69.7615
1568865 44.4839 69.9201
1572431 44.4839 69.9873
1573942 44.4839 70.0387
1575096 44.4839 70.043
1575193 44.4839 70.2425
1579679 44.4839 70.2919
1580789 44.4839 70.3251
1581534 44.4839 70.6704
1589298 44.4839 70.6896
1589728 44.4839 70.938
1595314 44.4839 70.9718
1596074 44.4839 71.1666
1600453 44.4839 71.2262
1601792 44.4839 71.2855
1603124 44.4839 71.289
1603204 44.4839 71.5025
1608004 44.4839 71.6643
1611640 44.4839 71.9659
1618420 44.4839 72.012
1619456 44.4839 72.1015
1621469 44.4839 72.3771
1627665 44.4839 72.4721
1629799 44.4839 72.5539
1631638 44.4839 72.7703
1636503 44.4839 72.8868
1639123 44.4839 73.2135
1646466 44.4839 73.3589
1649734 44.4839 73.4106
1650897 44.4839 73.4357
1651461 44.4839 73.5025
1652964 44.4839 73.5692
1654462 44.4839 73.6623
1656556 44.4839 73.6777
1656901 44.4839 73.762
1658796 44.4839 74.1324
1667123 44.4839 74.2153
1668988 44.4839 74.5214
1675869 44.4839 74.8575
1683424 44.4839 74.8744
1683804 44.4839 75.0271
1687237 44.4839 75.0795
1688414 44.4839 75.3575
1694663 44.4839 75.3642
1694815 44.4839 75.4225
1696125 44.4839 75.5549
1699102 44.4839 75.5649
1699326 44.4839 75.5712
1699468 44.4839 75.5866
1699814 44.4839 75.6863
1702056 44.4839 75.954
1708073 44.4839 76.0028
1709170 44.4839 76.0184
1709520 44.4839 76.1096
1711571 44.4839 76.2193
1714036 44.4839 76.2194
1714040 44.4839 76.287
1715558 44.4839 76.5191
1720776 44.4839 76.7119
1725111 44.4839 76.7525
1726024 44.4839 76.9966
1731511 44.4839 77.0076
1731757 44.4839 77.0794
1733372 44.4839 77.2026
1736141 44.4839 77.2453
1737101 44.4839 77.2846
1737985 44.4839 77.349
1739432 44.4839 77.4862
1742518 44.4839 77.748
1748402 44.4839 77.7537
1748531 44.4839 77.8478
1750645 44.4839 77.9312
1752521 44.4839 77.9761
1753530 44.4839 77.9875
1753787 44.4839 78.1726
1757948 44.4839 78.2165
1758934 44.4839 78.2982
1760771 44.4839 78.5685
1766847 44.4839 78.6999
1769802 44.4839 78.8819
1773892 44.4839 78.9407
1775214 44.4839 79.0652
1778012 44.4839 79.1065
1778942 44.4839 79.1562
1780058 44.4839 79.226
1781628 44.4839 79.2799
1782839 44.4839 79.3744
1784963 44.4839 79.6215
1790519 44.4839 79.8309
1795227 44.4839 79.8764
1796248 44.4839 80.0928
1801114 44.4839 80.1227
1801785 44.4839 80.218
1803929 44.4839 80.4121
1808291 44.4839 80.7519
1815930 44.4839 80.9792
1821040 44.4839 81.0455
1822530 44.4839 81.4085
1830691 44.4839 81.4231
1831018 44.4839 81.5888
1834743 44.4839 81.6888
1836991 44.4839 81.7006
1837258 44.4839 81.934
1842503 44.4839 81.9776
1843484 44.4839 82.0291
1844642 44.4839 82.4608
1854347 44.4839 82.6204
1857933 44.4839 82.7124
1860002 44.4839 82.763
1861139 44.4839 82.7775
1861466 44.4839 82.8546
1863199 44.4839 82.8917
1864034 44.4839 83.0419
1867409 44.4839 83.1589
1870040 44.4839 83.2333
1871712 44.4839 83.34
1874111 44.4839 83.463
1876876 44.4839 83.5075
1877877 44.4839 83.8238
1884987 44.4839 84.0244
1889497 44.4839 84.2258
1894023 44.4839 84.2448
1894451 44.4839 84.2557
1894695 44.4839 84.3023
1895744 44.4839 84.4026
1897999 44.4839 84.4367
1898765 44.4839 84.5987
1902407 44.4839 84.6299
1903108 44.4839 84.709
1904885 44.4839 84.823
1907449 44.4839 84.8575
1908224 44.4839 85.0748
1913110 44.4839 85.4882
1922403 44.4839 85.6551
1926154 44.4839 85.736
1927973 44.4839 85.8606
1930775 44.4839 85.8757
1931114 44.4839 85.9125
1931941 44.4839 85.9818
1933499 44.4839 86.0815
1935739 44.4839 86.2746
1940081 44.4839 86.3929
1942741 44.4839 86.5596
1946487 44.4839 86.8539
1953104 44.4839 86.8759
1953597 44.4839 86.9196
1954580 44.4839 87.0311
1957087 44.4839 87.1174
1959026 44.4839 87.2307
1961574 44.4839 87.2597
1962225 44.4839 87.285
1962795 44.4839 87.3018
1963172 44.4839 87.4316
1966089 44.4839 87.4458
1966409 44.4839 87.4459
1966411 44.4839 87.472
1966999 44.4839 87.5981
1969832 44.4839 87.7043
1972220 44.4839 87.838
1975226 44.4839 87.9439
1977606 44.4839 88.0747
1980546 44.4839 88.1381
1981972 44.4839 88.2118
1983630 44.4839 88.2379
1984215 44.4839 88.3055
1985735 44.4839 88.4613
1989238 44.4839 88.5258
1990688 44.4839 88.6427
1993316 44.4839 88.6823
1994205 44.4839 88.7283
1995239 44.4839 88.7341
1995370 44.4839 88.7454
1995625 44.4839 88.7561
1995865 44.4839 88.7627
1996013 44.4839 88.8567
1998126 44.4839 88.8642
1998295 44.4839 88.8681
1998383 44.4839 89.3023
2008144 44.4839 89.4437
2011323 44.4839 89.6144
2015159 44.4839 89.6621
2016231 44.4839 89.7427
2018043 44.4839 89.7628
2018496 44.4839 89.768
2018613 44.4839 89.8763
2021048 44.4839 90.2867
2030272 44.4839 90.7166
2039936 44.4839 90.738
2040419 44.4839 90.7555
2040812 44.4839 90.8323
2042538 44.4839 91.1023
2048608 44.4839 91.1042
2048650 44.4839 91.129
2049207 44.4839 91.1517
2049718 44.4839 91.4332
2056046 44.4839 91.6212
2060273 44.4839 91.8659
2065773 44.4839 92.182
2072880 44.4839 92.2164
2073652 44.4839 92.2396
2074175 44.4839 92.2994
2075519 44.4839 92.4389
2078654 44.4839 92.7089
2084725 44.4839 92.738
2085378 44.4839 92.8106
2087011 44.4839 92.8637
2088204 44.4839 93.0111
2091518 44.4839 93.0754
2092964 44.4839 93.0834
2093142 44.4839 93.1025
2093573 44.4839 93.2941
2097879 44.4839 93.3548
2099244 44.4839 93.6147
2105086 44.4839 93.6431
2105724 44.4839 93.7839
2108891 44.4839 93.831
2109950 44.4839 93.9312
2112202 44.4839 94.0506
2114886 44.4839 94.5084
2125178 44.4839 94.6474
2128302 44.4839 94.8716
2133342 44.4839 95.1103
2138707 44.4839 95.2425
2141679 44.4839 96.0644
2160156 44.4839 96.1689
2162506 44.4839 96.248
2164284 44.4839 96.5749
2171631 44.4839 96.6369
2173025 44.4839 96.6508
2173339 44.4839 96.8096
2176909 44.4839 97.0978
2183387 44.4839 97.1851
2185349 44.4839 97.6881
2196657 44.4839 97.7565
2198195 44.4839 97.7951
2199063 44.4839 97.7977
2199121 44.4839 97.849
2200274 44.4839 98.0991
2205897 44.4839 98.1505
2207052 44.4839 98.1899
2207938 44.4839 98.324
2210952 44.4839 98.8588
2222974 44.4839 98.8629
2223067 44.4839 98.9405
2224811 44.4839 99.123
2228913 44.4839 99.1312
2229098 44.4839 99.1696
2229960 44.4839 99.2481
2231725 44.4839 99.4332
2235887 44.4839 99.6595
2240973 44.4839 99.7899
2243905 44.4839 100.781
2266195 44.4839 100.912
2269139 44.4839 100.97
2270438 44.4839 101.253
2276803 44.4839 101.266
2277095 44.4839 101.29
2277627 44.4839 101.387
2279800 44.4839 101.433
2280844 44.4839 101.507
2282505 44.4839 101.536
2283150 44.4839 101.598
2284558 44.4839 101.69
2286621 44.4839 102.091
2295631 44.4839 102.126
2296429 44.4839 102.187
2297793 44.4839 102.264
2299522 44.4839 102.407
2302736 44.4839 102.479
2304346 44.4839 102.702
2309369 44.4839 102.749
2310435 44.4839 102.815
2311911 44.4839 102.845
2312575 44.4839 102.891
2313616 44.4839 102.942
2314766 44.4839 102.966
2315304 44.4839 103.005
2316173 44.4839 103.284
2322452 44.4839 103.33
2323496 44.4839 103.345
2323821 44.4839 103.391
2324857 44.4839 103.894
2336160 44.4839 103.919
2336717 44.4839 103.987
2338255 44.4839 104.051
2339692 44.4839 104.419
2347957 44.4839 104.446
2348570 44.4839 104.586
2351732 44.4839 104.705
2354401 44.4839 104.818
2356944 44.4839 104.868
2358071 44.4839 104.953
2359962 44.4839 104.994
2360899 44.4839 105.212
2365802 44.4839 105.487
2371985 44.4839 105.549
2373379 44.4839 105.581
2374094 44.4839 105.65
2375635 44.4839 105.874
2380686 44.4839 105.885
2380920 44.4839 105.916
2381625 44.4839 106.036
2384308 44.4839 106.05
2384633 44.4839 106.083
2385374 44.4839 106.31
2390471 44.4839 106.311
2390490 44.4839 106.359
2391573 44.4839 106.459
2393829 44.4839 106.596
2396911 44.4839 107.075
2407664 44.4839 107.242
2411432 44.4839 107.262
2411868 44.4839 107.425
2415548 44.4839 107.635
2420265 44.4839 107.893
2426065 44.4839 108.062
2429871 44.4839 108.15
2431831 44.4839 108.19
2432732 44.4839 108.254
2434179 44.4839 108.257
2434253 44.4839 108.348
2436283 44.4839 108.404
2437562 44.4839 108.988
2450687 44.4839 109.252
2456607 44.4839 109.389
2459690 44.4839 109.397
2459875 44.4839 109.41
2460167 44.4839 109.416
2460298 44.4839 109.433
2460679 44.4839 109.552
2463358 44.4839 109.556
2463449 44.4839 109.717
2467073 44.4839 109.749
2467784 44.4839 109.806
2469061 44.4839 109.812
2469197 44.4839 109.968
2472710 44.4839 110.073
2475079 44.4839 110.566
2486163 44.4839 110.636
2487737 44.4839 110.86
2492751 44.4839 110.905
2493764 44.4839 110.967
2495158 44.4839 111.117
2498544 44.4839 111.234
2501170 44.4839 111.266
2501899 44.4839 111.274
2502061 44.4839 111.297
2502594 44.4839 111.368
2504181 44.4839 111.37
2504231 44.4839 111.598
2509345 44.4839 111.618
2509802 44.4839 111.721
2512110 44.4839 111.89
2515922 44.4839 111.95
2517269 44.4839 111.974
2517801 44.4839 112.003
2518467 44.4839 112.227
2523495 44.4839 112.268
2524413 44.4839 112.272
2524499 44.4839 112.713
2534421 44.4839 112.715
2534455 44.4839 112.885
2538286 44.4839 113.004
2540956 44.4839 113.011
2541112 44.4839 113.036
2541678 44.4839 113.082
2542714 44.4839 113.181
2544946 44.4839 113.235
2546153 44.4839 113.242
2546312 44.4839 113.403
2549933 44.4839 113.476
2551569 44.4839 113.491
2551914 44.4839 113.555
2553346 44.4839 113.582
2553945 44.4839 113.609
2554554 44.4839 113.862
2560251 44.4839 113.902
2561135 44.4839 113.933
2561840 44.4839 114.015
2563678 44.4839 114.208
2568023 44.4839 114.386
2572035 44.4839 114.515
2574932 44.4839 114.896
2583497 44.4839 115.216
2590685 44.4839 115.288
2592298 44.4839 115.842
2604757 44.4839 115.963
2607470 44.4839 115.992
2608128 44.4839 116.048
2609382 44.4839 116.088
2610298 44.4839 116.138
2611410 44.4839 116.187
2612502 44.4839 116.354
2616271 44.4839 116.428
2617931 44.4839 116.47
2618876 44.4839 116.558
2620848 44.4839 116.584
2621434 44.4839 116.62
2622246 44.4839 116.624
2622327 44.4839 116.681
2623618 44.4839 116.747
2625096 44.4839 116.784
2625937 44.4839 116.957
2629831 44.4839 117.109
2633233 44.4839 117.794
2648635 44.4839 118.237
2658601 44.4839 118.253
2658947 44.4839 118.259
2659093 44.4839 118.31
2660243 44.4839 118.425
2662833 44.4839 118.432
2662976 44.4839 118.482
2664112 44.4839 118.508
2664698 44.4839 118.56
2665850 44.4839 118.636
2667569 44.4839 118.649
2667850 44.4839 118.753
2670202 44.4839 118.791
2671044 44.4839 118.835
2672050 44.4839 118.893
2673343 44.4839 119.004
2675846 44.4839 119.285
2682162 44.4839 119.318
2682893 44.4839 119.384
2684371 44.4839 119.489
2686749 44.4839 120.082
2700079 44.4839 120.154
2701683 44.4839 120.37
2706552 44.4839 120.731
2714666 44.4839 120.904
2718548 44.4839 120.987
2720427 44.4839 121.013
2720996 44.4839 121.024
2721243 44.4839 121.035
2721499 44.4839 121.346
2728487 44.4839 121.395
2729600 44.4839 121.454
2730906 44.4839 121.559
2733267 44.4839 121.867
2740194 44.4839 121.922
2741432 44.4839 122.103
2745515 44.4839 122.178
2747189 44.4839 122.527
2755035 44.4839 122.527
2755036 44.4839 122.585
2756339 44.4839 122.67
2758260 44.4839 122.781
2760736 44.4839 122.952
2764582 44.4839 123.03
2766335 44.4839 123.082
2767513 44.4839 123.126
2768504 44.4839 123.275
2771848 44.4839 123.353
2773609 44.4839 123.394
2774528 44.4839 123.456
2775928 44.4839 123.738
2782271 44.4839 123.775
2783085 44.4839 123.977
2787623 44.4839 124.148
2791474 44.4839 124.22
2793087 44.4839 124.357
2796171 44.4839 124.43
2797815 44.4839 124.438
2798000 44.4839 124.66
2802983 44.4839 124.759
2805217 44.4839 125.236
2815924 44.4839 125.31
2817591 44.4839 125.421
2820102 44.4839 125.645
2825131 44.4839 125.769
2827924 44.4839 126.013
2833398 44.4839 126.168
2836888 44.4839 126.304
2839945 44.4839 126.565
2845802 44.4839 126.585
2846261 44.4839 126.774
2850520 44.4839 127.087
2857552 44.4839 127.366
2863827 44.4839 127.444
2865569 44.4839 127.528
2867470 44.4839 127.672
2870700 44.4839 127.834
2874344 44.4839 127.887
2875534 44.4839 127.894
2875676 44.4839 127.898
2875782 44.4839 127.9
2875832 44.4839 127.991
2877867 44.4839 128.037
2878909 44.4839 128.118
2880713 44.4839 128.135
2881100 44.4839 128.152
2881486 44.4839 128.203
2882629 44.4839 128.245
2883588 44.4839 128.282
2884405 44.4839 128.346
2885852 44.4839 128.538
2890165 44.4839 128.595
2891437 44.4839 128.787
2895769 44.4839 128.909
2898499 44.4839 129.068
2902073 44.4839 129.2
2905051 44.4839 129.313
2907575 44.4839 129.492
2911621 44.4839 129.55
2912908 44.4839 129.978
2922541 44.4839 130.055
2924259 44.4839 130.464
2933467 44.4839 130.469
2933583 44.4839 130.531
2934969 44.4839 130.66
2937870 44.4839 130.71
2938990 44.4839 130.832
2941738 44.4839 130.837
2941856 44.4839 131.054
2946723 44.4839 131.297
2952197 44.4839 131.598
2958964 44.4839 131.768
2962773 44.4839 132.193
2972333 44.4839 132.223
2973007 44.4839 132.28
2974283 44.4839 132.349
2975839 44.4839 132.46
2978333 44.4839 132.739
2984607 44.4839 132.75
2984845 44.4839 132.849
2987084 44.4839 133.167
2994223 44.4839 133.289
2996969 44.4839 133.508
3001891 44.4839 133.535
3002494 44.4839 133.551
3002860 44.4839 133.902
3010754 44.4839 134.18
3016996 44.4839 134.285
3019349 44.4839 134.546
3025219 44.4839 134.911
3033431 44.4839 135.002
3035485 44.4839 135.214
3040247 44.4839 135.392
3044249 44.4839 135.501
3046685 44.4839 135.734
3051937 44.4839 136.097
3060085 44.4839 136.279
3064178 44.4839 136.599
3071383 44.4839 136.613
3071694 44.4839 136.747
3074704 44.4839 136.814
3076203 44.4839 137.014
3080715 44.4839 137.247
3085934 44.4839 137.339
3088003 44.4839 137.511
3091870 44.4839 137.618
3094275 44.4839 137.657
3095151 44.4839 137.77
3097699 44.4839 137.822
3098861 44.4839 137.994
3102728 44.4839 138.275
3109049 44.4839 138.29
3109384 44.4839 138.39
3111630 44.4839 138.397
3111788 44.4839 138.485
3113779 44.4839 138.693
3118443 44.4839 138.694
3118479 44.4839 138.714
3118932 44.4839 138.879
3122621 44.4839 139.016
3125704 44.4839 139.066
3126843 44.4839 139.378
3133845 44.4839 139.384
3133980 44.4839 139.5
3136588 44.4839 140.011
3148087 44.4839 140.109
3150277 44.4839 140.204
3152414 44.4839 140.343
3155536 44.4839 140.546
3160104 44.4839 140.596
3161231 44.4839 140.722
3164050 44.4839 140.841
3166743 44.4839 140.888
3167790 44.4839 140.934
3168829 44.4839 141.075
3172007 44.4839 141.494
3181424 44.4839 142.172
3196655 44.4839 143.028
3215905 44.4839 143.041
3216188 44.4839 143.101
3217548 44.4839 143.235
3220555 44.4839 143.328
3222634 44.4839 143.373
3223665 44.4839 143.516
3226864 44.4839 143.656
3230018 44.4839 143.664
3230203 44.4839 143.701
3231025 44.4839 143.792
3233067 44.4839 143.815
3233600 44.4839 144.013
3238052 44.4839 144.041
3238669 44.4839 144.062
3239154 44.4839 144.37
3246067 44.4839 144.395
3246629 44.4839 144.5
3248996 44.4839 144.53
3249675 44.4839 144.616
3251607 44.4839 144.663
3252652 44.4839 144.677
3252964 44.4839 144.796
3255637 44.4839 144.9
3257976 44.4839 144.907
3258139 44.4839 144.985
3259885 44.4839 145.092
3262307 44.4839 145.133
3263229 44.4839 145.191
3264529 44.4839 145.277
3266449 44.4839 145.318
3267371 44.4839 145.32
3267419 44.4839 145.594
3273573 44.4839 145.645
3274721 44.4839 146.048
3283784 44.4839 146.178
3286714 44.4839 146.26
3288561 44.4839 146.329
3290109 44.4839 146.489
3293694 44.4839 146.556
3295209 44.4839 146.95
3304065 44.4839 147.312
3312197 44.4839 147.481
3316007 44.4839 147.535
3317207 44.4839 147.58
3318223 44.4839 147.586
3318363 44.4839 147.658
3319977 44.4839 147.902
3325479 44.4839 147.987
3327376 44.4839 148.008
3327857 44.4839 148.509
3339117 44.4839 148.518
3339309 44.4839 148.534
3339681 44.4839 148.655
3342390 44.4839 148.787
3345374 44.4839 149.003
3350225 44.4839 149.029
3350804 44.4839 149.264
3356091 44.4839 149.324
3357437 44.4839 149.667
3365147 44.4839 149.7
3365890 44.4839 149.71
3366105 44.4839 149.791
3367922 44.4839 149.88
3369933 44.4839 149.942
3371321 44.4839 150.075
3374324 44.4839 150.165
3376348 44.4839 150.264
3378561 44.4839 150.324
3379925 44.4839 150.401
3381639 44.4839 150.407
3381770 44.4839 150.541
3384782 44.4839 150.56
3385228 44.4839 150.688
3388099 44.4839 150.862
3391998 44.4839 150.955
3394091 44.4839 151.11
3397574 44.4839 151.854
3414320 44.4839 151.933
3416084 44.4839 152.011
3417848 44.4839 152.012
3417852 44.4839 152.264
3423519 44.4839 152.564
3430268 44.4839 152.603
3431144 44.4839 152.652
3432247 44.4839 152.759
3434661 44.4839 152.833
3436319 44.4839 152.926
3438401 44.4839 153.26
3445913 44.4839 153.361
3448195 44.4839 153.414
3449377 44.4839 153.514
3451631 44.4839 153.521
3451791 44.4839 153.535
3452089 44.4839 153.636
3454359 44.4839 153.678
3455314 44.4839 153.714
3456128 44.4839 153.924
3460844 44.4839 153.967
3461807 44.4839 153.971
3461908 44.4839 154.348
3470365 44.4839 154.655
3477278 44.4839 154.68
3477836 44.4839 154.721
3478757 44.4839 155.146
3488313 44.4839 155.248
3490609 44.4839 155.369
3493329 44.4839 155.41
3494255 44.4839 155.457
3495307 44.4839 155.54
3497161 44.4839 155.637
3499340 44.4839 155.664
3499966 44.4839 155.852
3504188 44.4839 156.012
3507779 44.4839 156.035
3508295 44.4839 156.316
3514625 44.4839 156.544
3519735 44.4839 156.601
3521022 44.4839 156.679
3522772 44.4839 157.025
3530543 44.4839 157.066
3531475 44.4839 157.151
3533380 44.4839 157.337
3537565 44.4839 157.35
3537849 44.4839 157.805
3548077 44.4839 157.889
3549979 44.4839 157.897
3550150 44.4839 158.003
3552530 44.4839 158.288
3558935 44.4839 158.408
3561650 44.4839 158.513
3564008 44.4839 158.675
3567639 44.4839 158.747
3569257 44.4839 158.874
3572116 44.4839 158.88
3572253 44.4839 159.159
3578524 44.4839 159.195
3579326 44.4839 159.218
3579860 44.4839 159.241
3580362 44.4839 159.509
3586399 44.4839 159.711
3590941 44.4839 159.824
3593464 44.4839 160.002
3597476 44.4839 160.04
3598335 44.4839 160.157
3600966 44.4839 160.183
3601551 44.4839 160.225
3602492 44.4839 160.329
3604826 44.4839 160.383
3606033 44.4839 160.532
3609390 44.4839 160.629
3611566 44.4839 160.659
3612253 44.4839 160.829
3616059 44.4839 160.843
3616387 44.4839 160.979
3619431 44.4839 161.448
3629987 44.4839 161.856
3639146 44.4839 161.861
3639277 44.4839 162.195
3646777 44.4839 162.322
3649634 44.4839 162.322
3649641 44.4839 162.528
3654264 44.4839 162.707
3658274 44.4839 162.734
3658882 44.4839 162.747
3659180 44.4839 162.813
3660678 44.4839 162.816
3660730 44.4839 162.959
3663939 44.4839 162.962
3664009 44.4839 163.089
3666870 44.4839 163.209
3669571 44.4839 163.465
3675323 44.4839 163.523
3676619 44.4839 163.535
3676903 44.4839 163.721
3681087 44.4839 163.906
3685236 44.4839 163.922
3685604 44.4839 163.946
3686130 44.4839 164.3
3694092 44.4839 164.349
3695191 44.4839 164.4
3696350 44.4839 164.431
3697032 44.4839 164.86
3706677 44.4839 165.026
3710422 44.4839 165.343
3717535 44.4839 165.394
3718699 44.4839 165.522
3721573 44.4839 165.68
3725115 44.4839 165.78
3727358 44.4839 165.79
3727593 44.4839 166.127
3735156 44.4839 166.162
3735954 44.4839 166.216
3737163 44.4839 166.415
3741635 44.4839 166.472
3742927 44.4839 166.575
3745232 44.4839 166.782
3749882 44.4839 166.974
3754208 44.4839 166.985
3754451 44.4839 166.987
3754501 44.4839 167.032
3755512 44.4839 167.482
3765631 44.4839 167.563
3767439 44.4839 167.585
3767952 44.4839 167.613
3768583 44.4839 168.069
3778823 44.4839 168.293
3783849 44.4839 168.297
3783947 44.4839 168.395
3786156 44.4839 168.408
3786437 44.4839 168.647
3791812 44.4839 168.874
3796930 44.4839 169.017
3800127 44.4839 169.342
3807445 44.4839 169.616
3813589 44.4839 169.719
3815916 44.4839 169.866
3819214 44.4839 170.169
3826025 44.4839 170.26
3828081 44.4839 170.469
3832783 44.4839 170.497
3833411 44.4839 170.771
3839555 44.4839 170.88
3842025 44.4839 171.237
3850039 44.4839 171.585
3857871 44.4839 171.596
3858106 44.4839 171.718
3860852 44.4839 171.925
3865516 44.4839 172.256
3872943 44.4839 172.267
3873187 44.4839 172.342
3874874 44.4839 172.424
3876728 44.4839 172.477
3877925 44.4839 172.664
3882112 44.4839 172.83
3885856 44.4839 172.883
3887049 44.4839 172.998
3889618 44.4839 173.019
3890102 44.4839 173.342
3897364 44.4839 173.366
3897897 44.4839 173.369
3897968 44.4839 173.559
3902248 44.4839 173.627
3903761 44.4839 173.649
3904252 44.4839 173.728
3906027 44.4839 173.82
3908117 44.4839 173.881
3909485 44.4839 174.049
3913252 44.4839 174.308
3919072 44.4839 174.597
3925574 44.4839 174.616
3925992 44.4839 174.682
3927483 44.4839 174.745
3928894 44.4839 174.8
3930144 44.4839 174.813
3930434 44.4839 174.913
3932681 44.4839 175.214
3939454 44.4839 175.3
3941377 44.4839 175.3
3941383 44.4839 175.326
3941962 44.4839 175.391
3943426 44.4839 175.86
3953967 44.4839 176.224
3962151 44.4839 176.35
3964978 44.4839 176.394
3965959 44.4839 176.581
3970179 44.4839 176.629
3971258 44.4839 176.854
3976306 44.4839 176.905
3977454 44.4839 176.975
3979020 44.4839 177.059
3980922 44.4839 177.102
3981881 44.4839 177.459
3989919 44.4839 177.634
3993851 44.4839 177.792
3997387 44.4839 177.886
3999499 44.4839 177.903
3999883 44.4839 177.951
4000974 44.4839 177.981
4001635 44.4839 178.173
4005952 44.4839 178.367
4010313 44.4839 178.432
4011781 44.4839 178.452
4012234 44.4839 178.475
4012742 44.4839 178.579
4015099 44.4839 178.708
4017991 44.4839 178.873
4021690 44.4839 178.914
4022609 44.4839 179.026
4025128 44.4839 179.027
4025162 44.4839 179.241
4029960 44.4839 179.351
4032451 44.4839 179.873
4044186 44.4839 179.908
4044954 44.4839 180.146
4050307 44.4839 180.247
4052585 44.4839 180.273
4053175 44.4839 180.282
4053370 44.4839 180.356
4055025 44.4839 180.532
4058997 44.4839 180.571
4059869 44.4839 180.582
4060116 44.4839 180.682
4062375 44.4839 180.856
4066281 44.4839 180.888
4066986 44.4839 180.903
4067334 44.4839 180.954
4068483 44.4839 180.99
4069279 44.4839 181.087
4071469 44.4839 181.427
4079118 44.4839 181.538
4081601 44.4839 181.587
4082712 44.4839 181.94
4090652 44.4839 182.471
4102583 44.4839 182.561
4104599 44.4839 182.563
4104658 44.4839 183.233
4119708 44.4839 183.277
4120689 44.4839 183.29
4120983 44.4839 183.401
4123491 44.4839 183.403
4123538 44.4839 183.599
4127931 44.4839 183.704
4130303 44.4839 183.966
4136188 44.4839 184.03
4137618 44.4839 184.046
4137983 44.4839 184.166
4140690 44.4839 184.226
4142032 44.4839 184.277
4143179 44.4839 184.424
4146493 44.4839 184.438
4146802 44.4839 185.099
4161659 44.4839 185.146
4162712 44.4839 185.205
4164045 44.4839 185.303
4166241 44.4839 185.518
4171086 44.4839 185.96
4181009 44.4839 186.027
4182511 44.4839 186.317
4189032 44.4839 186.37
4190221 44.4839 186.396
4190824 44.4839 186.436
4191710 44.4839 186.586
4195092 44.4839 186.645
4196404 44.4839 186.696
4197548 44.4839 186.91
4202380 44.4839 186.955
4203384 44.4839 187.014
4204702 44.4839 187.372
4212749 44.4839 187.692
4219954 44.4839 187.735
4220920 44.4839 187.832
4223095 44.4839 187.878
4224125 44.4839 187.892
4224444 44.4839 187.92
4225080 44.4839 188.052
4228039 44.4839 188.146
4230144 44.4839 188.285
4233289 44.4839 188.328
4234251 44.4839 188.401
4235882 44.4839 188.444
4236847 44.4839 188.501
4238134 44.4839 188.773
4244256 44.4839 188.774
4244269 44.4839 188.909
4247310 44.4839 189.224
4254398 44.4839 189.255
4255093 44.4839 189.417
4258728 44.4839 189.736
4265907 44.4839 189.811
4267587 44.4839 189.937
4270421 44.4839 189.947
4270646 44.4839 189.964
4271017 44.4839 189.99
4271607 44.4839 190.133
4274833 44.4839 190.164
4275523 44.4839 190.227
4276935 44.4839 190.268
4277850 44.4839 190.39
4280605 44.4839 190.409
4281022 44.4839 190.409
4281027 44.4839 190.483
4282681 44.4839 190.62
4285765 44.4839 190.843
4290783 44.4839 191.003
4294378 44.4839 191.147
4297621 44.4839 191.445
4304313 44.4839 191.506
4305689 44.4839 191.673
4309445 44.4839 191.702
4310084 44.4839 191.703
4310113 44.4839 191.959
4315861 44.4839 192.046
4317825 44.4839 192.395
4325668 44.4839 192.525
4328598 44.4839 192.534
4328792 44.4839 192.953
4338218 44.4839 192.959
4338344 44.4839 193.475
4349957 44.4839 193.786
4356947 44.4839 193.893
4359350 44.4839 194.199
4366219 44.4839 194.357
4369780 44.4839 194.467
4372262 44.4839 194.977
4383726 44.4839 194.987
4383951 44.4839 195.077
4385968 44.4839 195.099
4386467 44.4839 195.281
4390542 44.4839 195.309
4391169 44.4839 195.361
4392356 44.4839 195.557
4396759 44.4839 195.741
4400891 44.4839 195.804
4402305 44.4839 195.991
4406521 44.4839 196.182
4410797 44.4839 196.201
4411229 44.4839 196.331
4414159 44.4839 196.333
4414191 44.4839 196.48
4417498 44.4839 196.624
4420740 44.4839 197.028
4429826 44.4839 197.122
4431939 44.4839 197.197
4433623 44.4839 197.26
4435040 44.4839 197.282
4435529 44.4839 197.297
4435877 44.4839 197.43
4438850 44.4839 197.482
4440036 44.4839 197.717
4445318 44.4839 197.719
4445359 44.4839 197.733
4445682 44.4839 197.752
4446109 44.4839 197.913
4449729 44.4839 198
4451678 44.4839 198.106
4454048 44.4839 198.155
4455149 44.4839 198.265
4457631 44.4839 198.439
4461536 44.4839 198.581
4464741 44.4839 198.624
4465709 44.4839 198.648
4466250 44.4839 198.672
4466781 44.4839 198.743
4468366 44.4839 198.772
4469034 44.4839 198.832
4470370 44.4839 198.868
4471178 44.4839 198.873
4471305 44.4839 198.913
4472196 44.4839 199.125
4476966 44.4839 199.323
4481417 44.4839 199.591
4487450 44.4839 199.902
4494432 44.4839 200.345
4504394 44.4839 200.575
4509567 44.4839 200.598
4510088 44.4839 200.611
4510367 44.4839 200.725
4512922 44.4839 200.894
4516730 44.4839 201.035
4519905 44.4839 201.12
4521807 44.4839 201.123
4521890 44.4839 201.262
4525002 44.4839 201.468
4529628 44.4839 201.554
4531576 44.4839 201.593
4532436 44.4839 201.644
4533599 44.4839 201.724
4535381 44.4839 201.866
4538584 44.4839 202.18
4545635 44.4839 202.225
4546648 44.4839 202.281
4547920 44.4839 202.458
4551881 44.4839 202.472
4552213 44.4839 202.778
4559075 44.4839 202.854
4560799 44.4839 202.99
4563840 44.4839 203.034
4564842 44.4839 203.231
4569271 44.4839 203.277
4570312 44.4839 203.311
4571074 44.4839 203.724
4580346 44.4839 203.781
4581631 44.4839 203.842
4582999 44.4839 204.082
4588393 44.4839 204.311
4593543 44.4839 204.366
4594789 44.4839 204.51
4598027 44.4839 204.516
4598154 44.4839 204.709
4602491 44.4839 204.75
4603416 44.4839 204.8
4604539 44.4839 204.962
4608183 44.4839 205.253
4614728 44.4839 205.284
4615425 44.4839 205.331
4616469 44.4839 205.56
4621628 44.4839 205.714
4625086 44.4839 206.269
4637553 44.4839 206.269
4637561 44.4839 206.327
4638857 44.4839 206.354
4639464 44.4839 206.431
4641210 44.4839 206.475
4642194 44.4839 206.616
4645369 44.4839 206.687
4646969 44.4839 206.759
4648569 44.4839 206.782
4649086 44.4839 206.854
4650706 44.4839 206.976
4653449 44.4839 207.291
4660541 44.4839 207.303
4660801 44.4839 207.677
4669221 44.4839 207.682
4669328 44.4839 208.036
4677285 44.4839 208.135
4679502 44.4839 208.248
4682050 44.4839 208.301
4683249 44.4839 208.321
4683680 44.4839 208.41
4685698 44.4839 208.628
4690599 44.4839 208.786
4694143 44.4839 208.84
4695358 44.4839 208.978
4698449 44.4839 208.989
4698696 44.4839 209.004
4699036 44.4839 209.207
4703611 44.4839 209.317
4706090 44.4839 209.438
4708794 44.4839 209.526
4710775 44.4839 209.614
4712761 44.4839 209.962
4720589 44.4839 210.129
4724332 44.4839 210.315
4728509 44.4839 210.33
4728859 44.4839 210.338
4729036 44.4839 210.453
4731628 44.4839 210.531
4733361 44.4839 210.882
4741260 44.4839 210.968
4743190 44.4839 211.055
4745155 44.4839 211.309
4750851 44.4839 211.83
4762568 44.4839 211.846
4762929 44.4839 211.913
4764432 44.4839 211.978
4765907 44.4839 212.361
4774501 44.4839 212.361
4774512 44.4839 212.553
4778825 44.4839 212.557
4778918 44.4839 212.565
4779099 44.4839 212.609
4780086 44.4839 212.872
4785989 44.4839 212.898
4786590 44.4839 212.929
4787283 44.4839 212.934
4787400 44.4839 212.976
4788340 44.4839 213.092
4790944 44.4839 213.148
4792191 44.4839 213.227
4793973 44.4839 213.227
4793980 44.4839 213.367
4797128 44.4839 213.384
4797516 44.4839 213.506
4800258 44.4839 213.566
4801599 44.4839 213.844
4807855 44.4839 213.857
4808131 44.4839 213.958
4810415 44.4839 213.992
4811178 44.4839 214.078
4813103 44.4839 214.193
4815682 44.4839 214.233
4816589 44.4839 214.428
4820978 44.4839 214.501
4822617 44.4839 214.57
4824178 44.4839 214.681
4826663 44.4839 214.996
4833750 44.4839 215.056
4835102 44.4839 215.06
4835181 44.4839 215.315
4840925 44.4839 215.351
4841716 44.4839 215.499
4845053 44.4839 215.565
4846530 44.4839 215.841
4852748 44.4839 215.945
4855085 44.4839 216.277
4862547 44.4839 216.349
4864170 44.4839 216.443
4866272 44.4839 216.451
4866451 44.4839 216.513
4867844 44.4839 216.732
4872768 44.4839 216.741
4872973 44.4839 216.833
4875031 44.4839 216.954
4877762 44.4839 216.958
4877852 44.4839 217.131
4881738 44.4839 217.249
4884398 44.4839 217.271
4884890 44.4839 217.339
4886405 44.4839 217.359
4886857 44.4839 217.639
4893167 44.4839 217.68
4894077 44.4839 217.801
4896805 44.4839 217.937
4899863 44.4839 218.006
4901416 44.4839 218.039
4902145 44.4839 218.041
4902187 44.4839 218.111
4903763 44.4839 218.394
4910140 44.4839 218.658
4916077 44.4839 219.026
4924347 44.4839 219.032
4924483 44.4839 219.057
4925041 44.4839 219.126
4926596 44.4839 219.127
4926614 44.4839 219.281
4930081 44.4839 219.528
4935634 44.4839 219.632
4937970 44.4839 219.728
4940120 44.4839 219.737
4940331 44.4839 219.744
4940476 44.4839 219.771
4941080 44.4839 219.862
4943123 44.4839 219.884
4943617 44.4839 219.935
4944775 44.4839 219.962
4945379 44.4839 220.059
4947555 44.4839 220.101
4948498 44.4839 220.789
4963961 44.4839 220.835
4965008 44.4839 220.845
4965238 44.4839 220.897
4966396 44.4839 220.997
4968644 44.4839 221.088
4970704 44.4839 221.11
4971184 44.4839 221.275
4974888 44.4839 221.369
4977014 44.4839 221.385
4977379 44.4839 221.484
4979601 44.4839 221.511
4980212 44.4839 221.571
4981544 44.4839 221.762
4985841 44.4839 221.83
4987376 44.4839 221.939
4989813 44.4839 222.091
4993250 44.4839 222.317
