623 52.9725 0.023043
1058 52.9725 0.342308
7085 52.9725 0.452968
9174 52.9725 0.558277
11162 52.9725 0.67683
13400 52.9725 0.816783
16042 52.9725 0.891368
17450 52.9725 1.01379
19761 52.9725 1.17022
22714 52.9725 1.27129
24622 52.9725 1.30964
25346 52.9725 1.44218
27848 52.9725 1.52974
29501 52.9725 1.54696
29826 52.9725 1.89721
36438 52.9725 2.09972
40261 52.9725 2.18543
41879 52.9725 2.22892
42700 52.9725 2.33593
44720 52.9725 2.34303
44854 52.9725 2.37031
45369 52.9725 3.15229
60131 52.9725 3.8458
73223 52.9725 4.1389
78756 52.9725 4.21735
80237 52.9725 4.85625
92298 52.9725 4.91924
93487 52.9725 4.92406
93578 52.9725 4.93709
93824 52.9725 5.08451
96607 52.9725 5.11746
97229 52.9725 5.1644
98115 52.9725 5.37602
102110 52.9725 5.49839
104420 52.9725 5.54654
105329 52.9725 5.68533
107949 52.9725 6.12166
116186 52.9725 6.14857
116694 52.9725 6.15159
116751 52.9725 6.19111
117497 52.9725 6.48309
123009 52.9725 6.6854
126828 52.9725 6.69133
126940 52.9725 6.7576
128191 52.9725 6.7595
128227 52.9725 7.06796
134050 52.9725 7.13789
135370 52.9725 7.28616
138169 52.9725 7.44322
141134 52.9725 7.52353
142650 52.9725 8.1807
155056 52.9725 8.23601
156100 52.9725 8.26127
156577 52.9725 8.34317
158123 52.9725 8.35059
158263 52.9725 8.57153
162434 52.9725 9.10973
172594 52.9725 9.22066
174688 52.9725 9.36798
177469 52.9725 9.3818
177730 52.9725 9.4344
178723 52.9725 9.55629
181024 52.9725 9.67871
183335 52.9725 9.7391
184475 52.9725 9.7534
184745 52.9725 9.9441
188345 52.9725 10.1528
192284 52.9725 10.2208
193568 52.9725 10.2321
193781 52.9725 10.4304
197526 52.9725 10.5244
199299 52.9725 10.7987
204478 52.9725 10.8828
206065 52.9725 11.1181
210507 52.9725 11.1341
210809 52.9725 11.4193
216193 52.9725 11.816
223682 52.9725 12.0612
228310 52.9725 12.0707
228490 52.9725 12.1212
229443 52.9725 12.5676
237871 52.9725 12.5795
238096 52.9725 12.5978
238441 52.9725 12.6933
240243 52.9725 12.7078
240518 52.9725 13.028
246561 52.9725 13.1681
249207 52.9725 13.4542
254608 52.9725 13.549
256398 52.9725 13.583
257039 52.9725 13.8151
261420 52.9725 14.0252
265386 52.9725 14.2029
268741 52.9725 14.2431
269501 52.9725 14.271
270027 52.9725 14.285
270292 52.9725 14.2897
270379 52.9725 14.2902
270389 52.9725 14.3876
272228 52.9725 14.8464
280890 52.9725 14.851
280976 52.9725 14.9006
281912 52.9725 15.2234
288006 52.9725 15.2984
289421 52.9725 15.2991
289435 52.9725 15.4833
292912 52.9725 15.4853
292951 52.9725 15.527
293737 52.9725 15.7168
297321 52.9725 15.77
298325 52.9725 15.8651
300119 52.9725 16.0767
304115 52.9725 16.2421
307237 52.9725 16.2775
307905 52.9725 16.2859
308064 52.9725 16.914
319920 52.9725 17.1281
323963 52.9725 17.5079
331132 52.9725 18.0398
341174 52.9725 18.0848
342022 52.9725 18.1036
342378 52.9725 18.2326
344813 52.9725 18.3178
346422 52.9725 18.3371
346785 52.9725 18.3743
347488 52.9725 18.4975
349814 52.9725 18.7534
354645 52.9725 19.0203
359682 52.9725 19.1528
362184 52.9725 19.2942
364854 52.9725 19.3755
366388 52.9725 19.404
366926 52.9725 19.9902
377993 52.9725 20.0011
378199 52.9725 20.1226
380492 52.9725 20.2156
382247 52.9725 20.3525
384831 52.9725 20.3871
385485 52.9725 20.6209
389899 52.9725 20.9794
396667 52.9725 21.0289
397601 52.9725 21.1353
399609 52.9725 21.3292
403270 52.9725 21.4874
406257 52.9725 21.5064
406614 52.9725 21.5943
408275 52.9725 22.3864
423228 52.9725 22.64
428015 52.9725 22.7072
429284 52.9725 22.9167
433238 52.9725 23.0261
435303 52.9725 23.3353
441140 52.9725 23.4688
443660 52.9725 23.6784
447618 52.9725 23.9738
453193 52.9725 23.9847
453399 52.9725 23.9921
453539 52.9725 24.0324
454299 52.9725 24.0352
454352 52.9725 24.0765
455132 52.9725 24.1635
456775 52.9725 24.1655
456813 52.9725 24.4057
461346 52.9725 24.4798
462746 52.9725 24.6153
465304 52.9725 24.6673
466285 52.9725 25.4715
481466 52.9725 25.9576
490644 52.9725 26.1452
494184 52.9725 26.2993
497094 52.9725 26.4014
499021 52.9725 26.5199
501259 52.9725 26.7335
505290 52.9725 26.7996
506539 52.9725 26.8
506546 52.9725 26.8797
508051 52.9725 27.6554
522693 52.9725 27.7229
523968 52.9725 27.8057
525532 52.9725 27.8207
525814 52.9725 27.8474
526318 52.9725 27.9713
528657 52.9725 27.9837
528892 52.9725 28.2901
534676 52.9725 28.3204
535248 52.9725 28.4141
537016 52.9725 28.4489
537673 52.9725 28.7346
543067 52.9725 28.8971
546134 52.9725 29.0464
548953 52.9725 29.157
551040 52.9725 29.1703
551291 52.9725 29.2206
552242 52.9725 29.2531
552854 52.9725 29.3592
554858 52.9725 29.566
558761 52.9725 29.6154
559695 52.9725 29.6882
561068 52.9725 29.7279
561818 52.9725 29.9585
566171 52.9725 30.1982
570697 52.9725 30.2278
571255 52.9725 30.422
574921 52.9725 31.0139
586095 52.9725 31.0814
587369 52.9725 31.7576
600134 52.9725 32.0067
604837 52.9725 32.1088
606763 52.9725 32.122
607013 52.9725 32.1223
607018 52.9725 32.2502
609433 52.9725 32.492
613997 52.9725 32.7136
618181 52.9725 32.8344
620462 52.9725 32.8348
620469 52.9725 33.1057
625583 52.9725 33.5622
634200 52.9725 33.6397
635664 52.9725 33.7257
637287 52.9725 33.7826
638362 52.9725 33.8636
639890 52.9725 33.932
641182 52.9725 34.1401
645110 52.9725 34.5964
653725 52.9725 34.9827
661017 52.9725 35.1011
663252 52.9725 35.2709
666458 52.9725 35.3026
667056 52.9725 35.5924
672526 52.9725 35.9402
679092 52.9725 36.2468
684880 52.9725 36.4193
688137 52.9725 36.9324
697823 52.9725 37.2681
704160 52.9725 37.2693
704183 52.9725 37.4661
707897 52.9725 37.5325
709151 52.9725 37.5429
709348 52.9725 37.5484
709451 52.9725 37.5519
709517 52.9725 37.7573
713394 52.9725 37.7609
713463 52.9725 37.7936
714080 52.9725 37.7946
714099 52.9725 37.9775
717552 52.9725 38.0209
718371 52.9725 38.061
719127 52.9725 38.1092
720037 52.9725 38.235
722412 52.9725 38.6066
729427 52.9725 38.6389
730037 52.9725 38.6714
730651 52.9725 38.7382
731911 52.9725 38.8677
734356 52.9725 39.0381
737573 52.9725 39.2132
740878 52.9725 39.401
744424 52.9725 39.4212
744805 52.9725 39.4283
744939 52.9725 39.4549
745442 52.9725 39.633
748803 52.9725 39.6486
749099 52.9725 39.6703
749508 52.9725 39.7277
750592 52.9725 39.7296
750627 52.9725 39.7336
750703 52.9725 39.978
755316 52.9725 40.3932
763155 52.9725 40.4276
763804 52.9725 40.5043
765252 52.9725 40.6558
768112 52.9725 40.671
768398 52.9725 40.6744
768462 52.9725 40.7005
768955 52.9725 40.7778
770415 52.9725 40.8054
770935 52.9725 41.0871
776254 52.9725 41.1514
777467 52.9725 41.2385
779112 52.9725 41.3783
781750 52.9725 41.4643
783374 52.9725 41.5131
784296 52.9725 41.6013
785961 52.9725 41.6493
786866 52.9725 41.9475
792497 52.9725 41.963
792789 52.9725 42.2012
797286 52.9725 42.2958
799072 52.9725 42.2975
799103 52.9725 42.3417
799937 52.9725 42.5459
803793 52.9725 42.8412
809368 52.9725 43.0757
813793 52.9725 43.3342
818674 52.9725 43.4042
819995 52.9725 44.0489
832165 52.9725 44.131
833715 52.9725 44.1853
834741 52.9725 44.4243
839253 52.9725 44.4636
839995 52.9725 44.6212
842969 52.9725 44.7117
844678 52.9725 44.825
846816 52.9725 45.1827
853570 52.9725 45.2811
855426 52.9725 45.4333
858300 52.9725 45.613
861693 52.9725 45.674
862844 52.9725 45.686
863071 52.9725 45.6931
863205 52.9725 45.7696
864649 52.9725 45.9604
868250 52.9725 46.1384
871610 52.9725 46.3802
876176 52.9725 46.4053
876650 52.9725 46.7901
883913 52.9725 46.8524
885090 52.9725 47.0234
888318 52.9725 47.1579
890856 52.9725 47.4295
895984 52.9725 47.5104
897511 52.9725 47.7223
901512 52.9725 48.0178
907089 52.9725 48.5743
917595 52.9725 48.7929
921722 52.9725 48.8579
922949 52.9725 48.9328
924363 52.9725 49.08
927141 52.9725 49.6257
937443 52.9725 49.728
939375 52.9725 49.7797
940351 52.9725 49.8881
942396 52.9725 50.2819
949830 52.9725 50.3651
951402 52.9725 50.5555
954995 52.9725 50.7519
958703 52.9725 50.8897
961305 52.9725 50.9175
961830 52.9725 50.9299
962063 52.9725 50.9612
962654 52.9725 51.2005
967172 52.9725 51.441
971712 52.9725 51.5226
973252 52.9725 51.6331
975339 52.9725 52.0774
983725 52.9725 52.0866
983900 52.9725 52.2605
987182 52.9725 52.2789
987530 52.9725 52.6779
995061 52.9725 52.8932
999125 52.9725 53.1689
1004331 52.9725 53.278
1006390 52.9725 53.3042
1006884 52.9725 53.3202
1007186 52.9725 53.7237
1014804 52.9725 53.7896
1016047 52.9725 54.602
1031385 52.9725 54.7007
1033248 52.9725 55.2121
1042902 52.9725 55.2204
1043059 52.9725 55.4492
1047377 52.9725 55.7075
1052254 52.9725 56.0014
1057802 52.9725 56.0391
1058513 52.9725 56.2509
1062511 52.9725 56.4702
1066652 52.9725 56.5854
1068826 52.9725 56.6058
1069212 52.9725 56.6453
1069957 52.9725 56.7883
1072656 52.9725 57.2416
1081214 52.9725 57.6209
1088374 52.9725 57.8941
1093531 52.9725 57.9428
1094451 52.9725 57.948
1094549 52.9725 57.9685
1094936 52.9725 58.093
1097287 52.9725 58.2412
1100083 52.9725 58.4159
1103382 52.9725 58.7172
1109069 52.9725 59.3266
1120574 52.9725 59.3283
1120606 52.9725 59.4141
1122225 52.9725 59.5606
1124992 52.9725 59.7598
1128752 52.9725 59.8992
1131384 52.9725 59.9679
1132681 52.9725 60.0209
1133680 52.9725 60.4356
1141509 52.9725 60.4513
1141805 52.9725 60.6629
1145801 52.9725 61.0823
1153718 52.9725 61.2045
1156024 52.9725 61.3283
1158362 52.9725 61.4757
1161143 52.9725 61.6762
1164928 52.9725 61.7146
1165653 52.9725 61.75
1166323 52.9725 61.7874
1167029 52.9725 62.1447
1173774 52.9725 62.2079
1174966 52.9725 62.2658
1176060 52.9725 62.2728
1176192 52.9725 62.3864
1178335 52.9725 62.526
1180972 52.9725 62.5512
1181446 52.9725 62.5774
1181942 52.9725 62.6365
1183058 52.9725 62.6502
1183315 52.9725 62.889
1187823 52.9725 63.0013
1189943 52.9725 63.1004
1191814 52.9725 63.3881
1197245 52.9725 63.3917
1197313 52.9725 63.4166
1197784 52.9725 63.479
1198961 52.9725 63.6461
1202117 52.9725 63.7076
1203277 52.9725 64.011
1209004 52.9725 64.0476
1209695 52.9725 64.151
1211648 52.9725 64.2961
1214386 52.9725 64.3018
1214495 52.9725 64.335
1215121 52.9725 64.3366
1215152 52.9725 64.338
1215177 52.9725 64.4062
1216465 52.9725 64.4074
1216488 52.9725 64.4426
1217153 52.9725 64.6152
1220410 52.9725 64.6989
1221990 52.9725 64.7032
1222072 52.9725 64.9061
1225902 52.9725 64.9279
1226313 52.9725 64.9657
1227028 52.9725 65.127
1230073 52.9725 65.3434
1234158 52.9725 65.4597
1236353 52.9725 65.4698
1236544 52.9725 65.4699
1236546 52.9725 65.5493
1238044 52.9725 65.5553
1238158 52.9725 65.667
1240266 52.9725 65.6927
1240752 52.9725 65.7561
1241949 52.9725 65.8156
1243071 52.9725 65.8329
1243397 52.9725 65.8446
1243619 52.9725 66.0631
1247744 52.9725 66.3524
1253205 52.9725 66.4395
1254849 52.9725 66.4763
1255543 52.9725 66.4982
1255957 52.9725 66.5856
1257607 52.9725 66.6283
1258413 52.9725 67.0194
1265797 52.9725 67.2412
1269983 52.9725 67.3689
1272394 52.9725 67.6126
1276995 52.9725 67.7017
1278677 52.9725 67.8178
1280868 52.9725 68.3022
1290012 52.9725 68.5265
1294246 52.9725 68.6579
1296727 52.9725 68.6609
1296784 52.9725 68.7347
1298178 52.9725 68.8238
1299860 52.9725 68.8752
1300830 52.9725 68.9762
1302736 52.9725 68.9922
1303038 52.9725 69.0962
1305001 52.9725 69.194
1306848 52.9725 69.4015
1310765 52.9725 69.4341
1311380 52.9725 69.4474
1311631 52.9725 69.5042
1312703 52.9725 69.6609
1315661 52.9725 69.866
1319534 52.9725 70.5029
1331556 52.9725 71.3721
1347966 52.9725 71.6613
1353424 52.9725 71.8494
1356975 52.9725 72.2125
1363831 52.9725 72.5103
1369452 52.9725 72.9767
1378257 52.9725 73.2271
1382984 52.9725 73.6134
1390276 52.9725 73.7359
1392588 52.9725 73.7753
1393333 52.9725 74.7399
1411542 52.9725 75.0064
1416573 52.9725 75.5075
1426033 52.9725 75.6323
1428389 52.9725 75.8691
1432859 52.9725 76.2806
1440626 52.9725 76.5217
1445178 52.9725 76.574
1446165 52.9725 76.6519
1447635 52.9725 76.8501
1451377 52.9725 77.1512
1457062 52.9725 77.3903
1461576 52.9725 77.3986
1461731 52.9725 77.549
1464572 52.9725 77.7032
1467483 52.9725 77.7118
1467644 52.9725 77.9921
1472936 52.9725 78.3296
1479307 52.9725 78.3384
1479473 52.9725 78.3479
1479652 52.9725 78.4382
1481357 52.9725 78.6685
1485705 52.9725 78.9928
1491826 52.9725 79.2339
1496378 52.9725 79.373
1499004 52.9725 79.5563
1502464 52.9725 79.6499
1504232 52.9725 79.8184
1507412 52.9725 79.8725
1508433 52.9725 79.9067
1509080 52.9725 79.9885
1510623 52.9725 80.0543
1511866 52.9725 80.2076
1514760 52.9725 80.4402
1519151 52.9725 80.5491
1521207 52.9725 80.9805
1529350 52.9725 81.041
1530493 52.9725 81.0914
1531444 52.9725 81.2328
1534113 52.9725 81.357
1536458 52.9725 81.3922
1537122 52.9725 81.4549
1538305 52.9725 81.463
1538459 52.9725 81.8569
1545894 52.9725 81.8958
1546628 52.9725 81.9088
1546874 52.9725 81.9148
1546988 52.9725 82.0516
1549570 52.9725 82.1426
1551287 52.9725 82.5334
1558665 52.9725 82.5991
1559905 52.9725 82.6458
1560788 52.9725 82.6963
1561741 52.9725 82.731
1562396 52.9725 83.0737
1568865 52.9725 83.2626
1572431 52.9725 83.3426
1573942 52.9725 83.4038
1575096 52.9725 83.4089
1575193 52.9725 83.6466
1579679 52.9725 83.665
1580028 52.9725 84.1789
1589728 52.9725 84.3493
1592946 52.9725 84.4748
1595314 52.9725 84.515
1596074 52.9725 84.5222
1596210 52.9725 84.6386
1598407 52.9725 84.747
1600453 52.9725 84.9335
1603973 52.9725 85.147
1608004 52.9725 85.3396
1611640 52.9725 85.5367
1615361 52.9725 85.8603
1621469 52.9725 85.8711
1621674 52.9725 86.1885
1627665 52.9725 86.3015
1629799 52.9725 86.3834
1631344 52.9725 86.3956
1631574 52.9725 86.399
1631638 52.9725 86.7955
1639123 52.9725 87.1844
1646466 52.9725 87.3267
1649152 52.9725 87.3575
1649734 52.9725 87.4191
1650897 52.9725 87.5286
1652964 52.9725 87.608
1654462 52.9725 87.6584
1655413 52.9725 87.7189
1656556 52.9725 87.7372
1656901 52.9725 87.8376
1658796 52.9725 88.2787
1667123 52.9725 88.3775
1668988 52.9725 88.742
1675869 52.9725 89.1623
1683804 52.9725 89.1713
1683974 52.9725 89.3887
1688077 52.9725 89.658
1693161 52.9725 89.7375
1694663 52.9725 89.7456
1694815 52.9725 89.9004
1697738 52.9725 89.9727
1699102 52.9725 89.9846
1699326 52.9725 90.0104
1699814 52.9725 90.2085
1703553 52.9725 90.4479
1708073 52.9725 90.4552
1708211 52.9725 90.506
1709170 52.9725 90.6332
1711571 52.9725 90.6514
1711915 52.9725 90.8444
1715558 52.9725 91.1018
1720417 52.9725 91.1208
1720776 52.9725 91.3988
1726024 52.9725 91.5398
1728686 52.9725 91.7025
1731757 52.9725 91.727
1732220 52.9725 91.7881
1733372 52.9725 91.9347
1736141 52.9725 91.9856
1737101 52.9725 92.0324
1737985 52.9725 92.1091
1739432 52.9725 92.7031
1750645 52.9725 92.8024
1752521 52.9725 92.8559
1753530 52.9725 92.8695
1753787 52.9725 93.2394
1760771 52.9725 93.5613
1766847 52.9725 93.7178
1769802 52.9725 94.0782
1776605 52.9725 94.1527
1778012 52.9725 94.202
1778942 52.9725 94.2611
1780058 52.9725 94.3443
1781628 52.9725 94.4084
1782839 52.9725 94.521
1784963 52.9725 94.8153
1790519 52.9725 95.0647
1795227 52.9725 95.0859
1795627 52.9725 95.1188
1796248 52.9725 95.4121
1801785 52.9725 95.7567
1808291 52.9725 96.1614
1815930 52.9725 96.2303
1817231 52.9725 96.432
1821040 52.9725 96.511
1822530 52.9725 96.9433
1830691 52.9725 96.9606
1831018 52.9725 97.1579
1834743 52.9725 97.2912
1837258 52.9725 97.621
1843484 52.9725 97.6823
1844642 52.9725 98.2096
1854596 52.9725 98.3864
1857933 52.9725 98.496
1860002 52.9725 98.5562
1861139 52.9725 98.5735
1861466 52.9725 98.6653
1863199 52.9725 98.7095
1864034 52.9725 98.7739
1865248 52.9725 98.8625
1866922 52.9725 98.8883
1867409 52.9725 99.1163
1871712 52.9725 99.362
1876351 52.9725 99.3683
1876470 52.9725 99.3898
1876876 52.9725 99.4051
1877164 52.9725 99.4544
1878096 52.9725 99.8195
1884987 52.9725 100.046
1889266 52.9725 100.072
1889757 52.9725 100.298
1894023 52.9725 100.334
1894695 52.9725 100.389
1895744 52.9725 100.456
1897007 52.9725 100.509
1897999 52.9725 100.527
1898343 52.9725 100.742
1902407 52.9725 100.874
1904885 52.9725 101.05
1908224 52.9725 101.503
1916761 52.9725 101.802
1922403 52.9725 101.955
1925293 52.9725 101.999
1926122 52.9725 102.084
1927734 52.9725 102.245
1930775 52.9725 102.389
1933499 52.9725 102.508
1935739 52.9725 102.546
1936448 52.9725 102.692
1939207 52.9725 102.879
1942741 52.9725 103.077
1946487 52.9725 103.506
1954580 52.9725 103.633
1956970 52.9725 103.639
1957087 52.9725 103.742
1959026 52.9725 103.911
1962225 52.9725 103.941
1962795 52.9725 104.116
1966089 52.9725 104.133
1966409 52.9725 104.164
1966999 52.9725 104.197
1967623 52.9725 104.229
1968221 52.9725 104.282
1969220 52.9725 104.314
1969832 52.9725 104.44
1972220 52.9725 104.6
1975226 52.9725 104.726
1977606 52.9725 104.865
1980228 52.9725 104.881
1980546 52.9725 104.957
1981972 52.9725 105.018
1983117 52.9725 105.045
1983630 52.9725 105.076
1984215 52.9725 105.316
1988745 52.9725 105.342
1989238 52.9725 105.605
1994205 52.9725 105.667
1995370 52.9725 105.693
1995865 52.9725 105.822
1998295 52.9725 105.837
1998590 52.9725 106.343
2008144 52.9725 106.382
2008867 52.9725 106.51
2011288 52.9725 106.868
2018043 52.9725 106.892
2018496 52.9725 107.027
2021048 52.9725 107.426
2028572 52.9725 107.516
2030272 52.9725 107.838
2036365 52.9725 108.017
2039734 52.9725 108.028
2039936 52.9725 108.074
2040812 52.9725 108.165
2042538 52.9725 108.207
2043330 52.9725 108.297
2045021 52.9725 108.487
2048608 52.9725 108.546
2049718 52.9725 109.022
2058701 52.9725 109.105
2060273 52.9725 109.396
2065773 52.9725 109.814
2073652 52.9725 109.841
2074175 52.9725 109.912
2075519 52.9725 110.029
2077725 52.9725 110.079
2078654 52.9725 110.103
2079110 52.9725 110.4
2084725 52.9725 110.435
2085378 52.9725 110.521
2087011 52.9725 110.541
2087390 52.9725 110.584
2088204 52.9725 110.588
2088266 52.9725 110.76
2091518 52.9725 110.837
2092964 52.9725 110.846
2093142 52.9725 110.869
2093573 52.9725 111.097
2097879 52.9725 111.512
2105724 52.9725 111.694
2109145 52.9725 111.736
2109950 52.9725 111.856
2112202 52.9725 112.409
2122641 52.9725 112.543
2125178 52.9725 112.708
2128302 52.9725 112.826
2130520 52.9725 113.26
2138707 52.9725 113.417
2141679 52.9725 113.951
2151751 52.9725 114.52
2162506 52.9725 114.806
2167890 52.9725 115.078
2173025 52.9725 115.094
2173339 52.9725 115.283
2176909 52.9725 115.626
2183387 52.9725 115.701
2184792 52.9725 116.142
2193115 52.9725 116.411
2198195 52.9725 116.453
2198994 52.9725 116.457
2199063 52.9725 116.613
2202013 52.9725 116.819
2205897 52.9725 116.88
2207052 52.9725 116.927
2207938 52.9725 117.724
2222974 52.9725 117.728
2223067 52.9725 117.821
2224811 52.9725 117.88
2225921 52.9725 118.038
2228913 52.9725 118.408
2235887 52.9725 118.743
2242219 52.9725 118.776
2242841 52.9725 118.832
2243905 52.9725 119.259
2251968 52.9725 119.289
2252526 52.9725 119.705
2260371 52.9725 119.785
2261898 52.9725 120.013
2266195 52.9725 120.169
2269139 52.9725 120.238
2270438 52.9725 120.327
2272128 52.9725 120.711
2279379 52.9725 120.734
2279800 52.9725 120.789
2280844 52.9725 120.877
2282505 52.9725 121.095
2286621 52.9725 121.572
2295631 52.9725 121.687
2297793 52.9725 122.006
2303816 52.9725 122.357
2310435 52.9725 122.435
2311911 52.9725 122.47
2312575 52.9725 122.525
2313616 52.9725 122.586
2314766 52.9725 122.79
2318613 52.9725 122.916
2320990 52.9725 122.988
2322347 52.9725 122.993
2322452 52.9725 123.048
2323496 52.9725 123.066
2323821 52.9725 123.13
2325035 52.9725 123.167
2325731 52.9725 123.719
2336160 52.9725 123.749
2336717 52.9725 124.377
2348570 52.9725 124.544
2351732 52.9725 124.82
2356944 52.9725 124.877
2358015 52.9725 124.88
2358071 52.9725 124.908
2358603 52.9725 124.98
2359962 52.9725 125.03
2360899 52.9725 125.34
2366764 52.9725 125.617
2371985 52.9725 125.729
2374094 52.9725 125.81
2375635 52.9725 125.845
2376281 52.9725 126.128
2381625 52.9725 126.326
2385374 52.9725 126.596
2390471 52.9725 126.655
2391573 52.9725 126.774
2393829 52.9725 126.937
2396911 52.9725 127.098
2399950 52.9725 127.202
2401905 52.9725 127.507
2407664 52.9725 127.592
2409275 52.9725 127.73
2411868 52.9725 127.925
2415548 52.9725 128.145
2419703 52.9725 128.168
2420138 52.9725 128.302
2422674 52.9725 128.912
2434179 52.9725 129.023
2436283 52.9725 129.735
2449724 52.9725 129.786
2450687 52.9725 129.934
2453478 52.9725 130.1
2456607 52.9725 130.273
2459875 52.9725 130.654
2467073 52.9725 130.767
2469197 52.9725 130.953
2472710 52.9725 131.108
2475637 52.9725 131.178
2476967 52.9725 131.35
2480204 52.9725 131.607
2485062 52.9725 131.665
2486163 52.9725 132.321
2498544 52.9725 132.46
2501170 52.9725 132.499
2501899 52.9725 132.536
2502594 52.9725 132.616
2504108 52.9725 132.622
2504231 52.9725 132.893
2509345 52.9725 132.917
2509802 52.9725 133.04
2512110 52.9725 133.057
2512429 52.9725 133.202
2515177 52.9725 133.313
2517269 52.9725 133.341
2517801 52.9725 133.643
2523495 52.9725 133.691
2524413 52.9725 133.696
2524499 52.9725 134.223
2534455 52.9725 134.286
2535643 52.9725 134.568
2540956 52.9725 134.576
2541112 52.9725 134.606
2541678 52.9725 134.843
2546153 52.9725 134.852
2546312 52.9725 135.108
2551160 52.9725 135.148
2551914 52.9725 135.256
2553945 52.9725 135.288
2554554 52.9725 135.518
2558885 52.9725 135.529
2559097 52.9725 135.59
2560251 52.9725 135.637
2561135 52.9725 135.674
2561840 52.9725 135.728
2562866 52.9725 135.771
2563678 52.9725 135.876
2565647 52.9725 136.002
2568023 52.9725 136.12
2570250 52.9725 136.214
2572035 52.9725 136.337
2574345 52.9725 136.368
2574932 52.9725 136.821
2583497 52.9725 137.016
2587181 52.9725 137.202
2590685 52.9725 137.288
2592298 52.9725 137.948
2604757 52.9725 138.091
2607470 52.9725 138.193
2609382 52.9725 138.358
2612502 52.9725 138.557
2616271 52.9725 138.645
2617931 52.9725 138.8
2620848 52.9725 138.831
2621434 52.9725 139.025
2625096 52.9725 139.069
2625937 52.9725 139.151
2627478 52.9725 139.276
2629831 52.9725 140.272
2648635 52.9725 140.818
2658947 52.9725 140.826
2659093 52.9725 140.842
2659403 52.9725 140.887
2660243 52.9725 140.939
2661224 52.9725 141.032
2662976 52.9725 141.092
2664112 52.9725 141.123
2664698 52.9725 141.184
2665850 52.9725 141.275
2667569 52.9725 141.29
2667850 52.9725 141.414
2670202 52.9725 141.512
2672050 52.9725 141.532
2672416 52.9725 141.581
2673343 52.9725 141.713
2675846 52.9725 141.729
2676138 52.9725 141.811
2677699 52.9725 142.048
2682162 52.9725 142.087
2682893 52.9725 142.165
2684371 52.9725 142.291
2686749 52.9725 142.418
2689150 52.9725 142.997
2700079 52.9725 143.082
2701683 52.9725 143.237
2704611 52.9725 143.348
2706697 52.9725 143.608
2711605 52.9725 143.77
2714666 52.9725 143.975
2718548 52.9725 144.135
2721572 52.9725 144.181
2722423 52.9725 144.502
2728487 52.9725 144.527
2728959 52.9725 144.561
2729600 52.9725 145.122
2740194 52.9725 145.188
2741432 52.9725 145.201
2741680 52.9725 145.492
2747189 52.9725 145.7
2751114 52.9725 145.908
2755035 52.9725 145.908
2755036 52.9725 146.079
2758260 52.9725 146.155
2759702 52.9725 146.21
2760736 52.9725 146.414
2764582 52.9725 146.507
2766335 52.9725 146.569
2767513 52.9725 146.622
2768504 52.9725 146.799
2771848 52.9725 146.833
2772494 52.9725 146.892
2773609 52.9725 146.941
2774528 52.9725 147.015
2775928 52.9725 147.116
2777833 52.9725 147.351
2782271 52.9725 147.627
2787475 52.9725 147.924
2793087 52.9725 148.087
2796171 52.9725 148.184
2798000 52.9725 148.448
2802983 52.9725 148.566
2805217 52.9725 149.066
2814647 52.9725 149.134
2815924 52.9725 149.621
2825131 52.9725 149.709
2826782 52.9725 150.059
2833398 52.9725 150.244
2836888 52.9725 150.281
2837591 52.9725 150.406
2839945 52.9725 150.469
2841131 52.9725 150.741
2846261 52.9725 151.671
2863827 52.9725 151.816
2866556 52.9725 152.035
2870700 52.9725 152.228
2874344 52.9725 152.291
2875534 52.9725 152.299
2875676 52.9725 152.304
2875782 52.9725 152.307
2875832 52.9725 152.47
2878909 52.9725 152.667
2882629 52.9725 152.718
2883588 52.9725 152.761
2884405 52.9725 152.838
2885852 52.9725 153.066
2890165 52.9725 153.508
2898499 52.9725 153.855
2905051 52.9725 154.203
2911621 52.9725 154.271
2912908 52.9725 154.698
2920959 52.9725 155.315
2932607 52.9725 155.44
2934969 52.9725 155.507
2936234 52.9725 155.573
2937488 52.9725 155.593
2937870 52.9725 155.653
2938990 52.9725 155.798
2941738 52.9725 155.804
2941856 52.9725 156.062
2946723 52.9725 156.256
2950385 52.9725 156.352
2952197 52.9725 156.542
2955770 52.9725 156.692
2958617 52.9725 156.711
2958964 52.9725 156.913
2962773 52.9725 157.009
2964586 52.9725 157.089
2966112 52.9725 157.314
2970343 52.9725 157.419
2972333 52.9725 157.455
2973007 52.9725 157.551
2974835 52.9725 157.605
2975839 52.9725 157.737
2978333 52.9725 157.92
2981788 52.9725 158.028
2983836 52.9725 158.069
2984607 52.9725 158.082
2984845 52.9725 158.2
2987084 52.9725 158.578
2994223 52.9725 158.724
2996969 52.9725 158.985
3001891 52.9725 159.017
3002494 52.9725 159.036
3002860 52.9725 159.454
3010754 52.9725 159.691
3015223 52.9725 159.785
3016996 52.9725 160.22
3025219 52.9725 160.655
3033431 52.9725 160.764
3035485 52.9725 161.016
3040247 52.9725 161.228
3044249 52.9725 161.743
3053955 52.9725 162.067
3060085 52.9725 162.113
3060951 52.9725 162.284
3064178 52.9725 162.666
3071383 52.9725 162.733
3072655 52.9725 162.921
3076203 52.9725 163.16
3080715 52.9725 163.437
3085934 52.9725 163.546
3088003 52.9725 163.751
3091870 52.9725 163.925
3095151 52.9725 164.06
3097699 52.9725 164.121
3098861 52.9725 164.326
3102728 52.9725 164.661
3109049 52.9725 164.679
3109384 52.9725 164.806
3111788 52.9725 164.912
3113779 52.9725 165.159
3118443 52.9725 165.185
3118932 52.9725 165.38
3122621 52.9725 165.604
3126843 52.9725 165.975
3133845 52.9725 166.12
3136588 52.9725 166.289
3139788 52.9725 166.369
3141294 52.9725 166.662
3146812 52.9725 166.729
3148087 52.9725 166.958
3152414 52.9725 167.124
3155536 52.9725 167.366
3160104 52.9725 167.425
3161231 52.9725 167.518
3162986 52.9725 167.773
3167790 52.9725 167.828
3168829 52.9725 167.996
3172007 52.9725 168.255
3176893 52.9725 168.414
3179898 52.9725 168.495
3181424 52.9725 169.302
3196655 52.9725 169.509
3200557 52.9725 169.515
3200682 52.9725 169.544
3201231 52.9725 169.598
3202251 52.9725 170.042
3210627 52.9725 170.253
3214617 52.9725 170.322
3215905 52.9725 170.337
3216188 52.9725 170.409
3217548 52.9725 170.568
3220555 52.9725 170.678
3222634 52.9725 170.733
3223665 52.9725 171.009
3228887 52.9725 171.069
3230018 52.9725 171.079
3230203 52.9725 171.231
3233067 52.9725 171.259
3233600 52.9725 171.331
3234963 52.9725 171.495
3238052 52.9725 171.527
3238669 52.9725 171.553
3239154 52.9725 171.603
3240098 52.9725 171.792
3243670 52.9725 171.919
3246067 52.9725 171.949
3246629 52.9725 172.074
3248996 52.9725 172.11
3249675 52.9725 172.213
3251607 52.9725 172.268
3252652 52.9725 172.32
3253635 52.9725 172.426
3255637 52.9725 172.55
3257976 52.9725 172.559
3258139 52.9725 172.78
3262307 52.9725 172.876
3264126 52.9725 172.897
3264529 52.9725 172.999
3266449 52.9725 173.048
3267371 52.9725 173.279
3271735 52.9725 173.355
3273178 52.9725 173.376
3273573 52.9725 173.694
3279565 52.9725 174.072
3286714 52.9725 174.17
3288561 52.9725 174.252
3290109 52.9725 174.658
3297769 52.9725 174.992
3304065 52.9725 175.422
3312197 52.9725 175.448
3312682 52.9725 175.624
3316007 52.9725 175.742
3318223 52.9725 175.749
3318363 52.9725 175.77
3318750 52.9725 176.126
3325479 52.9725 176.252
3327857 52.9725 176.296
3328697 52.9725 176.473
3332030 52.9725 176.475
3332066 52.9725 176.848
3339117 52.9725 176.859
3339309 52.9725 176.992
3341819 52.9725 177.12
3344247 52.9725 177.18
3345374 52.9725 177.819
3357437 52.9725 178.227
3365147 52.9725 178.267
3365890 52.9725 178.278
3366105 52.9725 178.374
3367922 52.9725 178.451
3369370 52.9725 178.554
3371321 52.9725 178.897
3377783 52.9725 178.938
3378561 52.9725 179.108
3381770 52.9725 179.267
3384782 52.9725 179.291
3385228 52.9725 179.357
3386481 52.9725 179.65
3391998 52.9725 179.761
3394091 52.9725 179.861
3395995 52.9725 180.257
3403460 52.9725 180.332
3404872 52.9725 180.454
3407188 52.9725 181.019
3417848 52.9725 181.019
3417852 52.9725 181.319
3423519 52.9725 181.677
3430268 52.9725 181.723
3431144 52.9725 181.782
3432247 52.9725 181.997
3436319 52.9725 182.053
3437374 52.9725 182.108
3438401 52.9725 182.243
3440962 52.9725 182.506
3445913 52.9725 182.627
3448195 52.9725 182.653
3448697 52.9725 182.817
3451791 52.9725 182.833
3452089 52.9725 182.953
3454359 52.9725 183.004
3455314 52.9725 183.047
3456128 52.9725 183.284
3460603 52.9725 183.297
3460844 52.9725 183.348
3461807 52.9725 183.353
3461908 52.9725 183.801
3470365 52.9725 184.197
3477836 52.9725 184.752
3488313 52.9725 184.763
3488529 52.9725 184.873
3490609 52.9725 185.017
3493329 52.9725 185.02
3493378 52.9725 185.066
3494255 52.9725 185.088
3494665 52.9725 185.122
3495307 52.9725 185.126
3495379 52.9725 185.22
3497161 52.9725 185.369
3499966 52.9725 185.421
3500941 52.9725 185.593
3504188 52.9725 185.616
3504638 52.9725 185.752
3507206 52.9725 185.783
3507779 52.9725 185.81
3508295 52.9725 186.484
3521022 52.9725 186.577
3522772 52.9725 186.847
3527877 52.9725 186.899
3528848 52.9725 186.956
3529932 52.9725 187.258
3535620 52.9725 187.376
3537849 52.9725 187.404
3538375 52.9725 187.918
3548077 52.9725 188.018
3549979 52.9725 188.027
3550150 52.9725 188.153
3552530 52.9725 188.556
3560124 52.9725 188.761
3564008 52.9725 189.039
3569257 52.9725 189.191
3572116 52.9725 189.198
3572253 52.9725 189.53
3578524 52.9725 189.601
3579860 52.9725 190.553
3597837 52.9725 190.58
3598335 52.9725 190.719
3600966 52.9725 190.8
3602492 52.9725 190.924
3604826 52.9725 191.281
3611566 52.9725 191.317
3612253 52.9725 191.337
3612637 52.9725 191.47
3615143 52.9725 191.536
3616387 52.9725 191.675
3619008 52.9725 191.697
3619431 52.9725 192.257
3629987 52.9725 192.322
3631223 52.9725 192.671
3637804 52.9725 192.742
3639146 52.9725 193.146
3646777 52.9725 193.297
3649634 52.9725 193.298
3649641 52.9725 193.755
3658274 52.9725 193.787
3658882 52.9725 193.882
3660678 52.9725 194.055
3663939 52.9725 194.059
3664009 52.9725 194.21
3666870 52.9725 194.742
3676903 52.9725 194.781
3677648 52.9725 194.953
3680895 52.9725 195.093
3683526 52.9725 195.183
3685236 52.9725 195.31
3687632 52.9725 195.808
3697032 52.9725 196.319
3706677 52.9725 196.517
3710422 52.9725 196.584
3711682 52.9725 196.757
3714945 52.9725 196.811
3715971 52.9725 196.908
3717789 52.9725 197.002
3719564 52.9725 197.108
3721573 52.9725 197.296
3725115 52.9725 197.414
3727358 52.9725 197.427
3727593 52.9725 197.449
3728003 52.9725 197.523
3729399 52.9725 197.828
3735156 52.9725 197.87
3735954 52.9725 197.899
3736513 52.9725 197.934
3737163 52.9725 198.249
3743121 52.9725 198.361
3745232 52.9725 198.837
3754208 52.9725 198.85
3754451 52.9725 198.852
3754501 52.9725 198.906
3755512 52.9725 198.991
3757117 52.9725 199.294
3762837 52.9725 199.442
3765631 52.9725 199.538
3767439 52.9725 199.565
3767952 52.9725 199.598
3768583 52.9725 200.141
3778823 52.9725 200.407
3783849 52.9725 200.412
3783947 52.9725 200.529
3786156 52.9725 200.544
3786437 52.9725 200.829
3791812 52.9725 200.897
3793095 52.9725 201.1
3796930 52.9725 201.245
3799670 52.9725 201.269
3800127 52.9725 201.352
3801688 52.9725 201.506
3804588 52.9725 201.657
3807445 52.9725 201.807
3810286 52.9725 201.982
3813589 52.9725 202.243
3818511 52.9725 202.28
3819214 52.9725 202.506
3823466 52.9725 202.641
3826025 52.9725 202.75
3828081 52.9725 202.999
3832783 52.9725 203.099
3834677 52.9725 203.223
3837011 52.9725 203.358
3839555 52.9725 203.489
3842025 52.9725 203.623
3844564 52.9725 204.301
3857358 52.9725 204.328
3857871 52.9725 204.341
3858106 52.9725 204.486
3860852 52.9725 204.733
3865516 52.9725 205
3870558 52.9725 205.085
3872154 52.9725 205.115
3872729 52.9725 205.126
3872943 52.9725 205.229
3874874 52.9725 205.327
3876728 52.9725 205.39
3877925 52.9725 205.612
3882112 52.9725 205.874
3887049 52.9725 206.01
3889618 52.9725 206.42
3897364 52.9725 206.448
3897897 52.9725 206.452
3897968 52.9725 206.759
3903761 52.9725 206.785
3904252 52.9725 206.879
3906027 52.9725 206.917
3906753 52.9725 207.262
3913252 52.9725 207.515
3918036 52.9725 207.914
3925574 52.9725 208.09
3928894 52.9725 208.172
3930434 52.9725 208.291
3932681 52.9725 208.65
3939454 52.9725 208.752
3941383 52.9725 208.783
3941962 52.9725 208.974
3945579 52.9725 209.32
3952110 52.9725 209.557
3956573 52.9725 209.571
3956845 52.9725 209.852
3962151 52.9725 210.054
3965959 52.9725 210.334
3971258 52.9725 210.671
3977610 52.9725 210.746
3979020 52.9725 210.784
3979751 52.9725 210.897
3981881 52.9725 211.127
3986218 52.9725 211.531
3993851 52.9725 211.83
3999499 52.9725 211.832
3999522 52.9725 211.909
4000974 52.9725 211.944
4001635 52.9725 212.172
4005952 52.9725 212.505
4012234 52.9725 212.532
4012742 52.9725 212.81
4017991 52.9725 213.006
4021690 52.9725 213.19
4025162 52.9725 213.576
4032451 52.9725 213.802
4036709 52.9725 214.044
4041286 52.9725 214.198
4044186 52.9725 214.238
4044954 52.9725 214.522
4050307 52.9725 214.674
4053175 52.9725 214.684
4053370 52.9725 214.772
4055025 52.9725 214.982
4058997 52.9725 215.042
4060116 52.9725 215.161
4062375 52.9725 215.368
4066281 52.9725 215.485
4068483 52.9725 215.527
4069279 52.9725 216.048
4079118 52.9725 216.356
4084924 52.9725 216.396
4085691 52.9725 216.495
4087561 52.9725 216.659
4090652 52.9725 216.713
4091667 52.9725 216.949
4096122 52.9725 217.398
4104599 52.9725 217.421
4105033 52.9725 218.312
4121852 52.9725 218.399
4123491 52.9725 218.401
4123538 52.9725 218.634
4127931 52.9725 219.071
4136188 52.9725 219.442
4143179 52.9725 219.617
4146493 52.9725 219.702
4148102 52.9725 219.995
4153625 52.9725 220.154
4156622 52.9725 220.476
4162712 52.9725 220.547
4164045 52.9725 220.663
4166241 52.9725 220.708
4167083 52.9725 220.91
4170903 52.9725 220.92
4171086 52.9725 221.446
4181009 52.9725 221.494
4181919 52.9725 221.871
4189032 52.9725 221.934
4190221 52.9725 221.965
4190824 52.9725 222.261
4196404 52.9725 222.322
4197548 52.9725 222.338
4197865 52.9725 222.394
4198922 52.9725 222.744
4205516 52.9725 223.052
4211343 52.9725 223.447
4218784 52.9725 223.509
4219954 52.9725 223.56
4220920 52.9725 223.583
4221351 52.9725 223.675
4223095 52.9725 223.729
4224125 52.9725 223.746
4224444 52.9725 223.767
4224831 52.9725 223.78
4225080 52.9725 223.914
4227610 52.9725 224.048
4230144 52.9725 224.259
4234120 52.9725 224.266
4234251 52.9725 224.27
4234333 52.9725 224.403
4236847 52.9725 224.472
4238134 52.9725 224.796
4244256 52.9725 224.797
4244269 52.9725 224.958
4247310 52.9725 225.333
4254398 52.9725 225.398
4255630 52.9725 225.562
4258728 52.9725 225.943
4265907 52.9725 226.032
4267587 52.9725 226.039
4267716 52.9725 226.182
4270421 52.9725 226.245
4271607 52.9725 226.301
4272670 52.9725 226.416
4274833 52.9725 226.527
4276935 52.9725 226.721
4280605 52.9725 226.743
4281022 52.9725 226.831
4282681 52.9725 226.995
4285765 52.9725 227.623
4297621 52.9725 227.789
4300766 52.9725 227.977
4304313 52.9725 228.05
4305689 52.9725 228.199
4308490 52.9725 228.249
4309445 52.9725 228.589
4315861 52.9725 228.657
4317148 52.9725 228.693
4317825 52.9725 229.108
4325668 52.9725 229.264
4328598 52.9725 229.274
4328792 52.9725 229.78
4338344 52.9725 230.765
4356947 52.9725 230.776
4357151 52.9725 231.096
4363197 52.9725 231.445
4369780 52.9725 231.627
4373215 52.9725 232.184
4383726 52.9725 232.196
4383951 52.9725 232.303
4385968 52.9725 232.329
4386467 52.9725 232.364
4387125 52.9725 232.545
4390542 52.9725 232.578
4391169 52.9725 232.874
4396759 52.9725 233.093
4400891 52.9725 233.102
4401063 52.9725 233.116
4401327 52.9725 233.121
4401409 52.9725 233.168
4402305 52.9725 233.205
4402995 52.9725 233.391
4406521 52.9725 233.618
4410797 52.9725 233.641
4411229 52.9725 233.796
4414159 52.9725 233.798
4414191 52.9725 233.973
4417498 52.9725 233.986
4417749 52.9725 234.145
4420740 52.9725 234.332
4424280 52.9725 234.626
4429826 52.9725 234.738
4431939 52.9725 234.902
4435040 52.9725 234.928
4435529 52.9725 235.185
4440371 52.9725 235.447
4445318 52.9725 235.449
4445359 52.9725 235.464
4445651 52.9725 235.466
4445682 52.9725 235.489
4446109 52.9725 235.68
4449729 52.9725 235.784
4451678 52.9725 235.909
4454048 52.9725 236.476
4464741 52.9725 236.527
4465709 52.9725 236.555
4466250 52.9725 236.584
4466781 52.9725 236.703
4469034 52.9725 236.774
4470370 52.9725 236.817
4471178 52.9725 237.123
4476966 52.9725 237.359
4481417 52.9725 238.048
4494432 52.9725 238.154
4496426 52.9725 238.576
4504394 52.9725 238.878
4510088 52.9725 238.892
4510367 52.9725 239.333
4518693 52.9725 239.398
4519905 52.9725 239.503
4521890 52.9725 239.621
4524119 52.9725 239.668
4525002 52.9725 239.745
4526455 52.9725 239.913
4529628 52.9725 240.016
4531576 52.9725 240.061
4532436 52.9725 240.123
4533599 52.9725 240.217
4535381 52.9725 240.387
4538584 52.9725 240.761
4545635 52.9725 240.866
4547625 52.9725 240.882
4547920 52.9725 241.109
4552213 52.9725 241.182
4553580 52.9725 241.473
4559075 52.9725 241.564
4560799 52.9725 241.638
4562197 52.9725 241.725
4563840 52.9725 241.757
4564444 52.9725 241.778
4564842 52.9725 242.148
4571833 52.9725 242.509
4578633 52.9725 242.599
4580346 52.9725 242.667
4581631 52.9725 242.74
4582999 52.9725 243.026
4588393 52.9725 243.12
4590178 52.9725 243.364
4594789 52.9725 243.536
4598027 52.9725 243.543
4598154 52.9725 243.772
4602491 52.9725 243.881
4604539 52.9725 243.991
4606620 52.9725 244.074
4608183 52.9725 244.26
4611696 52.9725 244.399
4614311 52.9725 244.421
4614728 52.9725 244.458
4615425 52.9725 244.854
4622900 52.9725 244.969
4625086 52.9725 245.44
4633962 52.9725 245.63
4637553 52.9725 245.63
4637561 52.9725 245.731
4639464 52.9725 245.824
4641210 52.9725 245.876
4642194 52.9725 245.946
4643527 52.9725 245.987
4644296 52.9725 246.129
4646969 52.9725 246.213
4648569 52.9725 246.25
4649256 52.9725 246.327
4650706 52.9725 246.848
4660541 52.9725 246.861
4660801 52.9725 246.865
4660865 52.9725 247.197
4667138 52.9725 247.307
4669221 52.9725 247.313
4669328 52.9725 247.508
4673018 52.9725 247.608
4674899 52.9725 247.852
4679502 52.9725 248.073
4683680 52.9725 248.243
4686887 52.9725 248.401
4689872 52.9725 248.414
4690112 52.9725 248.44
4690599 52.9725 248.611
4693838 52.9725 248.628
4694143 52.9725 248.692
4695358 52.9725 248.869
4698696 52.9725 248.887
4699036 52.9725 249.26
4706090 52.9725 249.404
4708794 52.9725 249.467
4709983 52.9725 249.509
4710775 52.9725 249.935
4718831 52.9725 249.96
4719300 52.9725 250.028
4720589 52.9725 250.124
4722395 52.9725 250.227
4724332 52.9725 250.285
4725439 52.9725 250.316
4726017 52.9725 250.377
4727170 52.9725 250.448
4728509 52.9725 250.476
4729036 52.9725 250.613
4731628 52.9725 251.123
4741260 52.9725 251.256
4743772 52.9725 251.33
4745155 52.9725 251.386
4746221 52.9725 251.631
4750851 52.9725 251.676
4751699 52.9725 251.811
4754236 52.9725 252.252
4762568 52.9725 252.351
4764432 52.9725 252.429
4765907 52.9725 252.847
4773795 52.9725 252.884
4774501 52.9725 252.885
4774512 52.9725 253.118
4778918 52.9725 253.128
4779099 52.9725 253.18
4780086 52.9725 253.298
4782308 52.9725 253.379
4783848 52.9725 253.493
4785989 52.9725 253.561
4787283 52.9725 253.65
4788961 52.9725 253.821
4792191 52.9725 253.916
4793973 52.9725 253.916
4793980 52.9725 254.068
4796852 52.9725 254.083
4797128 52.9725 254.103
4797516 52.9725 254.249
4800258 52.9725 254.308
4801381 52.9725 254.32
4801599 52.9725 254.427
4803623 52.9725 254.651
4807855 52.9725 254.666
4808131 52.9725 254.787
4810415 52.9725 254.827
4811178 52.9725 254.929
4813103 52.9725 255.346
4820978 52.9725 255.516
4824178 52.9725 255.647
4826663 52.9725 256.023
4833750 52.9725 256.094
4835102 52.9725 256.098
4835165 52.9725 256.099
4835181 52.9725 256.193
4836967 52.9725 256.257
4838167 52.9725 256.364
4840183 52.9725 256.445
4841716 52.9725 256.622
4845053 52.9725 257.029
4852748 52.9725 257.153
4855085 52.9725 257.634
4864170 52.9725 257.746
4866272 52.9725 257.769
4866713 52.9725 257.829
4867844 52.9725 258.09
4872768 52.9725 258.101
4872973 52.9725 258.21
4875031 52.9725 258.507
4880647 52.9725 258.588
4882181 52.9725 258.706
4884398 52.9725 258.836
4886857 52.9725 259.166
4893078 52.9725 259.219
4894077 52.9725 259.312
4895847 52.9725 259.363
4896805 52.9725 259.525
4899863 52.9725 259.646
4902145 52.9725 259.648
4902187 52.9725 259.732
4903763 52.9725 259.91
4907138 52.9725 260.096
4910651 52.9725 260.384
4916077 52.9725 260.822
4924347 52.9725 260.829
4924483 52.9725 260.859
4925041 52.9725 260.883
4925498 52.9725 260.941
4926596 52.9725 260.942
4926614 52.9725 261.03
4928270 52.9725 261.179
4931084 52.9725 261.42
4935634 52.9725 261.626
4939533 52.9725 261.658
4940120 52.9725 261.669
4940331 52.9725 261.708
4941080 52.9725 261.807
4942933 52.9725 261.817
4943123 52.9725 261.843
4943617 52.9725 261.904
4944775 52.9725 261.936
4945379 52.9725 262.051
4947555 52.9725 262.101
4948498 52.9725 262.976
4965008 52.9725 263.049
4966396 52.9725 263.303
4971184 52.9725 263.382
4972675 52.9725 263.499
4974888 52.9725 263.612
4977014 52.9725 263.73
4979249 52.9725 263.781
4980212 52.9725 264.079
4985841 52.9725 264.29
4989813 52.9725 264.515
4994071 52.9725 264.681
4997200 52.9725 264.74
