289 54.4798 0.251097
4898 54.4798 0.251261
4901 54.4798 0.425977
8108 54.4798 0.522842
9886 54.4798 0.539404
10190 54.4798 0.755199
14151 54.4798 0.801779
15006 54.4798 0.905999
16919 54.4798 1.34843
25040 54.4798 1.41212
26209 54.4798 1.51388
28077 54.4798 1.52069
28202 54.4798 1.66545
30859 54.4798 1.76651
32714 54.4798 1.90554
35266 54.4798 2.07606
38396 54.4798 2.11992
39201 54.4798 2.13572
39491 54.4798 2.20589
40779 54.4798 2.21951
41029 54.4798 2.22675
41162 54.4798 2.22784
41182 54.4798 2.31828
42842 54.4798 2.37259
43839 54.4798 2.64848
48903 54.4798 2.71195
50068 54.4798 2.89604
53447 54.4798 2.96256
54668 54.4798 3.24427
59839 54.4798 3.26781
60271 54.4798 3.33405
61487 54.4798 3.35443
61861 54.4798 3.53383
65154 54.4798 3.57616
65931 54.4798 3.68567
67941 54.4798 4.35304
80191 54.4798 4.4668
82279 54.4798 4.61449
84990 54.4798 4.84619
89243 54.4798 5.09811
93867 54.4798 5.27293
97076 54.4798 5.43578
100065 54.4798 5.55509
102255 54.4798 5.56647
102464 54.4798 5.67974
104543 54.4798 5.84655
107605 54.4798 5.99103
110257 54.4798 5.99675
110362 54.4798 5.99915
110406 54.4798 6.3993
117751 54.4798 6.43929
118485 54.4798 6.66217
122576 54.4798 6.81166
125320 54.4798 6.89921
126927 54.4798 6.91795
127271 54.4798 6.91882
127287 54.4798 7.10678
130737 54.4798 7.60865
139949 54.4798 7.62712
140288 54.4798 7.66329
140952 54.4798 7.73286
142229 54.4798 7.77476
142998 54.4798 7.79301
143333 54.4798 7.97998
146765 54.4798 8.05696
148178 54.4798 8.26153
151933 54.4798 8.36962
153917 54.4798 8.55649
157347 54.4798 8.65275
159114 54.4798 8.71529
160262 54.4798 8.77408
161341 54.4798 8.90189
163687 54.4798 8.99025
165309 54.4798 9.27339
170506 54.4798 9.47344
174178 54.4798 9.49392
174554 54.4798 9.5302
175220 54.4798 9.54965
175577 54.4798 9.61999
176868 54.4798 9.79574
180094 54.4798 9.82761
180679 54.4798 9.97792
183438 54.4798 10.0294
184383 54.4798 10.102
185715 54.4798 10.3815
190846 54.4798 10.6284
195377 54.4798 10.6458
195698 54.4798 10.7704
197984 54.4798 10.7926
198391 54.4798 10.8095
198702 54.4798 11.1773
205453 54.4798 11.6237
213647 54.4798 11.6263
213695 54.4798 11.9489
219617 54.4798 12.0038
220624 54.4798 12.1956
224144 54.4798 12.8382
235940 54.4798 13.1109
240945 54.4798 13.4348
246890 54.4798 13.5849
249646 54.4798 13.6757
251313 54.4798 13.8404
254336 54.4798 13.8803
255068 54.4798 13.9667
256653 54.4798 14.3226
263187 54.4798 14.3659
263982 54.4798 14.5159
266735 54.4798 14.589
268077 54.4798 14.7282
270632 54.4798 15.0476
276495 54.4798 15.0631
276778 54.4798 15.1804
278931 54.4798 15.4674
284199 54.4798 15.5478
285676 54.4798 15.6638
287804 54.4798 15.7542
289465 54.4798 15.8815
291800 54.4798 15.8971
292088 54.4798 16.1217
296210 54.4798 16.5069
303280 54.4798 16.578
304585 54.4798 16.5948
304893 54.4798 16.6148
305261 54.4798 16.8031
308718 54.4798 17.0615
313460 54.4798 17.4559
320699 54.4798 17.5541
322503 54.4798 17.9782
330287 54.4798 18.0006
330697 54.4798 18.5238
340301 54.4798 18.634
342325 54.4798 19.4682
357636 54.4798 19.8543
364724 54.4798 19.8846
365280 54.4798 20.0158
367688 54.4798 20.0831
368923 54.4798 20.2446
371888 54.4798 20.4731
376081 54.4798 20.531
377144 54.4798 20.7273
380748 54.4798 20.8913
383758 54.4798 20.9899
385568 54.4798 21.018
386084 54.4798 21.0412
386509 54.4798 21.572
396252 54.4798 21.5749
396306 54.4798 21.6469
397627 54.4798 21.8277
400945 54.4798 23.0115
422675 54.4798 23.3646
429156 54.4798 23.3996
429798 54.4798 23.4579
430869 54.4798 23.4873
431409 54.4798 23.6081
433625 54.4798 23.6515
434423 54.4798 24.0085
440976 54.4798 24.2152
444769 54.4798 24.3937
448045 54.4798 24.7243
454114 54.4798 24.7526
454634 54.4798 24.8802
456976 54.4798 24.9645
458523 54.4798 25.1825
462524 54.4798 25.6184
470525 54.4798 25.7173
472341 54.4798 25.8442
474670 54.4798 25.8483
474746 54.4798 25.964
476869 54.4798 26.0197
477891 54.4798 26.0235
477961 54.4798 26.0886
479157 54.4798 26.1318
479950 54.4798 26.8246
492667 54.4798 26.909
494216 54.4798 26.932
494637 54.4798 27.0087
496046 54.4798 27.0571
496933 54.4798 27.1389
498435 54.4798 27.1884
499343 54.4798 27.3048
501480 54.4798 27.3189
501739 54.4798 27.3978
503187 54.4798 27.4645
504412 54.4798 27.5433
505858 54.4798 27.964
513581 54.4798 28.0329
514845 54.4798 28.0976
516033 54.4798 28.11
516261 54.4798 28.1402
516815 54.4798 28.4115
521794 54.4798 28.536
524080 54.4798 28.6365
525924 54.4798 28.9255
531229 54.4798 28.9404
531503 54.4798 29.0193
532951 54.4798 29.1011
534453 54.4798 29.4823
541450 54.4798 29.4826
541455 54.4798 29.5311
542345 54.4798 29.5921
543465 54.4798 29.6367
544284 54.4798 29.8645
548465 54.4798 29.946
549960 54.4798 30.1698
554068 54.4798 30.3674
557696 54.4798 30.3873
558061 54.4798 30.5976
561921 54.4798 30.9293
568010 54.4798 31.0594
570398 54.4798 31.2371
573659 54.4798 31.2555
573997 54.4798 31.4744
578015 54.4798 31.7753
583538 54.4798 31.8952
585739 54.4798 31.9382
586529 54.4798 31.9463
586678 54.4798 31.9565
586864 54.4798 32.0007
587676 54.4798 32.0627
588813 54.4798 32.2495
592242 54.4798 32.334
593793 54.4798 32.3576
594227 54.4798 32.4509
595940 54.4798 32.844
603154 54.4798 32.9689
605447 54.4798 33.752
619821 54.4798 33.7707
620164 54.4798 34.0628
625526 54.4798 34.4752
633096 54.4798 34.5427
634335 54.4798 34.7958
638981 54.4798 34.821
639443 54.4798 34.9836
642428 54.4798 35.0701
644015 54.4798 35.1032
644624 54.4798 35.2717
647716 54.4798 35.3727
649571 54.4798 35.4903
651729 54.4798 35.8715
658725 54.4798 35.9996
661077 54.4798 36.1219
663323 54.4798 36.7667
675157 54.4798 37.281
684598 54.4798 37.3281
685463 54.4798 37.3473
685814 54.4798 37.5022
688658 54.4798 37.516
688911 54.4798 37.623
690875 54.4798 37.6425
691233 54.4798 37.814
694382 54.4798 37.8548
695131 54.4798 38.2665
702687 54.4798 38.2922
703159 54.4798 38.403
705192 54.4798 38.903
714370 54.4798 39.0586
717226 54.4798 39.6813
728656 54.4798 39.8623
731979 54.4798 40.1321
736931 54.4798 40.3719
741332 54.4798 40.4983
743652 54.4798 40.5661
744897 54.4798 40.6382
746221 54.4798 40.8955
750943 54.4798 40.8963
750958 54.4798 41.0329
753465 54.4798 41.1723
756025 54.4798 41.2487
757427 54.4798 41.2588
757613 54.4798 41.4506
761133 54.4798 41.6055
763976 54.4798 41.7188
766056 54.4798 42.4114
778768 54.4798 42.5688
781658 54.4798 42.6833
783759 54.4798 42.6962
783996 54.4798 42.9926
789436 54.4798 43.7171
802736 54.4798 43.7521
803378 54.4798 44.1845
811315 54.4798 44.1888
811394 54.4798 44.2787
813043 54.4798 44.4182
815605 54.4798 44.5386
817814 54.4798 44.6139
819196 54.4798 44.6882
820560 54.4798 44.9382
825149 54.4798 45.3441
832600 54.4798 45.4529
834597 54.4798 45.53
836011 54.4798 45.6189
837644 54.4798 45.7364
839800 54.4798 45.7884
840754 54.4798 45.943
843593 54.4798 46.3604
851254 54.4798 46.7815
858983 54.4798 46.8062
859437 54.4798 46.8487
860217 54.4798 46.8625
860470 54.4798 47.0411
863749 54.4798 47.2007
866679 54.4798 47.328
869014 54.4798 47.3789
869950 54.4798 47.5789
873620 54.4798 47.6793
875463 54.4798 48.1051
883278 54.4798 48.2778
886449 54.4798 48.3454
887690 54.4798 48.3641
888033 54.4798 48.9834
899401 54.4798 48.9934
899584 54.4798 49.0374
900392 54.4798 49.4415
907809 54.4798 49.7517
913503 54.4798 50.0815
919556 54.4798 50.2137
921984 54.4798 50.2263
922214 54.4798 50.3561
924597 54.4798 50.5972
929023 54.4798 50.78
932378 54.4798 50.8795
934205 54.4798 51.0046
936500 54.4798 51.153
939224 54.4798 51.1556
939273 54.4798 51.2076
940227 54.4798 51.3248
942378 54.4798 51.336
942583 54.4798 51.3628
943075 54.4798 51.4086
943916 54.4798 51.8937
952821 54.4798 51.8978
952895 54.4798 51.9645
954120 54.4798 52.3764
961681 54.4798 52.4963
963882 54.4798 52.5525
964913 54.4798 52.5632
965109 54.4798 52.6089
965949 54.4798 52.6347
966421 54.4798 52.7073
967755 54.4798 52.9615
972420 54.4798 53.1757
976352 54.4798 53.18
976431 54.4798 53.3348
979272 54.4798 53.3476
979507 54.4798 53.3621
979774 54.4798 53.4045
980552 54.4798 53.4303
981026 54.4798 53.4937
982189 54.4798 53.567
983534 54.4798 53.6183
984476 54.4798 54.0672
992715 54.4798 54.4016
998854 54.4798 54.4874
1000429 54.4798 54.5164
1000961 54.4798 54.6659
1003706 54.4798 54.6758
1003887 54.4798 54.7994
1006156 54.4798 54.8317
1006748 54.4798 55.0282
1010355 54.4798 55.4801
1018650 54.4798 55.7325
1023283 54.4798 56.449
1036434 54.4798 56.6614
1040334 54.4798 56.663
1040362 54.4798 57.0988
1048363 54.4798 57.1776
1049809 54.4798 57.4174
1054211 54.4798 57.4385
1054598 54.4798 57.4507
1054822 54.4798 57.7048
1059485 54.4798 57.7267
1059888 54.4798 57.7519
1060350 54.4798 57.876
1062628 54.4798 57.9624
1064213 54.4798 58.0814
1066399 54.4798 58.1072
1066872 54.4798 58.392
1072100 54.4798 58.5121
1074303 54.4798 59.1075
1085232 54.4798 59.1436
1085896 54.4798 59.431
1091171 54.4798 59.5688
1093700 54.4798 59.6716
1095587 54.4798 59.7774
1097529 54.4798 59.7828
1097629 54.4798 59.7867
1097699 54.4798 59.8574
1098998 54.4798 59.8988
1099758 54.4798 59.9021
1099818 54.4798 59.9756
1101167 54.4798 60.0883
1103236 54.4798 60.1251
1103911 54.4798 60.1935
1105167 54.4798 60.3882
1108741 54.4798 60.4227
1109373 54.4798 60.434
1109582 54.4798 60.4502
1109879 54.4798 60.7021
1114502 54.4798 60.8113
1116507 54.4798 60.9354
1118784 54.4798 60.9463
1118985 54.4798 61.178
1123238 54.4798 61.2765
1125046 54.4798 61.3995
1127304 54.4798 61.6311
1131554 54.4798 61.772
1134140 54.4798 62.1326
1140759 54.4798 62.1673
1141396 54.4798 62.1676
1141403 54.4798 62.1911
1141833 54.4798 62.6878
1150951 54.4798 62.7773
1152594 54.4798 62.8211
1153398 54.4798 62.8458
1153850 54.4798 62.8797
1154473 54.4798 62.9096
1155021 54.4798 63.1089
1158681 54.4798 63.1774
1159937 54.4798 63.1901
1160170 54.4798 63.2897
1161998 54.4798 63.4622
1165165 54.4798 63.467
1165253 54.4798 63.5002
1165863 54.4798 63.5672
1167093 54.4798 63.7137
1169781 54.4798 63.8735
1172715 54.4798 63.9115
1173412 54.4798 64.0035
1175101 54.4798 64.0166
1175342 54.4798 64.179
1178323 54.4798 64.2532
1179685 54.4798 64.3165
1180847 54.4798 64.6224
1186461 54.4798 64.6569
1187094 54.4798 64.6734
1187397 54.4798 64.6921
1187740 54.4798 64.7956
1189641 54.4798 64.824
1190161 54.4798 64.8834
1191252 54.4798 64.9266
1192044 54.4798 64.9853
1193123 54.4798 65.4805
1202212 54.4798 65.4864
1202321 54.4798 65.5274
1203072 54.4798 65.5498
1203483 54.4798 65.5678
1203814 54.4798 65.6949
1206147 54.4798 65.9041
1209987 54.4798 65.9607
1211026 54.4798 66.0111
1211951 54.4798 66.2184
1215757 54.4798 66.2224
1215829 54.4798 66.4038
1219160 54.4798 66.4236
1219523 54.4798 66.5017
1220957 54.4798 66.8155
1226717 54.4798 66.8557
1227455 54.4798 66.8955
1228184 54.4798 66.9911
1229939 54.4798 67.5656
1240484 54.4798 67.6732
1242460 54.4798 67.7451
1243780 54.4798 68.0904
1250117 54.4798 68.2373
1252815 54.4798 68.2675
1253369 54.4798 68.3298
1254512 54.4798 68.5421
1258408 54.4798 68.5616
1258766 54.4798 68.5881
1259253 54.4798 68.7623
1262451 54.4798 68.7863
1262891 54.4798 68.7917
1262990 54.4798 68.8241
1263586 54.4798 69.1107
1268845 54.4798 69.1439
1269456 54.4798 69.1519
1269602 54.4798 69.1849
1270207 54.4798 69.3154
1272604 54.4798 69.433
1274762 54.4798 69.4986
1275966 54.4798 69.555
1277002 54.4798 69.7686
1280922 54.4798 69.9854
1284901 54.4798 70.0093
1285340 54.4798 70.0864
1286755 54.4798 70.2976
1290631 54.4798 70.5399
1295079 54.4798 70.5476
1295221 54.4798 70.7244
1298466 54.4798 70.7642
1299196 54.4798 70.8316
1300434 54.4798 70.9058
1301796 54.4798 71.0474
1304394 54.4798 71.1355
1306011 54.4798 71.2195
1307554 54.4798 71.2617
1308329 54.4798 71.3697
1310311 54.4798 71.4817
1312366 54.4798 71.5084
1312857 54.4798 71.5151
1312980 54.4798 71.6299
1315086 54.4798 71.7614
1317500 54.4798 71.7701
1317660 54.4798 71.8563
1319243 54.4798 71.9202
1320416 54.4798 72.0111
1322083 54.4798 72.0184
1322217 54.4798 72.1548
1324722 54.4798 72.18
1325185 54.4798 72.3393
1328108 54.4798 72.3787
1328831 54.4798 72.4899
1330872 54.4798 72.6073
1333028 54.4798 72.6175
1333214 54.4798 72.6761
1334291 54.4798 72.8689
1337829 54.4798 74.1418
1361193 54.4798 74.2202
1362633 54.4798 74.2309
1362829 54.4798 74.2797
1363725 54.4798 74.3929
1365803 54.4798 74.7792
1372893 54.4798 75.1274
1379284 54.4798 75.1641
1379958 54.4798 75.5446
1386942 54.4798 75.5452
1386953 54.4798 75.7099
1389977 54.4798 75.7496
1390705 54.4798 75.8046
1391715 54.4798 75.8112
1391837 54.4798 75.8514
1392574 54.4798 76.1967
1398913 54.4798 76.3596
1401902 54.4798 76.5074
1404616 54.4798 76.7144
1408415 54.4798 76.7328
1408753 54.4798 76.8145
1410253 54.4798 76.9477
1412697 54.4798 77.0116
1413870 54.4798 77.2529
1418299 54.4798 77.5518
1423786 54.4798 77.5923
1424529 54.4798 77.7114
1426715 54.4798 77.7316
1427086 54.4798 77.7425
1427286 54.4798 77.9563
1431211 54.4798 78.1793
1435303 54.4798 78.5389
1441905 54.4798 78.6125
1443255 54.4798 78.8701
1447983 54.4798 79.1758
1453595 54.4798 79.2339
1454661 54.4798 79.2786
1455482 54.4798 79.4855
1459279 54.4798 79.5806
1461026 54.4798 79.6432
1462175 54.4798 79.7217
1463616 54.4798 79.9588
1467968 54.4798 79.9794
1468346 54.4798 80.1364
1471227 54.4798 80.2852
1473959 54.4798 80.4928
1477770 54.4798 80.4952
1477813 54.4798 80.6003
1479743 54.4798 80.6305
1480296 54.4798 80.9822
1486752 54.4798 81.1652
1490111 54.4798 81.2712
1492057 54.4798 81.3652
1493783 54.4798 81.5818
1497759 54.4798 82.4104
1512967 54.4798 82.5495
1515520 54.4798 82.5905
1516274 54.4798 82.635
1517090 54.4798 82.7449
1519107 54.4798 83.3034
1529359 54.4798 83.3305
1529857 54.4798 83.3348
1529936 54.4798 83.3632
1530457 54.4798 83.5416
1533732 54.4798 83.7167
1536946 54.4798 83.7173
1536957 54.4798 83.7934
1538353 54.4798 84.0107
1542342 54.4798 84.05
1543064 54.4798 84.4329
1550091 54.4798 84.4652
1550685 54.4798 84.5496
1552234 54.4798 84.6318
1553742 54.4798 84.6727
1554493 54.4798 84.7076
1555133 54.4798 84.7782
1556430 54.4798 84.8999
1558664 54.4798 84.9128
1558900 54.4798 84.9558
1559689 54.4798 85.2773
1565591 54.4798 85.3072
1566139 54.4798 85.3347
1566644 54.4798 85.3777
1567433 54.4798 85.5581
1570744 54.4798 85.583
1571202 54.4798 85.6597
1572609 54.4798 85.752
1574304 54.4798 85.7832
1574876 54.4798 85.8817
1576685 54.4798 85.9424
1577799 54.4798 85.9727
1578355 54.4798 86.1626
1581841 54.4798 86.5827
1589551 54.4798 86.5834
1589565 54.4798 86.8553
1594556 54.4798 87.4277
1605063 54.4798 87.5341
1607016 54.4798 87.934
1614355 54.4798 88.076
1616962 54.4798 88.5364
1625412 54.4798 88.5677
1625987 54.4798 88.5991
1626564 54.4798 88.869
1631518 54.4798 89.0018
1633956 54.4798 89.0906
1635586 54.4798 89.2752
1638973 54.4798 89.7659
1647980 54.4798 89.7812
1648261 54.4798 89.9029
1650495 54.4798 90.3912
1659459 54.4798 90.4018
1659653 54.4798 90.4282
1660138 54.4798 90.7705
1666421 54.4798 90.8893
1668602 54.4798 91.0024
1670678 54.4798 91.1352
1673115 54.4798 91.1833
1673997 54.4798 91.5447
1680632 54.4798 91.7035
1683547 54.4798 91.7375
1684170 54.4798 91.7925
1685180 54.4798 92.1203
1691197 54.4798 92.3732
1695839 54.4798 92.4223
1696741 54.4798 93.1021
1709219 54.4798 93.4619
1715822 54.4798 93.5037
1716589 54.4798 93.5173
1716839 54.4798 93.5363
1717188 54.4798 93.5803
1717996 54.4798 93.5904
1718181 54.4798 93.7934
1721908 54.4798 93.9774
1725285 54.4798 94.1236
1727968 54.4798 94.3259
1731682 54.4798 94.5018
1734910 54.4798 94.7431
1739340 54.4798 94.9462
1743067 54.4798 95.1389
1746605 54.4798 95.1798
1747356 54.4798 95.3456
1750399 54.4798 95.4443
1752211 54.4798 95.6705
1756362 54.4798 95.8266
1759228 54.4798 96.2643
1767261 54.4798 96.5503
1772512 54.4798 96.5946
1773325 54.4798 96.602
1773461 54.4798 96.6843
1774972 54.4798 97.0234
1781196 54.4798 97.9069
1797412 54.4798 98.1405
1801700 54.4798 98.2508
1803725 54.4798 98.26
1803893 54.4798 98.3964
1806397 54.4798 98.6073
1810269 54.4798 98.6504
1811059 54.4798 98.7503
1812893 54.4798 99.1529
1820283 54.4798 99.2293
1821685 54.4798 99.3698
1824264 54.4798 99.4768
1826228 54.4798 99.5101
1826839 54.4798 99.5378
1827348 54.4798 99.6813
1829983 54.4798 99.6871
1830089 54.4798 99.7687
1831587 54.4798 100.401
1843194 54.4798 100.789
1850321 54.4798 100.931
1852923 54.4798 101.178
1857449 54.4798 101.299
1859670 54.4798 101.364
1860867 54.4798 101.529
1863895 54.4798 101.696
1866955 54.4798 102.002
1872573 54.4798 102.034
1873159 54.4798 102.074
1873896 54.4798 102.129
1874902 54.4798 102.157
1875418 54.4798 102.161
1875502 54.4798 102.191
1876041 54.4798 102.537
1882391 54.4798 102.852
1888184 54.4798 103.091
1892564 54.4798 103.32
1896781 54.4798 103.888
1907202 54.4798 104.047
1910120 54.4798 104.061
1910368 54.4798 104.352
1915706 54.4798 104.36
1915861 54.4798 104.509
1918601 54.4798 104.821
1924327 54.4798 104.827
1924436 54.4798 105.437
1935624 54.4798 105.466
1936171 54.4798 105.649
1939519 54.4798 105.663
1939787 54.4798 105.677
1940039 54.4798 105.736
1941113 54.4798 105.756
1941489 54.4798 106.124
1948234 54.4798 106.269
1950911 54.4798 106.309
1951643 54.4798 106.314
1951732 54.4798 106.479
1954753 54.4798 106.53
1955696 54.4798 106.539
1955851 54.4798 106.634
1957607 54.4798 106.753
1959790 54.4798 106.89
1962305 54.4798 106.924
1962922 54.4798 107.082
1965829 54.4798 107.334
1970451 54.4798 107.47
1972940 54.4798 107.482
1973165 54.4798 107.507
1973633 54.4798 107.613
1975578 54.4798 108.068
1983915 54.4798 108.081
1984157 54.4798 108.236
1987000 54.4798 108.293
1988059 54.4798 108.33
1988725 54.4798 108.36
1989275 54.4798 108.39
1989834 54.4798 108.689
1995320 54.4798 108.748
1996412 54.4798 108.9
1999195 54.4798 108.994
2000920 54.4798 109.037
2001713 54.4798 109.258
2005772 54.4798 109.523
2010632 54.4798 109.533
2010823 54.4798 110.019
2019740 54.4798 110.191
2022894 54.4798 110.196
2022984 54.4798 110.348
2025776 54.4798 110.91
2036091 54.4798 111.055
2038757 54.4798 111.057
2038790 54.4798 111.247
2042270 54.4798 111.666
2049968 54.4798 111.687
2050356 54.4798 111.719
2050945 54.4798 111.84
2053166 54.4798 112.027
2056593 54.4798 112.084
2057645 54.4798 112.173
2059265 54.4798 112.233
2060376 54.4798 112.435
2064075 54.4798 112.543
2066073 54.4798 112.579
2066717 54.4798 112.836
2071449 54.4798 112.883
2072297 54.4798 113.19
2077947 54.4798 113.451
2082740 54.4798 113.521
2084018 54.4798 113.615
2085743 54.4798 113.682
2086976 54.4798 113.745
2088121 54.4798 113.885
2090691 54.4798 114.138
2095343 54.4798 114.312
2098534 54.4798 114.45
2101068 54.4798 114.488
2101769 54.4798 114.515
2102270 54.4798 114.855
2108501 54.4798 114.948
2110206 54.4798 114.976
2110721 54.4798 115.104
2113075 54.4798 115.232
2115428 54.4798 115.249
2115734 54.4798 115.29
2116484 54.4798 115.351
2117599 54.4798 115.423
2118928 54.4798 115.567
2121566 54.4798 115.632
2122758 54.4798 116.187
2132944 54.4798 116.255
2134205 54.4798 116.302
2135069 54.4798 116.373
2136367 54.4798 116.53
2139250 54.4798 116.84
2144934 54.4798 116.881
2145683 54.4798 116.889
2145844 54.4798 117.074
2149232 54.4798 117.125
2150170 54.4798 117.251
2152487 54.4798 117.337
2154059 54.4798 117.81
2162741 54.4798 118.03
2166772 54.4798 118.129
2168592 54.4798 118.164
2169234 54.4798 118.324
2172185 54.4798 118.361
2172858 54.4798 118.415
2173849 54.4798 118.663
2178407 54.4798 118.714
2179344 54.4798 119.191
2188092 54.4798 119.73
2197985 54.4798 119.798
2199241 54.4798 119.962
2202235 54.4798 120.188
2206391 54.4798 120.596
2213876 54.4798 120.965
2220658 54.4798 120.966
2220666 54.4798 121.023
2221726 54.4798 121.045
2222128 54.4798 121.124
2223572 54.4798 121.421
2229019 54.4798 121.479
2230089 54.4798 121.607
2232442 54.4798 121.69
2233958 54.4798 122.206
2243430 54.4798 122.23
2243869 54.4798 122.522
2249239 54.4798 122.693
2252377 54.4798 122.759
2253587 54.4798 122.945
2256991 54.4798 123.013
2258252 54.4798 123.015
2258281 54.4798 123.33
2264063 54.4798 123.599
2269009 54.4798 123.707
2270992 54.4798 123.738
2271547 54.4798 123.944
2275333 54.4798 123.992
2276210 54.4798 124.048
2277243 54.4798 124.324
2282312 54.4798 124.399
2283693 54.4798 124.43
2284254 54.4798 124.456
2284734 54.4798 124.476
2285103 54.4798 124.532
2286119 54.4798 124.689
2289016 54.4798 124.846
2291893 54.4798 124.893
2292761 54.4798 125.183
2298075 54.4798 125.463
2303222 54.4798 125.652
2306687 54.4798 125.862
2310537 54.4798 126.145
2315729 54.4798 126.326
2319063 54.4798 126.434
2321031 54.4798 126.456
2321452 54.4798 126.513
2322495 54.4798 126.677
2325507 54.4798 126.677
2325508 54.4798 126.939
2330314 54.4798 127.139
2333975 54.4798 127.322
2337340 54.4798 127.397
2338717 54.4798 127.804
2346189 54.4798 127.837
2346789 54.4798 127.839
2346826 54.4798 127.876
2347506 54.4798 127.9
2347946 54.4798 127.917
2348266 54.4798 128.165
2352813 54.4798 128.366
2356499 54.4798 128.435
2357776 54.4798 128.84
2365211 54.4798 128.843
2365263 54.4798 128.845
2365294 54.4798 129.624
2379589 54.4798 129.652
2380107 54.4798 130.053
2387467 54.4798 130.105
2388428 54.4798 130.456
2394864 54.4798 130.532
2396258 54.4798 130.618
2397831 54.4798 130.678
2398943 54.4798 130.873
2402519 54.4798 130.966
2404218 54.4798 131.008
2405005 54.4798 131.121
2407073 54.4798 131.265
2409710 54.4798 131.293
2410235 54.4798 131.686
2417447 54.4798 131.721
2418080 54.4798 131.722
2418105 54.4798 131.774
2419053 54.4798 132.129
2425577 54.4798 132.158
2426100 54.4798 132.289
2428506 54.4798 132.371
2430017 54.4798 133.346
2447920 54.4798 133.429
2449437 54.4798 133.534
2451359 54.4798 133.571
2452036 54.4798 133.649
2453475 54.4798 133.808
2456394 54.4798 134.638
2471619 54.4798 134.702
2472804 54.4798 134.79
2474426 54.4798 135.532
2488033 54.4798 135.758
2492190 54.4798 135.77
2492404 54.4798 135.901
2494805 54.4798 135.907
2494920 54.4798 136.019
2496979 54.4798 136.482
2505466 54.4798 136.497
2505750 54.4798 136.619
2507994 54.4798 136.718
2509802 54.4798 137.085
2516540 54.4798 137.114
2517075 54.4798 137.232
2519239 54.4798 137.243
2519452 54.4798 137.246
2519496 54.4798 137.503
2524212 54.4798 137.684
2527546 54.4798 137.78
2529308 54.4798 137.988
2533124 54.4798 138.006
2533455 54.4798 138.131
2535738 54.4798 138.232
2537588 54.4798 138.262
2538155 54.4798 138.798
2547982 54.4798 138.827
2548514 54.4798 139.28
2556836 54.4798 139.547
2561729 54.4798 139.551
2561803 54.4798 139.69
2564357 54.4798 139.925
2568665 54.4798 140.054
2571045 54.4798 140.075
2571420 54.4798 140.088
2571673 54.4798 140.134
2572506 54.4798 140.322
2575966 54.4798 140.396
2577311 54.4798 140.548
2580111 54.4798 140.77
2584183 54.4798 141.148
2591119 54.4798 141.202
2592111 54.4798 141.369
2595187 54.4798 141.579
2599037 54.4798 141.654
2600409 54.4798 141.778
2602678 54.4798 141.909
2605083 54.4798 142.071
2608060 54.4798 142.107
2608723 54.4798 142.13
2609154 54.4798 142.165
2609797 54.4798 142.301
2612282 54.4798 142.395
2614013 54.4798 142.643
2618555 54.4798 142.991
2624953 54.4798 143.017
2625422 54.4798 143.112
2627169 54.4798 143.316
2630924 54.4798 143.483
2633990 54.4798 143.818
2640133 54.4798 144.076
2644865 54.4798 144.187
2646904 54.4798 144.288
2648751 54.4798 144.497
2652596 54.4798 144.867
2659380 54.4798 144.902
2660025 54.4798 144.968
2661234 54.4798 145.085
2663389 54.4798 145.145
2664493 54.4798 145.338
2668037 54.4798 145.348
2668207 54.4798 145.734
2675304 54.4798 146.05
2681099 54.4798 146.097
2681963 54.4798 146.201
2683877 54.4798 146.323
2686115 54.4798 146.748
2693903 54.4798 146.774
2694395 54.4798 146.78
2694507 54.4798 146.998
2698505 54.4798 147.138
2701076 54.4798 147.735
2712033 54.4798 147.787
2712975 54.4798 147.979
2716509 54.4798 148.101
2718741 54.4798 148.156
2719761 54.4798 148.183
2720256 54.4798 148.308
2722546 54.4798 148.497
2726022 54.4798 148.507
2726197 54.4798 148.697
2729685 54.4798 148.805
2731669 54.4798 149.11
2737269 54.4798 149.115
2737364 54.4798 149.203
2738978 54.4798 149.373
2742094 54.4798 149.382
2742267 54.4798 149.409
2742759 54.4798 149.48
2744068 54.4798 150.158
2756503 54.4798 150.302
2759144 54.4798 150.371
2760422 54.4798 150.397
2760882 54.4798 150.628
2765135 54.4798 150.639
2765331 54.4798 150.728
2766961 54.4798 150.767
2767680 54.4798 151.228
2776149 54.4798 151.243
2776419 54.4798 151.432
2779892 54.4798 151.458
2780357 54.4798 151.501
2781160 54.4798 151.887
2788234 54.4798 151.912
2788693 54.4798 151.998
2790278 54.4798 152.142
2792928 54.4798 152.32
2796197 54.4798 152.503
2799540 54.4798 152.52
2799867 54.4798 152.551
2800427 54.4798 152.794
2804886 54.4798 153.171
2811805 54.4798 153.219
2812686 54.4798 153.472
2817342 54.4798 153.642
2820450 54.4798 153.687
2821286 54.4798 153.871
2824662 54.4798 154.266
2831902 54.4798 154.358
2833599 54.4798 154.503
2836262 54.4798 154.587
2837803 54.4798 154.637
2838711 54.4798 154.696
2839802 54.4798 154.709
2840048 54.4798 154.766
2841081 54.4798 154.77
2841155 54.4798 154.781
2841353 54.4798 154.869
2842982 54.4798 155.027
2845871 54.4798 155.122
2847616 54.4798 155.174
2848574 54.4798 155.31
2851080 54.4798 155.458
2853790 54.4798 155.485
2854283 54.4798 155.507
2854692 54.4798 155.895
2861804 54.4798 156.095
2865478 54.4798 156.309
2869408 54.4798 156.909
2880423 54.4798 156.964
2881434 54.4798 157.068
2883343 54.4798 157.136
2884582 54.4798 157.163
2885091 54.4798 157.166
2885145 54.4798 157.167
2885163 54.4798 157.425
2889901 54.4798 157.467
2890666 54.4798 157.621
2893486 54.4798 157.664
2894278 54.4798 157.668
2894349 54.4798 157.963
2899777 54.4798 158.48
2909263 54.4798 158.482
2909297 54.4798 158.621
2911852 54.4798 158.694
2913193 54.4798 158.736
2913952 54.4798 158.811
2915330 54.4798 159.186
2922208 54.4798 159.192
2922327 54.4798 159.238
2923180 54.4798 159.302
2924353 54.4798 159.782
2933160 54.4798 159.815
2933756 54.4798 159.881
2934974 54.4798 160.222
2941230 54.4798 160.564
2947510 54.4798 160.584
2947883 54.4798 160.713
2950252 54.4798 160.989
2955311 54.4798 161.145
2958174 54.4798 161.374
2962383 54.4798 161.82
2970573 54.4798 161.871
2971503 54.4798 161.933
2972632 54.4798 161.953
2973002 54.4798 162.142
2976474 54.4798 162.286
2979115 54.4798 162.388
2980990 54.4798 162.533
2983657 54.4798 162.899
2990365 54.4798 163.536
3002071 54.4798 163.558
3002460 54.4798 163.677
3004658 54.4798 163.688
3004859 54.4798 163.888
3008531 54.4798 163.9
3008738 54.4798 163.919
3009086 54.4798 163.991
3010413 54.4798 164.017
3010896 54.4798 164.038
3011273 54.4798 164.101
3012426 54.4798 164.21
3014439 54.4798 164.214
3014502 54.4798 164.91
3027289 54.4798 164.931
3027672 54.4798 165.483
3037807 54.4798 165.619
3040299 54.4798 165.921
3045841 54.4798 166.132
3049714 54.4798 166.147
3049984 54.4798 166.19
3050786 54.4798 166.478
3056067 54.4798 166.774
3061494 54.4798 167.594
3076550 54.4798 167.801
3080344 54.4798 167.938
3082871 54.4798 168.008
3084150 54.4798 168.082
3085515 54.4798 168.248
3088549 54.4798 168.288
3089279 54.4798 168.306
3089613 54.4798 168.389
3091142 54.4798 168.531
3093745 54.4798 168.789
3098485 54.4798 168.798
3098651 54.4798 169.013
3102593 54.4798 169.052
3103304 54.4798 169.075
3103727 54.4798 169.104
3104271 54.4798 169.384
3109399 54.4798 169.577
3112954 54.4798 169.692
3115068 54.4798 169.839
3117762 54.4798 170.081
3122196 54.4798 170.143
3123335 54.4798 170.337
3126892 54.4798 170.387
3127807 54.4798 170.658
3132788 54.4798 171.069
3140337 54.4798 171.174
3142266 54.4798 171.446
3147255 54.4798 172.106
3159370 54.4798 172.462
3165899 54.4798 172.564
3167767 54.4798 172.728
3170785 54.4798 172.777
3171690 54.4798 172.804
3172180 54.4798 172.881
3173599 54.4798 173.253
3180419 54.4798 173.421
3183509 54.4798 173.486
3184691 54.4798 173.586
3186541 54.4798 173.66
3187895 54.4798 174.119
3196312 54.4798 174.234
3198435 54.4798 174.627
3205642 54.4798 174.661
3206268 54.4798 174.718
3207308 54.4798 174.804
3208895 54.4798 174.929
3211184 54.4798 175.374
3219360 54.4798 175.4
3219839 54.4798 175.649
3224395 54.4798 176.008
3230983 54.4798 176.281
3236003 54.4798 176.334
3236968 54.4798 176.395
3238103 54.4798 177.072
3250525 54.4798 177.562
3259525 54.4798 177.57
3259663 54.4798 177.861
3265012 54.4798 177.864
3265053 54.4798 177.995
3267460 54.4798 178.168
3270638 54.4798 178.213
3271461 54.4798 178.315
3273344 54.4798 178.493
3276603 54.4798 178.61
3278749 54.4798 178.677
3279987 54.4798 178.862
3283376 54.4798 178.879
3283685 54.4798 179.178
3289176 54.4798 179.305
3291510 54.4798 179.514
3295343 54.4798 179.564
3296257 54.4798 179.611
3297120 54.4798 179.633
3297532 54.4798 179.721
3299153 54.4798 179.829
3301137 54.4798 180.341
3310532 54.4798 180.356
3310807 54.4798 180.42
3311972 54.4798 180.509
3313616 54.4798 180.566
3314649 54.4798 180.662
3316417 54.4798 180.662
3316419 54.4798 180.799
3318938 54.4798 180.964
3321968 54.4798 181.098
3324427 54.4798 181.1
3324450 54.4798 181.28
3327753 54.4798 181.403
3330027 54.4798 181.709
3335632 54.4798 181.72
3335843 54.4798 181.734
3336102 54.4798 181.96
3340237 54.4798 182.025
3341430 54.4798 182.076
3342365 54.4798 182.115
3343086 54.4798 182.212
3344860 54.4798 182.312
3346708 54.4798 182.561
3351277 54.4798 182.631
3352556 54.4798 182.663
3353140 54.4798 182.688
3353610 54.4798 182.771
3355126 54.4798 182.899
3357488 54.4798 183.033
3359933 54.4798 183.115
3361441 54.4798 183.259
3364083 54.4798 183.421
3367053 54.4798 183.529
3369050 54.4798 183.552
3369458 54.4798 183.67
3371637 54.4798 183.744
3372996 54.4798 183.984
3377401 54.4798 183.991
3377528 54.4798 183.994
3377581 54.4798 184.277
3382774 54.4798 184.382
3384703 54.4798 184.409
3385204 54.4798 184.478
3386466 54.4798 184.479
3386477 54.4798 184.654
3389690 54.4798 184.962
3395353 54.4798 185.665
3408258 54.4798 185.736
3409557 54.4798 185.933
3413169 54.4798 186.305
3419998 54.4798 186.337
3420587 54.4798 186.365
3421091 54.4798 186.387
3421498 54.4798 186.575
3424956 54.4798 186.69
3427072 54.4798 186.725
3427698 54.4798 186.991
3432589 54.4798 187.309
3438429 54.4798 187.333
3438864 54.4798 187.534
3442551 54.4798 187.561
3443047 54.4798 187.713
3445850 54.4798 187.801
3447453 54.4798 188.207
3454904 54.4798 188.294
3456505 54.4798 188.528
3460809 54.4798 188.612
3462335 54.4798 188.64
3462865 54.4798 188.679
3463569 54.4798 188.725
3464419 54.4798 189.522
3479055 54.4798 189.694
3482199 54.4798 189.737
3482996 54.4798 189.789
3483943 54.4798 190.1
3489661 54.4798 190.594
3498731 54.4798 190.706
3500787 54.4798 190.707
3500791 54.4798 190.744
3501469 54.4798 190.887
3504104 54.4798 191.08
3507646 54.4798 191.146
3508856 54.4798 191.274
3511214 54.4798 191.505
3515452 54.4798 191.528
3515874 54.4798 191.596
3517117 54.4798 191.649
3518094 54.4798 191.685
3518759 54.4798 191.997
3524485 54.4798 192.143
3527165 54.4798 192.526
3534193 54.4798 192.713
3537620 54.4798 192.821
3539605 54.4798 193.071
3544187 54.4798 193.094
3544609 54.4798 193.521
3552446 54.4798 193.589
3553703 54.4798 193.822
3557984 54.4798 193.828
3558086 54.4798 193.875
3558956 54.4798 194.188
3564687 54.4798 194.699
3574072 54.4798 195.025
3580066 54.4798 195.033
3580201 54.4798 195.037
3580272 54.4798 195.079
3581041 54.4798 195.379
3586547 54.4798 195.726
3592933 54.4798 195.976
3597506 54.4798 196.045
3598783 54.4798 196.095
3599700 54.4798 196.171
3601086 54.4798 196.24
3602356 54.4798 196.254
3602614 54.4798 196.585
3608685 54.4798 196.611
3609175 54.4798 196.913
3614709 54.4798 197.141
3618902 54.4798 197.817
3631302 54.4798 197.859
3632076 54.4798 197.916
3633120 54.4798 198.296
3640102 54.4798 198.331
3640734 54.4798 198.524
3644287 54.4798 198.581
3645334 54.4798 198.858
3650405 54.4798 199.069
3654284 54.4798 199.2
3656689 54.4798 199.239
3657411 54.4798 199.33
3659076 54.4798 199.382
3660029 54.4798 199.436
3661024 54.4798 199.624
3664466 54.4798 199.689
3665670 54.4798 200.063
3672531 54.4798 200.284
3676586 54.4798 200.337
3677567 54.4798 200.339
3677589 54.4798 200.347
3677747 54.4798 200.492
3680404 54.4798 200.596
3682315 54.4798 201.063
3690887 54.4798 201.219
3693759 54.4798 201.299
3695220 54.4798 201.331
3695809 54.4798 201.459
3698153 54.4798 201.68
3702221 54.4798 201.705
3702668 54.4798 201.797
3704355 54.4798 202.032
3708680 54.4798 202.044
3708897 54.4798 202.444
3716234 54.4798 202.786
3722522 54.4798 203.407
3733911 54.4798 203.613
3737698 54.4798 204.048
3745687 54.4798 204.197
3748408 54.4798 204.634
3756427 54.4798 205.266
3768032 54.4798 205.417
3770811 54.4798 205.543
3773125 54.4798 205.634
3774795 54.4798 205.836
3778500 54.4798 205.921
3780054 54.4798 206.485
3790414 54.4798 206.862
3797336 54.4798 207.092
3801557 54.4798 207.255
3804547 54.4798 207.314
3805623 54.4798 207.486
3808785 54.4798 207.691
3812551 54.4798 207.932
3816976 54.4798 207.958
3817451 54.4798 207.999
3818197 54.4798 208.188
3821667 54.4798 208.439
3826278 54.4798 208.454
3826546 54.4798 208.507
3827532 54.4798 208.74
3831806 54.4798 208.799
3832887 54.4798 208.821
3833282 54.4798 208.859
3833987 54.4798 208.978
3836172 54.4798 209.33
3842640 54.4798 209.458
3844978 54.4798 209.528
3846273 54.4798 209.65
3848510 54.4798 210.024
3855379 54.4798 210.162
3857904 54.4798 210.193
3858478 54.4798 210.221
3858978 54.4798 210.233
3859215 54.4798 210.259
3859688 54.4798 210.498
3864062 54.4798 210.694
3867668 54.4798 210.776
3869173 54.4798 210.922
3871857 54.4798 211.158
3876194 54.4798 211.477
3882040 54.4798 211.817
3888273 54.4798 211.835
3888603 54.4798 211.839
3888681 54.4798 211.901
3889819 54.4798 212.09
3893297 54.4798 212.394
3898879 54.4798 212.427
3899487 54.4798 212.507
3900939 54.4798 212.521
3901199 54.4798 212.723
3904919 54.4798 212.857
3907376 54.4798 212.898
3908121 54.4798 213.081
3911476 54.4798 213.432
3917922 54.4798 213.644
3921808 54.4798 213.737
3923520 54.4798 213.934
3927145 54.4798 214.497
3937468 54.4798 214.574
3938880 54.4798 214.681
3940851 54.4798 214.741
3941954 54.4798 214.746
3942048 54.4798 214.783
3942715 54.4798 214.838
3943729 54.4798 214.914
3945124 54.4798 215.127
3949041 54.4798 215.131
3949107 54.4798 215.359
3953301 54.4798 215.546
3956731 54.4798 215.61
3957902 54.4798 215.744
3960368 54.4798 215.745
3960382 54.4798 216.102
3966930 54.4798 216.213
3968969 54.4798 216.683
3977599 54.4798 216.72
3978277 54.4798 216.775
3979292 54.4798 217.289
3988717 54.4798 217.348
3989813 54.4798 217.557
3993641 54.4798 217.625
3994895 54.4798 217.761
3997394 54.4798 217.799
3998077 54.4798 217.9
3999945 54.4798 218.083
4003296 54.4798 218.143
4004392 54.4798 218.18
4005071 54.4798 218.19
4005264 54.4798 218.593
4012657 54.4798 218.642
4013555 54.4798 218.665
4013973 54.4798 218.924
4018739 54.4798 219.208
4023945 54.4798 219.217
4024114 54.4798 219.268
4025056 54.4798 219.279
4025258 54.4798 219.332
4026221 54.4798 219.513
4029541 54.4798 219.518
4029628 54.4798 219.68
4032608 54.4798 219.724
4033425 54.4798 219.755
4033992 54.4798 219.991
4038314 54.4798 220.303
4044043 54.4798 220.641
4050248 54.4798 220.971
4056305 54.4798 221.107
4058809 54.4798 221.229
4061047 54.4798 221.318
4062677 54.4798 221.52
4066393 54.4798 221.549
4066925 54.4798 221.65
4068774 54.4798 221.658
4068917 54.4798 221.825
4071978 54.4798 222.036
4075849 54.4798 222.038
4075891 54.4798 222.206
4078979 54.4798 222.356
4081738 54.4798 222.418
4082864 54.4798 222.536
4085032 54.4798 222.873
4091212 54.4798 223.127
4095873 54.4798 223.179
4096830 54.4798 223.295
4098973 54.4798 223.309
4099224 54.4798 223.45
4101811 54.4798 223.566
4103935 54.4798 223.733
4107013 54.4798 223.887
4109830 54.4798 223.968
4111326 54.4798 224.181
4115227 54.4798 224.268
4116819 54.4798 224.398
4119216 54.4798 224.469
4120507 54.4798 224.716
4125050 54.4798 224.724
4125189 54.4798 224.874
4127943 54.4798 225.026
4130744 54.4798 225.051
4131206 54.4798 225.32
4136134 54.4798 225.502
4139468 54.4798 225.538
4140134 54.4798 225.662
4142404 54.4798 225.962
4147927 54.4798 226.078
4150053 54.4798 226.128
4150959 54.4798 226.229
4152827 54.4798 226.352
4155071 54.4798 226.501
4157808 54.4798 226.735
4162106 54.4798 226.854
4164299 54.4798 226.97
4166416 54.4798 227.117
4169114 54.4798 227.161
4169933 54.4798 227.36
4173574 54.4798 227.574
4177514 54.4798 227.585
4177703 54.4798 227.756
4180844 54.4798 227.766
4181040 54.4798 227.87
4182950 54.4798 227.907
4183616 54.4798 228.541
4195261 54.4798 228.72
4198546 54.4798 228.746
4199026 54.4798 228.934
4202467 54.4798 229.006
4203793 54.4798 229.008
4203833 54.4798 229.013
4203928 54.4798 229.524
4213294 54.4798 229.549
4213766 54.4798 229.744
4217346 54.4798 230.016
4222327 54.4798 230.346
4228384 54.4798 230.369
4228803 54.4798 230.683
4234578 54.4798 230.732
4235469 54.4798 230.78
4236361 54.4798 230.86
4237824 54.4798 230.967
4239783 54.4798 231.184
4243772 54.4798 231.676
4252801 54.4798 231.689
4253043 54.4798 232.163
4261737 54.4798 232.551
4268871 54.4798 232.552
4268878 54.4798 232.671
4271061 54.4798 232.87
4274712 54.4798 232.956
4276288 54.4798 232.968
4276510 54.4798 233.137
4279619 54.4798 233.147
4279807 54.4798 233.217
4281094 54.4798 233.225
4281243 54.4798 233.376
4284007 54.4798 233.512
4286504 54.4798 233.567
4287517 54.4798 233.62
4288489 54.4798 233.852
4292737 54.4798 233.98
4295084 54.4798 234.005
4295559 54.4798 234.313
4301205 54.4798 234.565
4305838 54.4798 235.016
4314106 54.4798 235.449
4322050 54.4798 235.554
4323993 54.4798 235.634
4325444 54.4798 235.64
4325561 54.4798 235.783
4328188 54.4798 235.835
4329141 54.4798 235.858
4329563 54.4798 235.971
4331641 54.4798 236.255
4336859 54.4798 236.359
4338760 54.4798 236.496
4341271 54.4798 236.653
4344154 54.4798 236.872
4348180 54.4798 237.85
4366128 54.4798 237.895
4366947 54.4798 238.149
4371621 54.4798 238.265
4373745 54.4798 238.271
4373865 54.4798 238.423
4376645 54.4798 238.646
4380733 54.4798 238.653
4380859 54.4798 238.771
4383036 54.4798 238.82
4383933 54.4798 239.04
4387980 54.4798 239.143
4389861 54.4798 239.379
4394203 54.4798 239.594
4398146 54.4798 239.68
4399719 54.4798 239.822
4402319 54.4798 239.87
4403201 54.4798 239.892
4403611 54.4798 239.938
4404449 54.4798 239.968
4404999 54.4798 240.019
4405949 54.4798 240.168
4408682 54.4798 240.173
4408766 54.4798 240.369
4412371 54.4798 240.48
4414408 54.4798 240.536
4415438 54.4798 240.695
4418349 54.4798 240.791
4420105 54.4798 241.164
4426962 54.4798 241.326
4429924 54.4798 241.481
4432773 54.4798 241.63
4435510 54.4798 241.74
4437532 54.4798 241.817
4438947 54.4798 241.821
4439019 54.4798 241.861
4439760 54.4798 241.973
4441813 54.4798 242.129
4444665 54.4798 242.396
4449573 54.4798 242.406
4449754 54.4798 242.594
4453208 54.4798 242.776
4456547 54.4798 243.002
4460704 54.4798 243.059
4461742 54.4798 243.409
4468158 54.4798 243.656
4472699 54.4798 243.743
4474304 54.4798 244.071
4480311 54.4798 244.442
4487131 54.4798 244.517
4488508 54.4798 244.549
4489084 54.4798 244.78
4493331 54.4798 244.788
4493485 54.4798 244.892
4495394 54.4798 245.054
4498364 54.4798 245.124
4499652 54.4798 245.156
4500230 54.4798 245.622
4508792 54.4798 245.667
4509606 54.4798 245.938
4514583 54.4798 245.961
4515002 54.4798 246.021
4516116 54.4798 246.25
4520309 54.4798 246.449
4523972 54.4798 246.972
4533561 54.4798 247.01
4534263 54.4798 247.276
4539141 54.4798 247.437
4542110 54.4798 247.512
4543482 54.4798 247.704
4547003 54.4798 247.713
4547167 54.4798 248.046
4553283 54.4798 248.158
4555332 54.4798 248.262
4557251 54.4798 248.307
4558075 54.4798 249.912
4587528 54.4798 249.949
4588210 54.4798 249.959
4588401 54.4798 250.258
4593879 54.4798 250.293
4594522 54.4798 250.548
4599203 54.4798 250.785
4603559 54.4798 250.807
4603960 54.4798 251.363
4614172 54.4798 251.463
4616001 54.4798 251.735
4620989 54.4798 252.066
4627061 54.4798 252.201
4629555 54.4798 252.21
4629704 54.4798 252.213
4629772 54.4798 252.346
4632207 54.4798 252.504
4635111 54.4798 252.514
4635296 54.4798 252.525
4635500 54.4798 252.846
4641378 54.4798 252.853
4641520 54.4798 252.964
4643558 54.4798 253.052
4645164 54.4798 253.061
4645342 54.4798 253.071
4645508 54.4798 253.146
4646890 54.4798 253.723
4657482 54.4798 253.923
4661157 54.4798 254.043
4663364 54.4798 254.169
4665664 54.4798 254.184
4665943 54.4798 254.395
4669827 54.4798 254.776
4676811 54.4798 254.958
4680162 54.4798 255.021
4681310 54.4798 255.049
4681819 54.4798 255.231
4685157 54.4798 255.415
4688542 54.4798 255.48
4689735 54.4798 255.648
4692824 54.4798 255.977
4698861 54.4798 256.298
4704748 54.4798 256.345
4705605 54.4798 256.366
4705993 54.4798 256.539
4709165 54.4798 256.581
4709939 54.4798 256.645
4711127 54.4798 256.714
4712383 54.4798 256.882
4715461 54.4798 257.212
4721525 54.4798 257.438
4725667 54.4798 257.554
4727796 54.4798 257.555
4727818 54.4798 257.625
4729113 54.4798 257.768
4731738 54.4798 257.898
4734119 54.4798 257.986
4735740 54.4798 258.009
4736148 54.4798 258.02
4736366 54.4798 258.372
4742812 54.4798 258.397
4743279 54.4798 258.497
4745117 54.4798 258.57
4746446 54.4798 258.69
4748649 54.4798 259.127
4756676 54.4798 259.591
4765192 54.4798 259.594
4765245 54.4798 259.615
4765639 54.4798 259.646
4766197 54.4798 260.004
4772766 54.4798 260.131
4775114 54.4798 260.224
4776810 54.4798 260.231
4776946 54.4798 260.34
4778941 54.4798 260.613
4783947 54.4798 260.913
4789451 54.4798 261.123
4793308 54.4798 261.365
4797750 54.4798 261.372
4797892 54.4798 261.417
4798720 54.4798 261.482
4799903 54.4798 261.553
4801204 54.4798 261.637
4802758 54.4798 261.67
4803354 54.4798 261.758
4804971 54.4798 261.955
4808579 54.4798 262.064
4810579 54.4798 262.15
4812165 54.4798 262.465
4817953 54.4798 262.528
4819105 54.4798 262.76
4823354 54.4798 262.937
4826619 54.4798 262.983
4827456 54.4798 263.141
4830349 54.4798 263.148
4830490 54.4798 263.157
4830649 54.4798 263.207
4831571 54.4798 263.274
4832789 54.4798 263.28
4832906 54.4798 263.537
4837616 54.4798 263.54
4837671 54.4798 263.55
4837855 54.4798 263.956
4845311 54.4798 264.485
4855025 54.4798 264.672
4858465 54.4798 264.679
4858590 54.4798 264.981
4864126 54.4798 265.35
4870908 54.4798 265.507
4873780 54.4798 265.528
4874175 54.4798 265.608
4875646 54.4798 265.833
4879769 54.4798 266.084
4884382 54.4798 266.104
4884736 54.4798 266.135
4885304 54.4798 266.224
4886951 54.4798 266.388
4889950 54.4798 266.432
4890772 54.4798 266.45
4891102 54.4798 266.525
4892469 54.4798 266.681
4895341 54.4798 266.807
4897649 54.4798 266.958
4900417 54.4798 267.105
4903115 54.4798 267.237
4905533 54.4798 267.301
4906711 54.4798 267.402
4908576 54.4798 267.427
4909021 54.4798 267.626
4912672 54.4798 268.133
4921979 54.4798 268.348
4925924 54.4798 268.593
4930438 54.4798 268.672
4931872 54.4798 268.736
4933049 54.4798 268.806
4934348 54.4798 268.964
4937248 54.4798 269.3
4943401 54.4798 269.369
4944669 54.4798 270.378
4963190 54.4798 270.427
4964100 54.4798 270.459
4964690 54.4798 270.732
4969689 54.4798 270.811
4971138 54.4798 270.882
4972444 54.4798 270.982
4974273 54.4798 271.633
4986234 54.4798 271.82
4989670 54.4798 271.898
4991103 54.4798 272.326
4998958 54.4798 272.349
