1018 46.5445 0.0406334
1891 46.5445 0.164675
4556 46.5445 0.332049
8152 46.5445 0.355879
8664 46.5445 0.378826
9157 46.5445 0.520507
12201 46.5445 0.522648
12247 46.5445 0.874432
19805 46.5445 0.940479
21224 46.5445 0.95123
21455 46.5445 0.977482
22019 46.5445 1.19996
26799 46.5445 1.60164
35429 46.5445 1.84819
40726 46.5445 1.84842
40731 46.5445 2.00905
44182 46.5445 2.19574
48193 46.5445 2.333
51142 46.5445 2.40249
52635 46.5445 2.41682
52943 46.5445 2.52481
55263 46.5445 2.55492
55910 46.5445 2.57414
56323 46.5445 2.63679
57669 46.5445 2.71666
59385 46.5445 3.21232
70034 46.5445 3.30731
72075 46.5445 3.32393
72432 46.5445 3.34362
72855 46.5445 3.4341
74799 46.5445 3.85351
83810 46.5445 3.90043
84818 46.5445 3.94632
85804 46.5445 4.00697
87107 46.5445 4.15019
90184 46.5445 4.51724
98070 46.5445 4.89444
106174 46.5445 4.89872
106266 46.5445 4.94396
107238 46.5445 5.03588
109213 46.5445 5.08457
110259 46.5445 5.23938
113585 46.5445 5.30328
114958 46.5445 5.31189
115143 46.5445 5.66517
122733 46.5445 5.68081
123069 46.5445 6.09189
131901 46.5445 6.37129
137904 46.5445 6.52135
141128 46.5445 6.89213
149094 46.5445 7.10977
153770 46.5445 7.51103
162391 46.5445 7.59262
164144 46.5445 7.73644
167234 46.5445 8.07943
174603 46.5445 8.08478
174718 46.5445 8.11467
175360 46.5445 8.1277
175640 46.5445 8.23293
177901 46.5445 8.36047
180641 46.5445 8.61232
186052 46.5445 9.01819
194772 46.5445 9.2517
199789 46.5445 9.41168
203226 46.5445 9.41223
203238 46.5445 9.59045
207067 46.5445 9.61075
207503 46.5445 9.70458
209519 46.5445 9.88038
213296 46.5445 9.91343
214006 46.5445 10.0166
216222 46.5445 10.121
218465 46.5445 10.1499
219086 46.5445 10.1831
219799 46.5445 10.3938
224326 46.5445 10.5263
227174 46.5445 10.89
234987 46.5445 10.9142
235507 46.5445 10.9539
236361 46.5445 11.3914
245760 46.5445 11.5417
248990 46.5445 11.813
254817 46.5445 11.8247
255070 46.5445 11.8297
255177 46.5445 11.8458
255523 46.5445 11.9131
256969 46.5445 11.9647
258078 46.5445 11.9967
258764 46.5445 12.0933
260841 46.5445 12.3578
266522 46.5445 12.3781
266960 46.5445 12.5049
269683 46.5445 12.5297
270216 46.5445 12.9112
278412 46.5445 13.0576
281559 46.5445 13.0619
281650 46.5445 13.5562
292271 46.5445 13.645
294179 46.5445 13.8748
299115 46.5445 14.7859
318690 46.5445 14.9174
321515 46.5445 15.0709
324813 46.5445 15.1271
326020 46.5445 15.1805
327169 46.5445 15.1987
327559 46.5445 15.2003
327593 46.5445 15.2744
329186 46.5445 15.4056
332005 46.5445 15.5163
334383 46.5445 15.7339
339057 46.5445 16.1016
346957 46.5445 16.1043
347015 46.5445 16.1964
348994 46.5445 16.1995
349062 46.5445 16.3225
351704 46.5445 16.4152
353696 46.5445 16.4161
353715 46.5445 16.4231
353866 46.5445 16.5012
355544 46.5445 16.8688
363441 46.5445 17.2357
371324 46.5445 17.5364
377784 46.5445 17.7202
381732 46.5445 17.8403
384314 46.5445 17.8993
385582 46.5445 18.0642
389123 46.5445 18.0725
389302 46.5445 18.2755
393663 46.5445 18.7366
403570 46.5445 18.9069
407229 46.5445 18.9483
408118 46.5445 19.2235
414031 46.5445 19.2458
414511 46.5445 19.3236
416182 46.5445 19.3803
417401 46.5445 19.4044
417917 46.5445 19.425
418361 46.5445 19.5041
420060 46.5445 19.6053
422233 46.5445 19.6131
422401 46.5445 19.8695
427910 46.5445 19.9099
428779 46.5445 20.3635
438524 46.5445 20.475
440919 46.5445 20.4902
441247 46.5445 20.5713
442988 46.5445 20.6127
443877 46.5445 21.1808
456083 46.5445 21.2724
458051 46.5445 21.3211
459098 46.5445 21.4367
461581 46.5445 21.4875
462672 46.5445 21.9851
473363 46.5445 22.364
481505 46.5445 22.4737
483861 46.5445 22.755
489905 46.5445 22.7787
490413 46.5445 22.9169
493384 46.5445 23.0198
495594 46.5445 23.0694
496660 46.5445 23.4924
505747 46.5445 23.511
506148 46.5445 23.5857
507753 46.5445 23.7087
510394 46.5445 23.9512
515605 46.5445 24.1294
519433 46.5445 24.1904
520745 46.5445 24.2329
521657 46.5445 24.4124
525513 46.5445 24.824
534357 46.5445 24.8373
534642 46.5445 24.9649
537384 46.5445 25.1105
540512 46.5445 25.3943
546609 46.5445 25.6476
552052 46.5445 25.7771
554835 46.5445 25.8293
555956 46.5445 25.9611
558788 46.5445 26.012
559881 46.5445 26.1578
563014 46.5445 26.1586
563031 46.5445 26.5746
571968 46.5445 26.6208
572961 46.5445 26.6697
574011 46.5445 26.7125
574931 46.5445 26.756
575866 46.5445 26.818
577197 46.5445 26.9322
579651 46.5445 27.2983
587517 46.5445 27.3981
589660 46.5445 27.4831
591487 46.5445 27.7868
598012 46.5445 27.8061
598426 46.5445 27.9006
600458 46.5445 27.906
600574 46.5445 27.9236
600951 46.5445 27.9463
601439 46.5445 28.2425
607802 46.5445 28.3299
609681 46.5445 28.365
610435 46.5445 28.4915
613153 46.5445 28.5873
615210 46.5445 28.6059
615610 46.5445 28.7159
617974 46.5445 28.9055
622048 46.5445 28.9598
623213 46.5445 29.537
635615 46.5445 29.6681
638431 46.5445 29.7214
639577 46.5445 29.9571
644641 46.5445 30.0232
646061 46.5445 30.0962
647629 46.5445 30.6748
660061 46.5445 30.7264
661168 46.5445 30.7609
661911 46.5445 30.787
662470 46.5445 30.8994
664886 46.5445 31.2916
673311 46.5445 31.3465
674492 46.5445 31.3856
675331 46.5445 31.4115
675887 46.5445 31.6175
680313 46.5445 31.7523
683211 46.5445 32.025
689068 46.5445 32.0333
689248 46.5445 32.0349
689281 46.5445 32.1083
690858 46.5445 32.1301
691326 46.5445 32.1396
691530 46.5445 32.3355
695739 46.5445 32.4817
698881 46.5445 32.5861
701125 46.5445 33.0061
710147 46.5445 33.0484
711056 46.5445 33.0925
712004 46.5445 33.1822
713932 46.5445 33.293
716312 46.5445 33.4442
719560 46.5445 33.5434
721692 46.5445 33.7056
725176 46.5445 33.7351
725811 46.5445 33.7876
726937 46.5445 33.9842
731161 46.5445 34.0276
732094 46.5445 34.3183
738340 46.5445 34.3256
738496 46.5445 34.3649
739341 46.5445 34.3788
739640 46.5445 34.51
742458 46.5445 34.6411
745275 46.5445 34.8939
750707 46.5445 34.9373
751639 46.5445 34.9805
752567 46.5445 35.0021
753031 46.5445 35.1006
755147 46.5445 35.3503
760513 46.5445 36.4086
783250 46.5445 36.7564
790722 46.5445 37.0471
796967 46.5445 37.1014
798134 46.5445 37.4152
804877 46.5445 37.5969
808780 46.5445 38.1242
820110 46.5445 38.1419
820489 46.5445 38.1709
821113 46.5445 38.203
821801 46.5445 38.209
821930 46.5445 38.2505
822822 46.5445 38.4091
826231 46.5445 38.565
829579 46.5445 38.6401
831193 46.5445 38.6983
832443 46.5445 38.7269
833057 46.5445 38.7978
834581 46.5445 38.9119
837032 46.5445 38.9204
837216 46.5445 39.2954
845273 46.5445 39.3798
847085 46.5445 39.6193
852230 46.5445 39.7073
854122 46.5445 39.9329
858968 46.5445 40.1177
862940 46.5445 40.3495
867920 46.5445 40.3923
868838 46.5445 40.4819
870763 46.5445 40.5214
871612 46.5445 40.5528
872288 46.5445 40.6329
874007 46.5445 40.7065
875589 46.5445 40.8505
878683 46.5445 40.9381
880566 46.5445 41.1039
884128 46.5445 41.2707
887711 46.5445 41.3731
889912 46.5445 41.3929
890336 46.5445 41.4307
891149 46.5445 41.5169
893001 46.5445 41.5276
893231 46.5445 41.6491
895841 46.5445 41.9463
902225 46.5445 41.9883
903129 46.5445 42.0115
903627 46.5445 42.0125
903649 46.5445 42.1321
906217 46.5445 42.1853
907361 46.5445 42.2942
909701 46.5445 42.3677
911280 46.5445 42.5626
915468 46.5445 42.6202
916704 46.5445 42.9865
924575 46.5445 43.0407
925738 46.5445 43.095
926906 46.5445 43.4123
933722 46.5445 43.5393
936451 46.5445 43.7269
940482 46.5445 43.8575
943287 46.5445 44.0907
948299 46.5445 44.0947
948384 46.5445 44.4132
955226 46.5445 44.4543
956111 46.5445 44.7325
962087 46.5445 44.7727
962950 46.5445 44.9325
966384 46.5445 44.9775
967351 46.5445 45.0605
969134 46.5445 45.1727
971544 46.5445 45.2018
972169 46.5445 45.4103
976649 46.5445 45.4938
978444 46.5445 45.7189
983279 46.5445 45.7571
984101 46.5445 46.1531
992608 46.5445 46.4065
998053 46.5445 46.4654
999318 46.5445 46.7965
1006432 46.5445 47.1644
1014335 46.5445 47.1746
1014556 46.5445 47.2035
1015175 46.5445 47.311
1017486 46.5445 47.3685
1018721 46.5445 47.7396
1026693 46.5445 47.9215
1030602 46.5445 48.3803
1040459 46.5445 48.49
1042816 46.5445 49.0091
1053968 46.5445 49.0483
1054811 46.5445 49.193
1057920 46.5445 49.2076
1058233 46.5445 49.2913
1060032 46.5445 49.3332
1060933 46.5445 49.3607
1061522 46.5445 49.5323
1065209 46.5445 49.582
1066278 46.5445 50.0567
1076476 46.5445 50.0578
1076500 46.5445 50.3953
1083751 46.5445 50.7892
1092215 46.5445 50.9932
1096598 46.5445 51.0266
1097314 46.5445 51.1886
1100794 46.5445 51.4093
1105537 46.5445 51.6326
1110334 46.5445 52.052
1119346 46.5445 52.1976
1122473 46.5445 52.2293
1123154 46.5445 52.2352
1123281 46.5445 52.2444
1123479 46.5445 52.4334
1127539 46.5445 52.4442
1127771 46.5445 52.5112
1129210 46.5445 52.536
1129744 46.5445 52.7789
1134963 46.5445 53.2458
1144994 46.5445 53.392
1148134 46.5445 53.5194
1150871 46.5445 53.8247
1157432 46.5445 53.9157
1159386 46.5445 53.9643
1160430 46.5445 54.0076
1161361 46.5445 54.1794
1165051 46.5445 54.2124
1165761 46.5445 54.3489
1168694 46.5445 54.3579
1168887 46.5445 54.5489
1172990 46.5445 54.5733
1173515 46.5445 54.6236
1174595 46.5445 54.7693
1177726 46.5445 54.7845
1178053 46.5445 55.0212
1183137 46.5445 55.1245
1185357 46.5445 55.1334
1185548 46.5445 55.2514
1188084 46.5445 55.255
1188160 46.5445 55.4419
1192177 46.5445 55.777
1199376 46.5445 55.7807
1199455 46.5445 56.1325
1207014 46.5445 56.2053
1208578 46.5445 56.2996
1210604 46.5445 56.6931
1219059 46.5445 56.7542
1220370 46.5445 57.1901
1229736 46.5445 57.3317
1232778 46.5445 57.3575
1233332 46.5445 57.4658
1235659 46.5445 57.784
1242497 46.5445 58.119
1249694 46.5445 58.1851
1251113 46.5445 58.2302
1252083 46.5445 58.232
1252121 46.5445 58.4664
1257157 46.5445 58.4847
1257550 46.5445 58.6153
1260356 46.5445 58.6513
1261129 46.5445 58.6823
1261796 46.5445 58.7243
1262698 46.5445 58.7596
1263456 46.5445 58.8185
1264721 46.5445 58.8798
1266038 46.5445 58.9052
1266584 46.5445 59.1304
1271423 46.5445 59.3197
1275491 46.5445 59.3371
1275863 46.5445 59.4463
1278210 46.5445 59.4678
1278671 46.5445 59.5826
1281139 46.5445 59.6419
1282413 46.5445 59.6539
1282671 46.5445 59.7059
1283788 46.5445 60.0156
1290442 46.5445 60.0725
1291665 46.5445 60.0827
1291883 46.5445 60.1316
1292934 46.5445 60.1697
1293753 46.5445 60.2373
1295205 46.5445 60.2606
1295706 46.5445 60.3877
1298435 46.5445 60.484
1300505 46.5445 60.4994
1300835 46.5445 60.5377
1301659 46.5445 60.6596
1304277 46.5445 60.6682
1304462 46.5445 60.858
1308541 46.5445 61.3629
1319387 46.5445 61.511
1322569 46.5445 61.5843
1324145 46.5445 61.7691
1328115 46.5445 61.9562
1332135 46.5445 62.0068
1333223 46.5445 62.0298
1333717 46.5445 62.1538
1336381 46.5445 62.1545
1336396 46.5445 62.214
1337674 46.5445 62.4529
1342806 46.5445 62.4916
1343638 46.5445 62.4932
1343672 46.5445 62.5502
1344897 46.5445 62.72
1348546 46.5445 63.0533
1355705 46.5445 63.1169
1357072 46.5445 63.3609
1362315 46.5445 63.4022
1363201 46.5445 63.6181
1367840 46.5445 63.7831
1371385 46.5445 63.8273
1372335 46.5445 64.3421
1383395 46.5445 64.4559
1385841 46.5445 64.4687
1386115 46.5445 65.1118
1399933 46.5445 65.1501
1400755 46.5445 65.2057
1401950 46.5445 65.252
1402945 46.5445 65.6406
1411294 46.5445 65.7123
1412834 46.5445 65.7194
1412987 46.5445 65.8228
1415207 46.5445 66.3201
1425893 46.5445 66.3435
1426395 46.5445 66.6474
1432925 46.5445 66.6535
1433055 46.5445 66.9051
1438461 46.5445 67.0445
1441457 46.5445 67.0814
1442249 46.5445 67.2719
1446341 46.5445 67.5699
1452745 46.5445 67.6223
1453869 46.5445 67.7069
1455687 46.5445 68.0528
1463119 46.5445 68.0758
1463613 46.5445 68.1711
1465660 46.5445 68.176
1465765 46.5445 68.2972
1468369 46.5445 68.7
1477025 46.5445 68.7107
1477255 46.5445 68.7555
1478216 46.5445 68.7622
1478361 46.5445 68.7815
1478775 46.5445 69.1388
1486451 46.5445 69.3147
1490231 46.5445 69.5212
1494667 46.5445 69.648
1497391 46.5445 69.659
1497627 46.5445 69.6606
1497663 46.5445 69.7413
1499397 46.5445 70.0126
1505226 46.5445 70.1235
1507608 46.5445 70.142
1508005 46.5445 70.3171
1511768 46.5445 70.3656
1512809 46.5445 70.3684
1512870 46.5445 70.4575
1514784 46.5445 70.4952
1515594 46.5445 70.5619
1517026 46.5445 70.5803
1517423 46.5445 71.1708
1530109 46.5445 71.2019
1530776 46.5445 71.4023
1535082 46.5445 71.7413
1542366 46.5445 72
1547924 46.5445 72.3097
1554578 46.5445 72.3289
1554991 46.5445 72.3616
1555692 46.5445 72.5163
1559016 46.5445 72.6978
1562917 46.5445 72.7608
1564270 46.5445 72.8927
1567104 46.5445 73.015
1569731 46.5445 73.2818
1575464 46.5445 73.629
1582922 46.5445 73.7299
1585091 46.5445 73.9343
1589482 46.5445 74.332
1598027 46.5445 74.6106
1604012 46.5445 75.0269
1612956 46.5445 75.3566
1620040 46.5445 75.4765
1622616 46.5445 75.6033
1625340 46.5445 75.6478
1626296 46.5445 75.9943
1633740 46.5445 76.0463
1634857 46.5445 76.0665
1635292 46.5445 76.0889
1635774 46.5445 76.6537
1647907 46.5445 76.7104
1649127 46.5445 76.7303
1649554 46.5445 76.7926
1650893 46.5445 77.0001
1655350 46.5445 77.0628
1656697 46.5445 77.0739
1656936 46.5445 77.1321
1658187 46.5445 77.233
1660354 46.5445 77.2585
1660902 46.5445 77.3989
1663919 46.5445 77.5132
1666373 46.5445 77.5793
1667795 46.5445 77.6318
1668923 46.5445 77.6774
1669902 46.5445 77.7836
1672183 46.5445 77.8451
1673505 46.5445 77.9021
1674730 46.5445 77.9362
1675462 46.5445 78.1431
1679908 46.5445 78.1655
1680389 46.5445 78.4365
1686211 46.5445 78.4704
1686940 46.5445 78.5369
1688367 46.5445 78.5382
1688396 46.5445 78.6338
1690450 46.5445 78.6647
1691113 46.5445 78.7174
1692246 46.5445 78.7318
1692556 46.5445 78.7852
1693703 46.5445 79.0036
1698394 46.5445 79.0276
1698910 46.5445 79.096
1700381 46.5445 79.2569
1703837 46.5445 79.295
1704656 46.5445 79.4253
1707456 46.5445 79.5917
1711030 46.5445 79.7179
1713742 46.5445 79.725
1713893 46.5445 79.7367
1714145 46.5445 79.7444
1714311 46.5445 79.8915
1717471 46.5445 80.0354
1720563 46.5445 80.1862
1723802 46.5445 80.2836
1725896 46.5445 80.2839
1725901 46.5445 80.7478
1735868 46.5445 80.8889
1738901 46.5445 81.0043
1741379 46.5445 81.1309
1744099 46.5445 81.3084
1747914 46.5445 81.6609
1755486 46.5445 81.7
1756327 46.5445 81.7516
1757435 46.5445 81.9567
1761842 46.5445 81.9595
1761902 46.5445 82.0818
1764529 46.5445 82.3149
1769538 46.5445 82.6358
1776432 46.5445 82.6711
1777191 46.5445 82.7716
1779350 46.5445 82.9089
1782299 46.5445 82.9819
1783867 46.5445 83.0303
1784907 46.5445 83.073
1785826 46.5445 83.2203
1788989 46.5445 83.2301
1789201 46.5445 83.3113
1790946 46.5445 83.4546
1794024 46.5445 83.4752
1794467 46.5445 83.5266
1795570 46.5445 83.6927
1799140 46.5445 84.133
1808600 46.5445 84.3066
1812328 46.5445 84.4242
1814855 46.5445 84.9838
1826879 46.5445 85.1839
1831178 46.5445 85.3329
1834378 46.5445 85.618
1840505 46.5445 85.6759
1841749 46.5445 86.0888
1850619 46.5445 86.3171
1855523 46.5445 86.5023
1859503 46.5445 86.5184
1859850 46.5445 86.5617
1860780 46.5445 86.7781
1865428 46.5445 86.8095
1866104 46.5445 86.8991
1868028 46.5445 86.9196
1868469 46.5445 86.9484
1869087 46.5445 87.097
1872280 46.5445 87.2811
1876236 46.5445 87.5012
1880965 46.5445 87.5042
1881029 46.5445 87.5303
1881589 46.5445 87.65
1884161 46.5445 87.6638
1884457 46.5445 87.6861
1884937 46.5445 87.7445
1886191 46.5445 87.829
1888006 46.5445 87.8372
1888183 46.5445 87.9884
1891432 46.5445 88.0162
1892029 46.5445 88.0727
1893242 46.5445 88.118
1894216 46.5445 88.2008
1895994 46.5445 88.2086
1896162 46.5445 88.4952
1902320 46.5445 88.7615
1908041 46.5445 88.8012
1908895 46.5445 88.8655
1910275 46.5445 88.9056
1911138 46.5445 89.1496
1916379 46.5445 89.4172
1922130 46.5445 89.4522
1922880 46.5445 89.6056
1926176 46.5445 89.6743
1927652 46.5445 89.8262
1930916 46.5445 89.9138
1932798 46.5445 90.0563
1935859 46.5445 90.2767
1940596 46.5445 90.2857
1940789 46.5445 90.3118
1941349 46.5445 90.6173
1947914 46.5445 90.7638
1951061 46.5445 90.8459
1952824 46.5445 90.8655
1953245 46.5445 91.1446
1959241 46.5445 91.1676
1959736 46.5445 91.2566
1961649 46.5445 91.4695
1966223 46.5445 91.7959
1973236 46.5445 92.2911
1983875 46.5445 92.3267
1984640 46.5445 92.5928
1990357 46.5445 92.6067
1990655 46.5445 92.6113
1990753 46.5445 92.6835
1992305 46.5445 92.7296
1993295 46.5445 92.8722
1996359 46.5445 92.9021
1997001 46.5445 93.104
2001339 46.5445 93.1642
2002632 46.5445 93.2901
2005338 46.5445 93.3149
2005871 46.5445 93.5755
2011470 46.5445 94.2212
2025342 46.5445 94.2313
2025560 46.5445 94.5829
2033113 46.5445 94.6835
2035275 46.5445 94.9356
2040691 46.5445 95.2537
2047525 46.5445 95.6067
2055109 46.5445 95.9213
2061868 46.5445 96.705
2078707 46.5445 97.1126
2087464 46.5445 97.3183
2091883 46.5445 97.3819
2093249 46.5445 98.2423
2111735 46.5445 98.4303
2115774 46.5445 98.8837
2125515 46.5445 99.0817
2129769 46.5445 99.0864
2129871 46.5445 99.2006
2132324 46.5445 99.2382
2133132 46.5445 99.4221
2137082 46.5445 99.5747
2140361 46.5445 99.7278
2143650 46.5445 99.7596
2144333 46.5445 99.7783
2144735 46.5445 99.8171
2145569 46.5445 99.9465
2148348 46.5445 100.127
2152219 46.5445 100.563
2161591 46.5445 100.596
2162306 46.5445 100.774
2166132 46.5445 100.869
2168161 46.5445 100.908
2169016 46.5445 100.934
2169555 46.5445 101.113
2173402 46.5445 101.159
2174393 46.5445 101.162
2174473 46.5445 101.186
2174982 46.5445 101.422
2180044 46.5445 101.568
2183193 46.5445 101.602
2183923 46.5445 101.629
2184493 46.5445 101.728
2186621 46.5445 102.086
2194325 46.5445 102.095
2194513 46.5445 102.212
2197016 46.5445 102.308
2199075 46.5445 102.318
2199296 46.5445 102.367
2200352 46.5445 102.924
2212323 46.5445 102.943
2212727 46.5445 102.957
2213027 46.5445 103.027
2214541 46.5445 103.17
2217600 46.5445 103.369
2221876 46.5445 103.444
2223489 46.5445 103.482
2224308 46.5445 103.747
2230003 46.5445 103.861
2232453 46.5445 104.153
2238731 46.5445 104.154
2238746 46.5445 104.179
2239281 46.5445 104.304
2241974 46.5445 104.586
2248037 46.5445 104.599
2248309 46.5445 104.736
2251242 46.5445 104.78
2252197 46.5445 104.883
2254409 46.5445 105.076
2258549 46.5445 105.238
2262032 46.5445 105.322
2263846 46.5445 105.424
2266024 46.5445 105.5
2267671 46.5445 105.64
2270674 46.5445 106.047
2279407 46.5445 106.231
2283367 46.5445 106.352
2285963 46.5445 106.444
2287955 46.5445 106.718
2293842 46.5445 106.827
2296173 46.5445 107.036
2300667 46.5445 107.056
2301104 46.5445 107.209
2304381 46.5445 107.243
2305117 46.5445 107.755
2316106 46.5445 107.781
2316681 46.5445 107.858
2318332 46.5445 107.96
2320511 46.5445 107.99
2321154 46.5445 108.206
2325795 46.5445 108.284
2327484 46.5445 108.29
2327597 46.5445 108.64
2335128 46.5445 108.889
2340472 46.5445 108.943
2341637 46.5445 109.171
2346538 46.5445 109.206
2347297 46.5445 109.432
2352133 46.5445 109.49
2353390 46.5445 109.577
2355263 46.5445 109.602
2355798 46.5445 109.654
2356905 46.5445 109.673
2357311 46.5445 109.912
2362450 46.5445 110.04
2365215 46.5445 110.105
2366606 46.5445 110.155
2367670 46.5445 110.404
2373037 46.5445 110.483
2374723 46.5445 110.525
2375616 46.5445 110.644
2378190 46.5445 110.72
2379816 46.5445 110.89
2383477 46.5445 111.005
2385941 46.5445 111.105
2388087 46.5445 111.105
2388090 46.5445 111.156
2389189 46.5445 111.255
2391320 46.5445 111.34
2393127 46.5445 111.43
2395063 46.5445 111.468
2395881 46.5445 111.496
2396491 46.5445 111.646
2399711 46.5445 111.795
2402902 46.5445 112.011
2407562 46.5445 112.24
2412465 46.5445 112.594
2420081 46.5445 112.718
2422736 46.5445 112.719
2422774 46.5445 113.225
2433642 46.5445 113.481
2439141 46.5445 113.694
2443720 46.5445 113.782
2445601 46.5445 114.042
2451187 46.5445 114.076
2451915 46.5445 114.823
2467973 46.5445 115.143
2474838 46.5445 115.165
2475325 46.5445 115.201
2476098 46.5445 115.247
2477074 46.5445 115.402
2480403 46.5445 115.916
2491456 46.5445 116.068
2494718 46.5445 116.088
2495146 46.5445 116.501
2504027 46.5445 116.684
2507961 46.5445 116.719
2508702 46.5445 117.244
2519974 46.5445 117.431
2523995 46.5445 117.842
2532826 46.5445 118.101
2538385 46.5445 118.149
2539428 46.5445 118.221
2540969 46.5445 118.293
2542528 46.5445 118.359
2543940 46.5445 118.538
2547790 46.5445 118.563
2548316 46.5445 118.805
2553529 46.5445 118.93
2556200 46.5445 119.08
2559428 46.5445 119.158
2561103 46.5445 119.167
2561290 46.5445 119.194
2561871 46.5445 119.392
2566137 46.5445 119.396
2566219 46.5445 119.741
2573634 46.5445 119.769
2574224 46.5445 119.795
2574781 46.5445 119.94
2577915 46.5445 120.018
2579586 46.5445 120.076
2580822 46.5445 120.311
2585867 46.5445 120.41
2588004 46.5445 120.472
2589345 46.5445 120.564
2591311 46.5445 120.639
2592921 46.5445 120.678
2593755 46.5445 120.753
2595377 46.5445 120.79
2596173 46.5445 120.81
2596594 46.5445 120.846
2597368 46.5445 120.979
2600220 46.5445 121.337
2607912 46.5445 121.567
2612870 46.5445 121.681
2615300 46.5445 121.907
2620168 46.5445 122.001
2622190 46.5445 122.173
2625885 46.5445 122.449
2631801 46.5445 122.696
2637126 46.5445 122.729
2637832 46.5445 122.748
2638243 46.5445 123.003
2643717 46.5445 123.038
2644472 46.5445 123.169
2647279 46.5445 123.19
2647727 46.5445 123.306
2650225 46.5445 123.325
2650635 46.5445 123.362
2651421 46.5445 123.76
2659981 46.5445 124.099
2667269 46.5445 124.1
2667275 46.5445 124.135
2668039 46.5445 124.218
2669826 46.5445 124.29
2671365 46.5445 124.365
2672967 46.5445 124.656
2679233 46.5445 124.676
2679665 46.5445 124.7
2680165 46.5445 124.834
2683058 46.5445 125.267
2692357 46.5445 125.37
2694577 46.5445 125.418
2695595 46.5445 125.612
2699769 46.5445 126
2708098 46.5445 126.094
2710118 46.5445 126.104
2710334 46.5445 126.15
2711329 46.5445 126.247
2713407 46.5445 126.295
2714434 46.5445 126.431
2717357 46.5445 126.644
2721944 46.5445 126.668
2722462 46.5445 127.089
2731494 46.5445 127.138
2732555 46.5445 127.215
2734212 46.5445 127.269
2735370 46.5445 127.392
2738018 46.5445 127.466
2739604 46.5445 127.483
2739967 46.5445 127.505
2740440 46.5445 127.539
2741161 46.5445 127.959
2750197 46.5445 128.051
2752174 46.5445 129.06
2773854 46.5445 129.08
2774268 46.5445 129.112
2774955 46.5445 129.197
2776785 46.5445 129.488
2783039 46.5445 129.549
2784346 46.5445 129.678
2787133 46.5445 129.747
2788599 46.5445 129.756
2788806 46.5445 129.765
2788999 46.5445 129.769
2789081 46.5445 129.807
2789906 46.5445 129.962
2793227 46.5445 130.048
2795070 46.5445 130.087
2795910 46.5445 130.282
2800107 46.5445 130.34
2801339 46.5445 130.399
2802613 46.5445 130.693
2808924 46.5445 130.927
2813965 46.5445 131.111
2817916 46.5445 131.274
2821410 46.5445 131.345
2822946 46.5445 131.382
2823724 46.5445 131.413
2824406 46.5445 131.473
2825693 46.5445 131.612
2828673 46.5445 131.759
2831844 46.5445 131.763
2831917 46.5445 132.062
2838339 46.5445 132.078
2838679 46.5445 132.122
2839643 46.5445 132.181
2840901 46.5445 132.637
2850702 46.5445 132.824
2854706 46.5445 132.849
2855247 46.5445 133.028
2859090 46.5445 133.053
2859625 46.5445 133.087
2860369 46.5445 133.1
2860652 46.5445 133.134
2861381 46.5445 133.373
2866508 46.5445 133.551
2870325 46.5445 133.695
2873422 46.5445 133.699
2873516 46.5445 133.705
2873649 46.5445 133.752
2874653 46.5445 133.766
2874956 46.5445 133.866
2877112 46.5445 133.882
2877443 46.5445 134.026
2880536 46.5445 134.076
2881613 46.5445 134.147
2883149 46.5445 134.405
2888691 46.5445 134.417
2888947 46.5445 134.473
2890141 46.5445 134.518
2891117 46.5445 134.588
2892615 46.5445 134.601
2892893 46.5445 134.698
2894978 46.5445 134.912
2899567 46.5445 134.912
2899571 46.5445 135.454
2911225 46.5445 135.474
2911644 46.5445 135.616
2914704 46.5445 135.697
2916434 46.5445 136.045
2923923 46.5445 136.277
2928905 46.5445 136.391
2931353 46.5445 136.447
2932558 46.5445 136.449
2932603 46.5445 136.45
2932624 46.5445 136.521
2934153 46.5445 136.598
2935789 46.5445 136.768
2939445 46.5445 136.814
2940449 46.5445 136.825
2940679 46.5445 136.984
2944101 46.5445 137.166
2948001 46.5445 137.198
2948688 46.5445 137.262
2950061 46.5445 137.292
2950713 46.5445 137.294
2950744 46.5445 137.359
2952150 46.5445 137.388
2952767 46.5445 137.467
2954477 46.5445 137.705
2959585 46.5445 137.834
2962346 46.5445 137.841
2962511 46.5445 137.861
2962935 46.5445 137.893
2963627 46.5445 137.943
2964702 46.5445 138.175
2969671 46.5445 138.273
2971791 46.5445 138.293
2972215 46.5445 138.357
2973601 46.5445 138.466
2975939 46.5445 138.748
2982000 46.5445 139.141
2990430 46.5445 139.399
2995974 46.5445 139.569
2999620 46.5445 139.649
3001347 46.5445 139.704
3002528 46.5445 139.802
3004638 46.5445 140.14
3011902 46.5445 140.409
3017686 46.5445 140.52
3020070 46.5445 140.522
3020095 46.5445 140.613
3022069 46.5445 140.629
3022404 46.5445 140.734
3024650 46.5445 140.898
3028194 46.5445 141.137
3033318 46.5445 141.158
3033767 46.5445 141.166
3033935 46.5445 141.34
3037675 46.5445 141.507
3041258 46.5445 141.707
3045572 46.5445 141.991
3051659 46.5445 141.997
3051791 46.5445 142.46
3061734 46.5445 142.649
3065799 46.5445 142.664
3066123 46.5445 142.671
3066270 46.5445 142.741
3067776 46.5445 142.754
3068065 46.5445 143.485
3083763 46.5445 143.528
3084680 46.5445 143.788
3090268 46.5445 143.798
3090489 46.5445 143.819
3090948 46.5445 143.906
3092821 46.5445 143.96
3093967 46.5445 144.443
3104347 46.5445 144.455
3104602 46.5445 144.767
3111317 46.5445 144.854
3113178 46.5445 145.032
3117011 46.5445 145.252
3121735 46.5445 145.444
3125848 46.5445 145.693
3131204 46.5445 145.717
3131718 46.5445 145.817
3133872 46.5445 145.834
3134225 46.5445 145.888
3135390 46.5445 145.968
3137102 46.5445 146.014
3138111 46.5445 146.249
3143146 46.5445 146.695
3152725 46.5445 146.976
3158773 46.5445 146.984
3158944 46.5445 147.127
3162014 46.5445 147.328
3166321 46.5445 147.36
3167017 46.5445 147.482
3169641 46.5445 147.567
3171475 46.5445 147.582
3171793 46.5445 147.718
3174706 46.5445 148.022
3181243 46.5445 148.046
3181766 46.5445 148.305
3187328 46.5445 148.374
3188806 46.5445 148.385
3189034 46.5445 148.441
3190236 46.5445 148.605
3193776 46.5445 148.665
3195063 46.5445 148.877
3199617 46.5445 148.921
3200546 46.5445 148.952
3201228 46.5445 149.005
3202356 46.5445 149.032
3202935 46.5445 149.371
3210216 46.5445 149.486
3212703 46.5445 149.49
3212791 46.5445 149.798
3219401 46.5445 150.187
3227762 46.5445 150.307
3230325 46.5445 150.454
3233483 46.5445 150.704
3238868 46.5445 150.782
3240539 46.5445 150.968
3244526 46.5445 151.123
3247858 46.5445 151.317
3252034 46.5445 151.589
3257884 46.5445 151.595
3258011 46.5445 151.67
3259622 46.5445 151.788
3262163 46.5445 151.837
3263209 46.5445 151.899
3264529 46.5445 151.91
3264777 46.5445 151.917
3264921 46.5445 152.153
3269993 46.5445 152.171
3270385 46.5445 152.175
3270458 46.5445 152.534
3278190 46.5445 152.998
3288154 46.5445 153.009
3288384 46.5445 153.124
3290865 46.5445 153.158
3291585 46.5445 153.254
3293649 46.5445 153.298
3294605 46.5445 153.386
3296484 46.5445 153.535
3299694 46.5445 153.771
3304755 46.5445 153.829
3306009 46.5445 153.854
3306536 46.5445 154.095
3311724 46.5445 154.13
3312481 46.5445 154.278
3315655 46.5445 155.088
3333053 46.5445 155.135
3334062 46.5445 155.363
3338954 46.5445 155.542
3342815 46.5445 155.578
3343580 46.5445 155.726
3346765 46.5445 155.836
3349117 46.5445 155.865
3349738 46.5445 156.099
3354776 46.5445 156.115
3355129 46.5445 156.127
3355385 46.5445 156.622
3366005 46.5445 156.75
3368759 46.5445 156.956
3373188 46.5445 157
3374135 46.5445 157.186
3378133 46.5445 157.33
3381227 46.5445 157.333
3381278 46.5445 157.42
3383155 46.5445 157.488
3384620 46.5445 157.565
3386273 46.5445 157.835
3392081 46.5445 158.218
3400291 46.5445 158.376
3403699 46.5445 158.572
3407903 46.5445 158.68
3410219 46.5445 159.033
3417813 46.5445 159.181
3420994 46.5445 159.253
3422533 46.5445 159.264
3422764 46.5445 159.49
3427625 46.5445 159.594
3429872 46.5445 159.599
3429964 46.5445 160.134
3441458 46.5445 160.206
3443021 46.5445 160.244
3443827 46.5445 160.511
3449560 46.5445 160.588
3451222 46.5445 160.621
3451921 46.5445 160.659
3452755 46.5445 160.852
3456885 46.5445 160.922
3458397 46.5445 160.958
3459171 46.5445 161.116
3462556 46.5445 161.202
3464422 46.5445 161.226
3464930 46.5445 161.245
3465342 46.5445 161.416
3469001 46.5445 161.498
3470761 46.5445 161.55
3471894 46.5445 161.593
3472813 46.5445 161.73
3475754 46.5445 161.851
3478348 46.5445 162.034
3482296 46.5445 162.267
3487303 46.5445 162.52
3492728 46.5445 162.578
3493969 46.5445 162.615
3494764 46.5445 162.651
3495540 46.5445 162.697
3496524 46.5445 162.783
3498379 46.5445 163.203
3507400 46.5445 163.388
3511369 46.5445 163.601
3515952 46.5445 163.612
3516185 46.5445 163.809
3520424 46.5445 164.005
3524626 46.5445 164.048
3525565 46.5445 164.142
3527575 46.5445 164.291
3530768 46.5445 164.34
3531826 46.5445 164.449
3534162 46.5445 164.734
3540286 46.5445 164.873
3543276 46.5445 164.975
3545483 46.5445 165.065
3547403 46.5445 165.158
3549414 46.5445 165.384
3554265 46.5445 165.478
3556281 46.5445 165.496
3556676 46.5445 165.622
3559371 46.5445 165.744
3561989 46.5445 165.772
3562596 46.5445 165.814
3563490 46.5445 165.829
3563820 46.5445 166.137
3570444 46.5445 166.311
3574168 46.5445 166.42
3576525 46.5445 166.426
3576657 46.5445 166.534
3578978 46.5445 166.573
3579808 46.5445 166.671
3581902 46.5445 166.999
3588967 46.5445 167
3588981 46.5445 167.135
3591890 46.5445 167.255
3594456 46.5445 167.288
3595162 46.5445 167.542
3600634 46.5445 167.626
3602434 46.5445 167.711
3604257 46.5445 167.859
3607427 46.5445 167.945
3609274 46.5445 168.428
3619670 46.5445 168.629
3623981 46.5445 168.806
3627791 46.5445 168.82
3628082 46.5445 168.882
3629405 46.5445 168.905
3629910 46.5445 169.295
3638290 46.5445 169.425
3641087 46.5445 169.448
3641583 46.5445 169.509
3642881 46.5445 169.514
3643000 46.5445 169.679
3646540 46.5445 169.864
3650513 46.5445 170.222
3658204 46.5445 170.498
3664129 46.5445 170.59
3666113 46.5445 170.643
3667239 46.5445 170.753
3669617 46.5445 170.974
3674364 46.5445 171.031
3675591 46.5445 171.073
3676488 46.5445 171.127
3677655 46.5445 171.129
3677700 46.5445 171.196
3679127 46.5445 171.217
3679578 46.5445 171.452
3684635 46.5445 171.493
3685513 46.5445 171.518
3686059 46.5445 171.62
3688230 46.5445 171.648
3688845 46.5445 171.71
3690173 46.5445 171.73
3690597 46.5445 171.876
3693732 46.5445 172.063
3697767 46.5445 172.46
3706284 46.5445 172.508
3707323 46.5445 172.595
3709196 46.5445 172.833
3714309 46.5445 172.896
3715653 46.5445 172.932
3716437 46.5445 173.05
3718954 46.5445 173.281
3723934 46.5445 173.389
3726251 46.5445 173.493
3728490 46.5445 173.555
3729803 46.5445 173.813
3735364 46.5445 173.879
3736767 46.5445 173.98
3738950 46.5445 173.984
3739023 46.5445 174.059
3740647 46.5445 174.175
3743129 46.5445 174.229
3744288 46.5445 174.36
3747102 46.5445 174.413
3748249 46.5445 174.442
3748872 46.5445 174.471
3749503 46.5445 174.675
3753871 46.5445 174.793
3756416 46.5445 175.09
3762785 46.5445 175.238
3765982 46.5445 175.276
3766796 46.5445 175.301
3767316 46.5445 175.763
3777245 46.5445 175.82
3778487 46.5445 175.825
3778586 46.5445 175.993
3782200 46.5445 176.015
3782659 46.5445 176.26
3787928 46.5445 176.281
3788386 46.5445 176.315
3789110 46.5445 176.352
3789904 46.5445 176.465
3792339 46.5445 176.579
3794781 46.5445 176.945
3802640 46.5445 176.974
3803262 46.5445 176.995
3803726 46.5445 177.057
3805046 46.5445 177.091
3805792 46.5445 177.244
3809062 46.5445 177.323
3810767 46.5445 177.493
3814425 46.5445 177.752
3819991 46.5445 177.787
3820728 46.5445 177.878
3822697 46.5445 178.127
3828034 46.5445 178.211
3829841 46.5445 178.32
3832185 46.5445 178.463
3835259 46.5445 178.567
3837504 46.5445 179.083
3848588 46.5445 179.211
3851329 46.5445 179.537
3858333 46.5445 179.576
3859174 46.5445 179.601
3859709 46.5445 179.644
3860636 46.5445 179.702
3861875 46.5445 179.881
3865723 46.5445 179.978
3867815 46.5445 180.022
3868753 46.5445 180.191
3872392 46.5445 180.855
3886648 46.5445 180.858
3886718 46.5445 180.974
3889202 46.5445 180.974
3889206 46.5445 181.21
3894285 46.5445 181.335
3896956 46.5445 181.371
3897745 46.5445 181.659
3903933 46.5445 181.75
3905871 46.5445 181.798
3906915 46.5445 181.894
3908985 46.5445 181.896
3909026 46.5445 182.041
3912126 46.5445 182.065
3912654 46.5445 182.088
3913153 46.5445 182.139
3914244 46.5445 182.251
3916646 46.5445 182.747
3927293 46.5445 182.849
3929483 46.5445 182.943
3931506 46.5445 183.108
3935065 46.5445 183.382
3940935 46.5445 183.446
3942312 46.5445 183.493
3943323 46.5445 183.559
3944744 46.5445 183.987
3953948 46.5445 183.999
3954211 46.5445 184.125
3956900 46.5445 184.232
3959203 46.5445 184.297
3960611 46.5445 185.143
3978786 46.5445 185.243
3980932 46.5445 185.478
3985981 46.5445 185.852
3994020 46.5445 186.069
3998683 46.5445 186.203
4001557 46.5445 186.444
4006733 46.5445 186.478
4007472 46.5445 186.518
4008326 46.5445 186.58
4009648 46.5445 186.718
4012611 46.5445 186.739
4013059 46.5445 186.766
4013640 46.5445 186.774
4013827 46.5445 186.928
4017139 46.5445 187.176
4022468 46.5445 187.26
4024256 46.5445 187.362
4026450 46.5445 187.455
4028459 46.5445 187.456
4028480 46.5445 187.476
4028897 46.5445 187.487
4029150 46.5445 187.798
4035824 46.5445 187.921
4038464 46.5445 188.039
4040997 46.5445 188.391
4048562 46.5445 188.436
4049526 46.5445 188.443
4049687 46.5445 188.562
4052239 46.5445 188.743
4056126 46.5445 188.759
4056467 46.5445 188.958
4060742 46.5445 189.1
4063802 46.5445 189.168
4065260 46.5445 189.234
4066668 46.5445 189.551
4073491 46.5445 189.622
4075001 46.5445 189.662
4075877 46.5445 189.684
4076337 46.5445 189.719
4077092 46.5445 189.785
4078521 46.5445 189.946
4081965 46.5445 189.966
4082397 46.5445 190.197
4087360 46.5445 190.283
4089208 46.5445 190.395
4091625 46.5445 190.415
4092047 46.5445 190.42
4092159 46.5445 190.452
4092846 46.5445 190.616
4096373 46.5445 190.679
4097709 46.5445 190.737
4098971 46.5445 190.822
4100781 46.5445 190.846
4101307 46.5445 190.857
4101533 46.5445 190.887
4102193 46.5445 191.033
4105320 46.5445 191.21
4109134 46.5445 191.238
4109721 46.5445 191.279
4110615 46.5445 191.393
4113069 46.5445 191.538
4116178 46.5445 191.556
4116557 46.5445 191.644
4118453 46.5445 192.044
4127050 46.5445 192.224
4130907 46.5445 192.404
4134776 46.5445 192.422
4135158 46.5445 192.552
4137965 46.5445 192.595
4138880 46.5445 192.6
4138982 46.5445 192.801
4143320 46.5445 192.822
4143771 46.5445 192.99
4147370 46.5445 193.198
4151845 46.5445 193.255
4153060 46.5445 193.605
4160590 46.5445 193.643
4161407 46.5445 193.739
4163467 46.5445 193.893
4166766 46.5445 193.933
4167621 46.5445 194.019
4169488 46.5445 194.134
4171941 46.5445 194.582
4181567 46.5445 194.624
4182486 46.5445 194.65
4183031 46.5445 194.952
4189523 46.5445 195.021
4191006 46.5445 195.05
4191628 46.5445 195.056
4191758 46.5445 195.164
4194068 46.5445 195.253
4195982 46.5445 195.322
4197479 46.5445 195.358
4198257 46.5445 195.685
4205262 46.5445 196.179
4215876 46.5445 196.199
4216322 46.5445 196.287
4218205 46.5445 196.748
4228115 46.5445 196.982
4233134 46.5445 197.016
4233868 46.5445 197.022
4233993 46.5445 197.06
4234823 46.5445 197.09
4235456 46.5445 197.255
4239004 46.5445 197.346
4240955 46.5445 197.515
4244590 46.5445 197.581
4246000 46.5445 197.86
4252007 46.5445 197.937
4253666 46.5445 197.97
4254356 46.5445 198.138
4257970 46.5445 198.139
4257996 46.5445 198.218
4259694 46.5445 198.392
4263441 46.5445 198.714
4270356 46.5445 198.751
4271152 46.5445 198.754
4271202 46.5445 198.793
4272047 46.5445 198.892
4274171 46.5445 198.99
4276286 46.5445 199.151
4279747 46.5445 199.708
4291712 46.5445 199.772
4293091 46.5445 199.905
4295937 46.5445 199.977
4297490 46.5445 199.981
4297565 46.5445 200.07
4299479 46.5445 200.113
4300400 46.5445 200.446
4307552 46.5445 200.667
4312313 46.5445 200.882
4316931 46.5445 200.91
4317521 46.5445 200.973
4318887 46.5445 201.048
4320505 46.5445 201.193
4323601 46.5445 201.47
4329562 46.5445 201.834
4337383 46.5445 201.84
4337509 46.5445 201.934
4339531 46.5445 202.019
4341352 46.5445 202.503
4351753 46.5445 202.59
4353616 46.5445 202.701
4356013 46.5445 202.844
4359085 46.5445 202.9
4360295 46.5445 202.914
4360577 46.5445 203.097
4364519 46.5445 203.241
4367605 46.5445 203.318
4369261 46.5445 203.444
4371973 46.5445 203.541
4374065 46.5445 203.676
4376960 46.5445 203.825
4380169 46.5445 203.862
4380954 46.5445 204.068
4385377 46.5445 204.179
4387773 46.5445 204.487
4394379 46.5445 204.744
4399903 46.5445 204.826
4401655 46.5445 205.09
4407329 46.5445 205.116
4407894 46.5445 205.22
4410122 46.5445 205.253
4410843 46.5445 205.276
4411326 46.5445 205.297
4411782 46.5445 205.474
4415584 46.5445 205.711
4420668 46.5445 205.731
4421099 46.5445 205.879
4424283 46.5445 205.96
4426018 46.5445 206.248
4432206 46.5445 206.296
4433237 46.5445 206.374
4434924 46.5445 206.594
4439646 46.5445 206.61
4440004 46.5445 206.628
4440389 46.5445 206.755
4443100 46.5445 206.788
4443822 46.5445 206.802
4444119 46.5445 206.88
4445795 46.5445 207.146
4451513 46.5445 207.358
4456062 46.5445 207.539
4459961 46.5445 207.612
4461521 46.5445 207.674
4462864 46.5445 207.726
4463970 46.5445 207.756
4464622 46.5445 208.169
4473484 46.5445 208.384
4478106 46.5445 208.495
4480503 46.5445 208.506
4480719 46.5445 208.521
4481052 46.5445 208.99
4491127 46.5445 209.007
4491485 46.5445 209.031
4492002 46.5445 209.273
4497215 46.5445 209.469
4501410 46.5445 209.616
4504587 46.5445 209.696
4506289 46.5445 209.719
4506792 46.5445 210.045
4513794 46.5445 210.268
4518586 46.5445 210.426
4521976 46.5445 210.58
4525284 46.5445 210.756
4529076 46.5445 210.784
4529671 46.5445 211.116
4536798 46.5445 211.53
4545690 46.5445 211.61
4547416 46.5445 211.862
4552840 46.5445 211.936
4554423 46.5445 212.037
4556595 46.5445 212.182
4559702 46.5445 212.242
4560993 46.5445 212.275
4561701 46.5445 212.376
4563874 46.5445 212.754
4571992 46.5445 213.033
4577990 46.5445 213.149
4580481 46.5445 213.264
4582944 46.5445 213.266
4582989 46.5445 213.39
4585655 46.5445 213.443
4586808 46.5445 213.523
4588520 46.5445 213.881
4596214 46.5445 213.959
4597876 46.5445 214.096
4600832 46.5445 214.206
4603187 46.5445 214.216
4603407 46.5445 214.997
4620195 46.5445 215.259
4625815 46.5445 215.55
4632072 46.5445 215.661
4634442 46.5445 215.727
4635881 46.5445 215.762
4636615 46.5445 215.948
4640628 46.5445 215.952
4640696 46.5445 216.01
4641949 46.5445 216.056
4642945 46.5445 216.152
4644992 46.5445 216.299
4648163 46.5445 216.859
4660187 46.5445 217.099
4665352 46.5445 217.571
4675497 46.5445 217.858
4681655 46.5445 218.067
4686148 46.5445 218.364
4692530 46.5445 218.457
4694518 46.5445 218.685
4699431 46.5445 218.722
4700215 46.5445 218.846
4702887 46.5445 219.37
4714133 46.5445 219.944
4726464 46.5445 220.006
4727795 46.5445 220.483
4738055 46.5445 221.473
4759319 46.5445 221.66
4763335 46.5445 222.029
4771264 46.5445 222.053
4771791 46.5445 222.165
4774199 46.5445 222.208
4775107 46.5445 222.254
4776100 46.5445 222.322
4777569 46.5445 222.364
4778462 46.5445 222.442
4780140 46.5445 222.734
4786412 46.5445 222.901
4790009 46.5445 223.026
4792691 46.5445 223.31
4798792 46.5445 223.389
4800490 46.5445 223.393
4800571 46.5445 223.571
4804402 46.5445 223.619
4805426 46.5445 223.912
4811733 46.5445 224.014
4813913 46.5445 224.017
4813986 46.5445 224.048
4814640 46.5445 224.105
4815866 46.5445 224.181
4817494 46.5445 224.217
4818276 46.5445 224.223
4818397 46.5445 224.252
4819021 46.5445 224.443
4823131 46.5445 224.534
4825078 46.5445 224.573
4825928 46.5445 224.693
4828505 46.5445 224.837
4831587 46.5445 224.93
4833586 46.5445 224.942
4833844 46.5445 224.954
4834110 46.5445 224.976
4834574 46.5445 224.982
4834709 46.5445 224.985
4834777 46.5445 225.081
4836831 46.5445 225.258
4840640 46.5445 225.298
4841510 46.5445 225.308
4841726 46.5445 225.375
4843157 46.5445 225.648
4849015 46.5445 225.704
4850223 46.5445 225.781
4851883 46.5445 225.919
4854845 46.5445 226.173
4860311 46.5445 226.209
4861078 46.5445 226.232
4861559 46.5445 226.236
4861665 46.5445 226.512
4867587 46.5445 226.516
4867669 46.5445 226.565
4868733 46.5445 226.677
4871138 46.5445 227.147
4881227 46.5445 227.363
4885874 46.5445 227.754
4894258 46.5445 228.166
4903125 46.5445 228.255
4905037 46.5445 228.35
4907068 46.5445 228.487
4910008 46.5445 228.95
4919960 46.5445 229.036
4921819 46.5445 229.114
4923492 46.5445 229.167
4924620 46.5445 229.184
4924997 46.5445 229.279
4927027 46.5445 229.287
4927215 46.5445 229.339
4928313 46.5445 229.382
4929247 46.5445 229.43
4930274 46.5445 230.17
4946182 46.5445 230.33
4949615 46.5445 230.474
4952704 46.5445 230.742
4958461 46.5445 230.757
4958781 46.5445 231.074
4965601 46.5445 231.302
4970503 46.5445 231.309
4970656 46.5445 231.547
4975764 46.5445 232.607
4998544 46.5445 232.641
