6211	51.5576	0.0462472
7108	51.5576	0.107085
8288	51.5576	0.287382
11785	51.5576	0.343941
12882	51.5576	0.462833
15188	51.5576	0.721188
20199	51.5576	0.926748
24186	51.5576	0.943762
24516	51.5576	0.948918
24616	51.5576	1.00357
25676	51.5576	1.27394
30920	51.5576	1.28435
31122	51.5576	1.3158
31732	51.5576	1.35236
32441	51.5576	1.40397
33442	51.5576	1.4265
33879	51.5576	1.63515
37926	51.5576	1.6863
38918	51.5576	1.69697
39125	51.5576	1.79874
41099	51.5576	2.19532
48791	51.5576	2.27173
50273	51.5576	2.86418
61764	51.5576	3.00148
64427	51.5576	3.2936
70093	51.5576	3.35429
71270	51.5576	3.36362
71451	51.5576	3.50045
74105	51.5576	3.72561
78472	51.5576	3.72643
78488	51.5576	3.77082
79349	51.5576	3.77397
79410	51.5576	4.12012
86124	51.5576	4.22721
88201	51.5576	4.34316
90450	51.5576	4.36786
90929	51.5576	4.38534
91268	51.5576	4.41029
91752	51.5576	4.5595
94646	51.5576	4.73283
98008	51.5576	4.76243
98582	51.5576	4.78883
99094	51.5576	5.17845
106651	51.5576	5.23289
107707	51.5576	5.39483
110848	51.5576	5.6354
115514	51.5576	5.69418
116654	51.5576	5.70686
116900	51.5576	5.94805
121578	51.5576	6.001
122605	51.5576	6.6796
135767	51.5576	6.9113
140261	51.5576	6.92037
140437	51.5576	7.05308
143011	51.5576	7.07438
143424	51.5576	7.16749
145230	51.5576	7.49215
151527	51.5576	7.67074
154991	51.5576	7.70941
155741	51.5576	7.8761
158974	51.5576	7.91801
159787	51.5576	8.0451
162252	51.5576	8.24406
166111	51.5576	8.25922
166405	51.5576	8.2685
166585	51.5576	8.2834
166874	51.5576	8.29696
167137	51.5576	8.45447
170192	51.5576	8.48076
170702	51.5576	8.4854
170792	51.5576	8.53985
171848	51.5576	8.87312
178312	51.5576	8.8941
178719	51.5576	8.95236
179849	51.5576	8.96664
180126	51.5576	9.25578
185734	51.5576	9.31981
186976	51.5576	9.43948
189297	51.5576	9.56203
191674	51.5576	9.62947
192982	51.5576	9.70196
194388	51.5576	9.80286
196345	51.5576	9.91608
198541	51.5576	10.2038
204122	51.5576	10.3349
206664	51.5576	10.4111
208142	51.5576	10.6225
212243	51.5576	10.6855
213464	51.5576	10.7171
214077	51.5576	10.8286
216241	51.5576	10.8399
216460	51.5576	10.9605
218799	51.5576	11.0034
219631	51.5576	11.151
222494	51.5576	11.183
223113	51.5576	11.2304
224034	51.5576	11.4226
227762	51.5576	11.4244
227797	51.5576	11.4438
228172	51.5576	11.771
234518	51.5576	12.1105
241104	51.5576	12.144
241753	51.5576	12.4938
248537	51.5576	13.1503
261271	51.5576	13.2574
263348	51.5576	13.3255
264669	51.5576	13.3763
265654	51.5576	13.5075
268200	51.5576	13.5368
268767	51.5576	13.5489
269002	51.5576	13.953
276841	51.5576	14.0838
279378	51.5576	14.7903
293081	51.5576	14.8635
294501	51.5576	15.0487
298093	51.5576	15.1974
300976	51.5576	15.2325
301657	51.5576	15.239
301784	51.5576	15.6005
308794	51.5576	15.7859
312390	51.5576	15.83
313246	51.5576	16.4239
324765	51.5576	16.4247
324781	51.5576	16.458
325426	51.5576	16.7226
330559	51.5576	16.9808
335567	51.5576	17.0621
337143	51.5576	17.0851
337590	51.5576	17.1723
339282	51.5576	17.8326
352088	51.5576	18.0335
355984	51.5576	18.0954
357186	51.5576	18.0972
357221	51.5576	18.1811
358848	51.5576	18.2122
359450	51.5576	19.1713
378054	51.5576	19.325
381034	51.5576	19.5419
385242	51.5576	19.5561
385517	51.5576	19.5885
386146	51.5576	19.7373
389031	51.5576	19.8583
391378	51.5576	19.8793
391786	51.5576	19.9698
393541	51.5576	19.9951
394032	51.5576	20.0156
394430	51.5576	20.2096
398191	51.5576	20.3098
400135	51.5576	20.3754
401407	51.5576	20.5601
404990	51.5576	20.5642
405070	51.5576	20.5997
405758	51.5576	20.8709
411018	51.5576	20.9571
412691	51.5576	21.0936
415337	51.5576	21.2414
418204	51.5576	21.2819
418989	51.5576	21.2969
419281	51.5576	21.3171
419673	51.5576	21.9454
431859	51.5576	22.2433
437637	51.5576	22.3483
439674	51.5576	22.5609
443798	51.5576	22.5676
443928	51.5576	22.6246
445033	51.5576	22.6526
445576	51.5576	22.753
447523	51.5576	22.8235
448890	51.5576	23.005
452410	51.5576	23.005
452411	51.5576	23.2538
457236	51.5576	23.695
465794	51.5576	23.703
465950	51.5576	23.763
467113	51.5576	23.8506
468811	51.5576	23.8558
468913	51.5576	23.9605
470944	51.5576	23.9828
471376	51.5576	24.2005
475598	51.5576	24.7967
487163	51.5576	25.0214
491520	51.5576	25.1823
494641	51.5576	25.2464
495884	51.5576	25.285
496634	51.5576	25.4454
499745	51.5576	25.5517
501807	51.5576	25.7335
505332	51.5576	25.9469
509472	51.5576	25.9583
509693	51.5576	26.0994
512429	51.5576	26.4392
519019	51.5576	26.4924
520052	51.5576	26.513
520452	51.5576	26.5854
521856	51.5576	26.8765
527501	51.5576	26.8886
527736	51.5576	26.9926
529753	51.5576	27.185
533486	51.5576	27.2055
533882	51.5576	27.2444
534637	51.5576	27.7878
545176	51.5576	27.8068
545545	51.5576	28.1847
552876	51.5576	28.3605
556285	51.5576	28.3966
556986	51.5576	28.4022
557094	51.5576	28.4954
558902	51.5576	28.6512
561923	51.5576	28.7371
563589	51.5576	28.953
567777	51.5576	29.0352
569371	51.5576	29.0414
569492	51.5576	29.0585
569823	51.5576	29.2798
574115	51.5576	29.3026
574558	51.5576	29.4104
576648	51.5576	29.4572
577556	51.5576	29.5057
578496	51.5576	29.5859
580053	51.5576	29.6634
581555	51.5576	30.1604
591195	51.5576	30.683
601331	51.5576	30.7475
602583	51.5576	30.7564
602756	51.5576	30.8295
604173	51.5576	30.8929
605403	51.5576	30.915
605832	51.5576	31.3215
613715	51.5576	31.7422
621875	51.5576	31.7627
622273	51.5576	31.7869
622742	51.5576	32.1788
630343	51.5576	32.5083
636734	51.5576	32.6244
638986	51.5576	32.6626
639728	51.5576	32.6969
640392	51.5576	32.7096
640640	51.5576	32.9366
645042	51.5576	32.9681
645652	51.5576	33.22
650539	51.5576	33.2931
651957	51.5576	33.9529
664754	51.5576	34.0975
667559	51.5576	34.4328
674062	51.5576	34.5864
677042	51.5576	35.0131
685317	51.5576	35.0479
685992	51.5576	35.0655
686333	51.5576	35.0662
686348	51.5576	35.2125
689184	51.5576	35.26
690106	51.5576	35.4336
693474	51.5576	35.6038
696774	51.5576	35.6085
696866	51.5576	35.635
697379	51.5576	35.7451
699515	51.5576	36.0695
705806	51.5576	36.1848
708043	51.5576	36.371
711654	51.5576	36.4819
713805	51.5576	36.7087
718204	51.5576	36.755
719102	51.5576	36.7585
719171	51.5576	36.8308
720573	51.5576	36.8459
720866	51.5576	37.3404
730457	51.5576	37.3535
730711	51.5576	37.5379
734288	51.5576	37.8071
739509	51.5576	38.4724
752413	51.5576	38.6101
755083	51.5576	38.674
756323	51.5576	38.7064
756951	51.5576	38.7805
758389	51.5576	38.7868
758512	51.5576	38.8069
758901	51.5576	38.9122
760944	51.5576	39.0372
763368	51.5576	39.5372
773066	51.5576	39.7134
776483	51.5576	40.1408
784773	51.5576	40.3578
788981	51.5576	40.3655
789132	51.5576	40.3816
789444	51.5576	40.448
790732	51.5576	41.0375
802166	51.5576	41.1263
803887	51.5576	41.245
806190	51.5576	41.5866
812816	51.5576	41.8103
817155	51.5576	41.8649
818213	51.5576	42.0428
821664	51.5576	42.0454
821714	51.5576	42.3304
827242	51.5576	42.4179
828939	51.5576	42.9044
838376	51.5576	43.1108
842379	51.5576	43.1432
843006	51.5576	43.2605
845282	51.5576	43.4994
849916	51.5576	43.5018
849962	51.5576	43.7348
854482	51.5576	44.0147
859911	51.5576	44.1461
862458	51.5576	44.4246
867860	51.5576	44.677
872757	51.5576	44.719
873570	51.5576	44.76
874366	51.5576	44.844
875995	51.5576	45.0767
880508	51.5576	45.1162
881274	51.5576	45.1806
882523	51.5576	45.2367
883612	51.5576	45.3781
886355	51.5576	45.4306
887372	51.5576	45.5716
890108	51.5576	45.8653
895805	51.5576	46.0886
900135	51.5576	46.1891
902085	51.5576	46.2033
902360	51.5576	46.719
912363	51.5576	46.9483
916810	51.5576	47.2915
923466	51.5576	47.3994
925559	51.5576	47.4548
926634	51.5576	47.5641
928753	51.5576	47.591
929276	51.5576	47.7284
931940	51.5576	47.8161
933642	51.5576	48.2847
942730	51.5576	48.2872
942778	51.5576	48.5613
948096	51.5576	48.6492
949800	51.5576	48.6954
950697	51.5576	49.1368
959257	51.5576	49.2904
962236	51.5576	49.3201
962813	51.5576	49.337
963140	51.5576	49.7965
972052	51.5576	49.9873
975754	51.5576	49.9891
975789	51.5576	50.091
977765	51.5576	50.1846
979580	51.5576	50.2251
980365	51.5576	50.4395
984524	51.5576	50.4657
985032	51.5576	51.1043
997419	51.5576	51.1385
998081	51.5576	51.2832
1000888	51.5576	51.5508
1006078	51.5576	51.5982
1006999	51.5576	51.6587
1008172	51.5576	51.7457
1009859	51.5576	51.8267
1011431	51.5576	51.8983
1012819	51.5576	51.9812
1014426	51.5576	51.9958
1014709	51.5576	52.1426
1017557	51.5576	52.4199
1022936	51.5576	52.4228
1022991	51.5576	52.6222
1026859	51.5576	52.8587
1031446	51.5576	52.859
1031453	51.5576	52.9229
1032691	51.5576	53.2796
1039610	51.5576	53.2991
1039989	51.5576	53.466
1043226	51.5576	53.6842
1047458	51.5576	54.0181
1053933	51.5576	54.3293
1059970	51.5576	54.3696
1060751	51.5576	54.7035
1067227	51.5576	54.7237
1067619	51.5576	54.7561
1068248	51.5576	54.7988
1069077	51.5576	54.8392
1069860	51.5576	54.9139
1071309	51.5576	55.4691
1082077	51.5576	56.0425
1093199	51.5576	56.0497
1093338	51.5576	56.1491
1095267	51.5576	56.2334
1096901	51.5576	56.3081
1098351	51.5576	56.3467
1099098	51.5576	56.4599
1101294	51.5576	56.5158
1102379	51.5576	56.7804
1107511	51.5576	56.8269
1108413	51.5576	56.9329
1110468	51.5576	57.1075
1113855	51.5576	57.21
1115844	51.5576	57.4093
1119709	51.5576	57.5062
1121588	51.5576	57.5277
1122005	51.5576	57.984
1130856	51.5576	57.9871
1130915	51.5576	58.3844
1138621	51.5576	58.607
1142940	51.5576	58.6467
1143710	51.5576	58.6693
1144147	51.5576	58.7041
1144823	51.5576	58.748
1145674	51.5576	58.7517
1145745	51.5576	59.0752
1152020	51.5576	59.1082
1152660	51.5576	59.4689
1159656	51.5576	59.4907
1160079	51.5576	59.5634
1161489	51.5576	59.7415
1164943	51.5576	59.8204
1166475	51.5576	60.1219
1172321	51.5576	60.1941
1173723	51.5576	60.3614
1176968	51.5576	60.4015
1177744	51.5576	60.5957
1181512	51.5576	60.7685
1184864	51.5576	60.8942
1187301	51.5576	60.929
1187977	51.5576	60.9982
1189319	51.5576	61.1451
1192167	51.5576	61.4663
1198397	51.5576	61.4736
1198540	51.5576	61.5595
1200205	51.5576	61.7471
1203844	51.5576	61.7751
1204386	51.5576	61.8215
1205286	51.5576	61.9771
1208305	51.5576	62.24
1213404	51.5576	62.2701
1213988	51.5576	62.5928
1220246	51.5576	62.7546
1223386	51.5576	62.8013
1224290	51.5576	63.0706
1229515	51.5576	63.14
1230860	51.5576	63.3004
1233972	51.5576	63.377
1235457	51.5576	63.5281
1238388	51.5576	63.745
1242595	51.5576	64.0197
1247922	51.5576	64.0969
1249421	51.5576	64.163
1250703	51.5576	64.3802
1254914	51.5576	64.5867
1258921	51.5576	64.7705
1262485	51.5576	64.8915
1264831	51.5576	65.1934
1270687	51.5576	65.3685
1274084	51.5576	65.3911
1274523	51.5576	66.0083
1286493	51.5576	66.1579
1289395	51.5576	66.3717
1293541	51.5576	66.4796
1295635	51.5576	66.94
1304565	51.5576	67.1454
1308549	51.5576	67.2726
1311016	51.5576	67.2774
1311108	51.5576	67.5166
1315747	51.5576	67.5934
1317238	51.5576	67.5958
1317283	51.5576	67.6058
1317478	51.5576	67.7609
1320486	51.5576	67.8666
1322536	51.5576	67.8864
1322920	51.5576	67.9063
1323306	51.5576	68.3633
1332171	51.5576	68.3764
1332425	51.5576	68.6341
1337422	51.5576	68.6406
1337549	51.5576	68.8658
1341916	51.5576	68.8689
1341977	51.5576	68.9246
1343057	51.5576	69.2336
1349050	51.5576	69.2455
1349281	51.5576	69.3973
1352225	51.5576	69.416
1352589	51.5576	69.544
1355070	51.5576	69.6721
1357556	51.5576	69.9634
1363205	51.5576	70.0194
1364292	51.5576	70.1384
1366599	51.5576	70.3237
1370194	51.5576	70.5058
1373726	51.5576	70.5425
1374438	51.5576	70.5509
1374600	51.5576	70.6098
1375742	51.5576	70.8469
1380342	51.5576	70.8785
1380955	51.5576	71.4719
1392464	51.5576	71.9242
1401237	51.5576	71.9741
1402205	51.5576	71.9853
1402422	51.5576	72.1403
1405428	51.5576	72.3912
1410295	51.5576	72.4693
1411810	51.5576	72.5228
1412847	51.5576	72.5695
1413752	51.5576	72.7142
1416560	51.5576	72.75
1417254	51.5576	72.9621
1421368	51.5576	72.9684
1421489	51.5576	73.1927
1425840	51.5576	73.402
1429900	51.5576	74.6363
1453839	51.5576	75.0117
1461121	51.5576	75.019
1461262	51.5576	75.2432
1465612	51.5576	75.4479
1469582	51.5576	75.5456
1471477	51.5576	75.5876
1472292	51.5576	75.698
1474432	51.5576	76.1842
1483862	51.5576	76.2516
1485170	51.5576	76.257
1485274	51.5576	76.3876
1487808	51.5576	76.4781
1489563	51.5576	76.4979
1489948	51.5576	77.0465
1500587	51.5576	77.4163
1507761	51.5576	77.8358
1515897	51.5576	78.1874
1522717	51.5576	78.467
1528139	51.5576	78.704
1532736	51.5576	79.0356
1539168	51.5576	79.1533
1541451	51.5576	79.2115
1542580	51.5576	79.6939
1551936	51.5576	79.6989
1552032	51.5576	79.8541
1555043	51.5576	80.1248
1560293	51.5576	80.1605
1560986	51.5576	80.1653
1561079	51.5576	80.1733
1561234	51.5576	80.9251
1575816	51.5576	81.0917
1579047	51.5576	81.1959
1581069	51.5576	81.5153
1587263	51.5576	81.6145
1589187	51.5576	82.1592
1599752	51.5576	82.661
1609486	51.5576	82.7486
1611185	51.5576	82.9464
1615021	51.5576	83.1511
1618991	51.5576	83.6189
1628064	51.5576	83.841
1632372	51.5576	84.067
1636755	51.5576	84.1388
1638148	51.5576	84.1665
1638686	51.5576	84.2506
1640317	51.5576	84.3209
1641680	51.5576	84.4059
1643328	51.5576	84.4473
1644132	51.5576	84.8202
1651365	51.5576	84.8317
1651587	51.5576	84.9505
1653891	51.5576	85.2737
1660161	51.5576	85.3375
1661398	51.5576	85.6289
1667050	51.5576	85.6662
1667774	51.5576	86.2362
1678829	51.5576	86.2534
1679163	51.5576	86.3127
1680313	51.5576	86.7477
1688749	51.5576	86.8247
1690243	51.5576	87.3116
1699687	51.5576	87.4933
1703211	51.5576	87.6326
1705914	51.5576	87.77
1708578	51.5576	87.9109
1711312	51.5576	88.1056
1715087	51.5576	88.685
1726326	51.5576	88.8657
1729831	51.5576	89.1416
1735182	51.5576	89.2924
1738107	51.5576	89.3803
1739812	51.5576	89.3875
1739950	51.5576	90.4527
1760611	51.5576	91.0025
1771275	51.5576	91.0285
1771779	51.5576	91.1657
1774441	51.5576	91.1937
1774983	51.5576	91.2748
1776556	51.5576	91.3874
1778741	51.5576	91.4526
1780005	51.5576	91.4807
1780551	51.5576	91.5162
1781238	51.5576	91.525
1781409	51.5576	91.5298
1781502	51.5576	91.6342
1783528	51.5576	91.646
1783756	51.5576	91.6652
1784128	51.5576	92.024
1791087	51.5576	92.0833
1792238	51.5576	92.2435
1795345	51.5576	92.7512
1805192	51.5576	92.7527
1805221	51.5576	92.8883
1807851	51.5576	92.9485
1809019	51.5576	92.9931
1809884	51.5576	93.4198
1818161	51.5576	93.8455
1826417	51.5576	93.9636
1828708	51.5576	94.0633
1830642	51.5576	94.08
1830965	51.5576	94.1116
1831579	51.5576	94.2587
1834431	51.5576	94.5995
1841041	51.5576	94.7837
1844615	51.5576	94.9115
1847094	51.5576	94.991
1848636	51.5576	95.1655
1852020	51.5576	95.2168
1853015	51.5576	95.2256
1853186	51.5576	95.4994
1858496	51.5576	95.9109
1866478	51.5576	95.9473
1867184	51.5576	96.1812
1871719	51.5576	96.1876
1871845	51.5576	96.3809
1875593	51.5576	96.8001
1883724	51.5576	96.9278
1886201	51.5576	97.2307
1892076	51.5576	97.3195
1893799	51.5576	97.3748
1894870	51.5576	97.5488
1898246	51.5576	97.5751
1898755	51.5576	97.8065
1903243	51.5576	97.8569
1904221	51.5576	97.9243
1905529	51.5576	98.2575
1911992	51.5576	98.8393
1923276	51.5576	98.8751
1923971	51.5576	99.044
1927246	51.5576	99.1425
1929157	51.5576	99.4115
1934375	51.5576	99.4174
1934489	51.5576	99.4384
1934895	51.5576	100.131
1948321	51.5576	100.249
1950617	51.5576	100.333
1952238	51.5576	100.577
1956971	51.5576	100.797
1961241	51.5576	100.843
1962131	51.5576	100.933
1963885	51.5576	101.212
1969294	51.5576	101.339
1971759	51.5576	101.76
1979934	51.5576	101.868
1982013	51.5576	101.946
1983541	51.5576	101.975
1984089	51.5576	102.072
1985983	51.5576	102.317
1990728	51.5576	102.381
1991979	51.5576	102.515
1994562	51.5576	102.629
1996787	51.5576	102.698
1998117	51.5576	102.958
2003167	51.5576	103.19
2007659	51.5576	103.378
2011307	51.5576	103.448
2012656	51.5576	103.476
2013199	51.5576	103.491
2013507	51.5576	103.522
2014096	51.5576	103.58
2015220	51.5576	103.951
2022427	51.5576	104.029
2023942	51.5576	104.065
2024633	51.5576	104.592
2034852	51.5576	104.681
2036580	51.5576	104.751
2037940	51.5576	104.787
2038635	51.5576	105.064
2044017	51.5576	105.157
2045818	51.5576	105.306
2048701	51.5576	105.535
2053137	51.5576	105.677
2055899	51.5576	105.819
2058645	51.5576	106.142
2064919	51.5576	107.003
2081614	51.5576	107.011
2081772	51.5576	107.056
2082649	51.5576	107.249
2086389	51.5576	107.262
2086641	51.5576	107.368
2088689	51.5576	107.602
2093237	51.5576	108.245
2105707	51.5576	108.579
2112183	51.5576	108.587
2112347	51.5576	108.863
2117702	51.5576	109.189
2124020	51.5576	109.203
2124291	51.5576	109.611
2132199	51.5576	109.643
2132830	51.5576	109.685
2133638	51.5576	109.725
2134404	51.5576	110.036
2140442	51.5576	110.536
2150142	51.5576	110.674
2152828	51.5576	110.915
2157494	51.5576	110.965
2158457	51.5576	110.982
2158794	51.5576	111.21
2163213	51.5576	111.215
2163318	51.5576	111.242
2163843	51.5576	111.716
2173030	51.5576	111.747
2173627	51.5576	112.321
2184764	51.5576	113.012
2198165	51.5576	113.183
2201475	51.5576	113.361
2204929	51.5576	113.458
2206822	51.5576	113.773
2212933	51.5576	114.196
2221130	51.5576	114.312
2223376	51.5576	114.381
2224725	51.5576	114.627
2229484	51.5576	114.662
2230167	51.5576	115
2236732	51.5576	115.003
2236778	51.5576	115.013
2236985	51.5576	115.2
2240599	51.5576	115.398
2244451	51.5576	115.447
2245400	51.5576	115.477
2245985	51.5576	115.553
2247451	51.5576	115.62
2248742	51.5576	115.669
2249708	51.5576	115.795
2252142	51.5576	115.868
2253557	51.5576	115.875
2253689	51.5576	115.941
2254967	51.5576	117.015
2275804	51.5576	117.201
2279411	51.5576	117.28
2280952	51.5576	117.32
2281728	51.5576	117.513
2285461	51.5576	117.637
2287870	51.5576	117.644
2288003	51.5576	117.886
2292699	51.5576	118.156
2297932	51.5576	118.187
2298542	51.5576	118.438
2303412	51.5576	118.832
2311056	51.5576	119.593
2325818	51.5576	119.619
2326306	51.5576	120.11
2335828	51.5576	120.238
2338316	51.5576	120.354
2340578	51.5576	120.415
2341745	51.5576	120.617
2345670	51.5576	120.988
2352876	51.5576	121.226
2357490	51.5576	121.275
2358424	51.5576	121.415
2361158	51.5576	121.48
2362413	51.5576	121.551
2363793	51.5576	121.616
2365041	51.5576	121.641
2365526	51.5576	121.721
2367083	51.5576	121.815
2368917	51.5576	122.072
2373892	51.5576	122.121
2374852	51.5576	122.261
2377552	51.5576	122.513
2382449	51.5576	122.626
2384639	51.5576	122.765
2387326	51.5576	122.871
2389397	51.5576	122.99
2391689	51.5576	122.993
2391747	51.5576	123.564
2402828	51.5576	123.572
2402991	51.5576	123.762
2406678	51.5576	123.848
2408347	51.5576	124.149
2414171	51.5576	124.382
2418692	51.5576	124.407
2419184	51.5576	124.532
2421601	51.5576	124.914
2429014	51.5576	124.935
2429431	51.5576	125.269
2435905	51.5576	125.33
2437093	51.5576	125.537
2441092	51.5576	125.638
2443063	51.5576	125.657
2443426	51.5576	125.795
2446104	51.5576	125.928
2448679	51.5576	125.96
2449303	51.5576	126.063
2451301	51.5576	126.094
2451896	51.5576	126.134
2452683	51.5576	126.679
2463246	51.5576	126.69
2463455	51.5576	126.724
2464115	51.5576	126.767
2464954	51.5576	126.768
2464982	51.5576	126.828
2466137	51.5576	126.986
2469202	51.5576	127.299
2475279	51.5576	127.381
2476873	51.5576	127.402
2477264	51.5576	127.423
2477681	51.5576	127.865
2486250	51.5576	128.012
2489103	51.5576	128.07
2490222	51.5576	128.383
2496299	51.5576	128.673
2501928	51.5576	128.766
2503727	51.5576	129.241
2512937	51.5576	129.703
2521904	51.5576	129.873
2525206	51.5576	129.969
2527065	51.5576	130.036
2528363	51.5576	130.308
2533628	51.5576	130.573
2538778	51.5576	130.725
2541723	51.5576	130.899
2545106	51.5576	130.971
2546504	51.5576	131.507
2556896	51.5576	131.649
2559653	51.5576	132.341
2573060	51.5576	132.603
2578145	51.5576	132.752
2581037	51.5576	132.957
2585007	51.5576	133.023
2586291	51.5576	133.443
2594432	51.5576	133.467
2594901	51.5576	133.586
2597224	51.5576	133.65
2598459	51.5576	133.88
2602923	51.5576	134.071
2606631	51.5576	134.087
2606928	51.5576	134.553
2615973	51.5576	134.769
2620165	51.5576	134.874
2622206	51.5576	134.902
2622731	51.5576	135.166
2627863	51.5576	135.358
2631581	51.5576	135.381
2632021	51.5576	135.401
2632411	51.5576	135.509
2634511	51.5576	135.648
2637217	51.5576	135.729
2638771	51.5576	135.874
2641602	51.5576	136.194
2647796	51.5576	136.225
2648409	51.5576	136.44
2652563	51.5576	136.528
2654284	51.5576	136.695
2657510	51.5576	136.74
2658380	51.5576	136.984
2663131	51.5576	136.986
2663154	51.5576	137.008
2663580	51.5576	137.18
2666916	51.5576	137.216
2667626	51.5576	137.27
2668663	51.5576	137.307
2669383	51.5576	137.558
2674262	51.5576	137.608
2675232	51.5576	137.68
2676623	51.5576	137.796
2678872	51.5576	138.228
2687243	51.5576	138.574
2693954	51.5576	139.023
2702672	51.5576	139.044
2703078	51.5576	139.141
2704962	51.5576	139.209
2706268	51.5576	139.24
2706888	51.5576	139.258
2707229	51.5576	139.312
2708283	51.5576	139.321
2708459	51.5576	139.728
2716341	51.5576	139.868
2719059	51.5576	139.956
2720766	51.5576	140.318
2727790	51.5576	140.425
2729866	51.5576	140.488
2731092	51.5576	140.812
2737378	51.5576	141.14
2743731	51.5576	141.477
2750272	51.5576	141.551
2751706	51.5576	141.578
2752231	51.5576	141.715
2754891	51.5576	141.736
2755286	51.5576	142.212
2764515	51.5576	142.497
2770056	51.5576	142.976
2779339	51.5576	143.11
2781946	51.5576	143.144
2782607	51.5576	143.192
2783539	51.5576	143.26
2784842	51.5576	143.265
2784951	51.5576	143.265
2784955	51.5576	144.368
2806348	51.5576	144.737
2813503	51.5576	144.901
2816674	51.5576	145.106
2820656	51.5576	145.112
2820770	51.5576	145.134
2821194	51.5576	145.28
2824027	51.5576	145.812
2834346	51.5576	145.853
2835150	51.5576	145.926
2836557	51.5576	146.071
2839365	51.5576	146.318
2844168	51.5576	146.352
2844819	51.5576	146.39
2845555	51.5576	147.421
2865554	51.5576	147.64
2869794	51.5576	147.7
2870959	51.5576	147.737
2871687	51.5576	147.753
2871999	51.5576	147.845
2873785	51.5576	147.855
2873980	51.5576	147.902
2874886	51.5576	148.009
2876968	51.5576	148.132
2879354	51.5576	148.644
2889274	51.5576	149.604
2907901	51.5576	149.616
2908125	51.5576	149.972
2915042	51.5576	150.011
2915798	51.5576	150.066
2916858	51.5576	150.117
2917855	51.5576	150.234
2920111	51.5576	150.325
2921887	51.5576	150.362
2922598	51.5576	150.42
2923731	51.5576	150.547
2926184	51.5576	150.558
2926405	51.5576	150.729
2929726	51.5576	150.838
2931831	51.5576	150.852
2932103	51.5576	150.905
2933131	51.5576	150.967
2934333	51.5576	151.232
2939476	51.5576	151.974
2953866	51.5576	151.995
2954276	51.5576	152.168
2957625	51.5576	152.479
2963667	51.5576	152.993
2973637	51.5576	153.037
2974476	51.5576	153.045
2974633	51.5576	153.118
2976047	51.5576	153.996
2993091	51.5576	154.187
2996790	51.5576	154.515
3003151	51.5576	154.645
3005673	51.5576	154.876
3010157	51.5576	155.08
3014117	51.5576	155.088
3014259	51.5576	155.148
3015422	51.5576	155.237
3017153	51.5576	155.24
3017204	51.5576	155.383
3019977	51.5576	155.594
3024081	51.5576	155.862
3029284	51.5576	155.921
3030421	51.5576	156.256
3036913	51.5576	156.325
3038252	51.5576	156.818
3047824	51.5576	156.928
3049954	51.5576	156.959
3050554	51.5576	157.124
3053760	51.5576	157.383
3058768	51.5576	157.85
3067828	51.5576	157.851
3067849	51.5576	158.669
3083721	51.5576	158.682
3083964	51.5576	159.08
3091683	51.5576	159.344
3096803	51.5576	159.381
3097538	51.5576	159.431
3098492	51.5576	159.678
3103283	51.5576	159.679
3103317	51.5576	159.764
3104955	51.5576	159.786
3105386	51.5576	159.792
3105507	51.5576	159.836
3106353	51.5576	159.896
3107511	51.5576	160.104
3111544	51.5576	160.45
3118254	51.5576	160.545
3120099	51.5576	160.676
3122641	51.5576	160.733
3123753	51.5576	161.307
3134895	51.5576	161.394
3136564	51.5576	161.562
3139822	51.5576	161.592
3140408	51.5576	161.834
3145099	51.5576	161.882
3146032	51.5576	161.985
3148031	51.5576	162.314
3154425	51.5576	162.841
3164640	51.5576	163.22
3171991	51.5576	163.388
3175249	51.5576	163.473
3176889	51.5576	163.5
3177413	51.5576	163.824
3183708	51.5576	163.914
3185441	51.5576	163.914
3185444	51.5576	164.01
3187304	51.5576	164.147
3189964	51.5576	164.43
3195462	51.5576	164.465
3196142	51.5576	164.53
3197394	51.5576	164.879
3204175	51.5576	165.303
3212394	51.5576	165.68
3219701	51.5576	165.76
3221262	51.5576	166.39
3233480	51.5576	166.407
3233806	51.5576	166.645
3238412	51.5576	167.033
3245947	51.5576	167.167
3248544	51.5576	167.2
3249183	51.5576	167.602
3256990	51.5576	167.611
3257160	51.5576	167.693
3258747	51.5576	167.777
3260383	51.5576	167.936
3263455	51.5576	167.992
3264548	51.5576	168.103
3266693	51.5576	168.127
3267173	51.5576	168.166
3267916	51.5576	168.471
3273834	51.5576	168.536
3275095	51.5576	168.59
3276147	51.5576	168.609
3276517	51.5576	168.693
3278145	51.5576	168.804
3280300	51.5576	168.822
3280639	51.5576	169.735
3298353	51.5576	169.918
3301900	51.5576	169.973
3302971	51.5576	169.993
3303355	51.5576	170.279
3308896	51.5576	170.84
3319793	51.5576	170.929
3321508	51.5576	170.944
3321801	51.5576	170.972
3322344	51.5576	171.598
3334495	51.5576	171.705
3336558	51.5576	171.73
3337051	51.5576	171.978
3341866	51.5576	172.064
3343519	51.5576	172.208
3346328	51.5576	172.302
3348145	51.5576	172.564
3353223	51.5576	172.597
3353854	51.5576	172.608
3354075	51.5576	173.146
3364520	51.5576	173.208
3365712	51.5576	173.903
3379192	51.5576	174.046
3381963	51.5576	174.224
3385417	51.5576	174.702
3394685	51.5576	174.797
3396530	51.5576	175.23
3404933	51.5576	175.553
3411204	51.5576	175.7
3414052	51.5576	176.115
3422091	51.5576	176.301
3425697	51.5576	176.304
3425764	51.5576	176.42
3428015	51.5576	176.942
3438138	51.5576	177.211
3443348	51.5576	177.401
3447038	51.5576	177.524
3449422	51.5576	177.891
3456547	51.5576	177.895
3456631	51.5576	178.324
3464950	51.5576	178.34
3465260	51.5576	178.517
3468679	51.5576	178.519
3468720	51.5576	178.652
3471306	51.5576	178.795
3474079	51.5576	179.6
3489695	51.5576	179.826
3494083	51.5576	179.922
3495933	51.5576	180.075
3498899	51.5576	180.21
3501532	51.5576	180.215
3501615	51.5576	180.286
3502991	51.5576	180.359
3504417	51.5576	180.506
3507262	51.5576	181.056
3517937	51.5576	181.447
3525509	51.5576	181.581
3528118	51.5576	181.716
3530726	51.5576	181.896
3534230	51.5576	181.976
3535784	51.5576	182.233
3540770	51.5576	182.283
3541726	51.5576	182.517
3546261	51.5576	182.636
3548579	51.5576	182.805
3551847	51.5576	182.861
3552939	51.5576	182.932
3554328	51.5576	182.969
3555046	51.5576	183.093
3557432	51.5576	183.119
3557948	51.5576	183.267
3560821	51.5576	183.801
3571168	51.5576	184.275
3580371	51.5576	184.433
3583440	51.5576	184.468
3584118	51.5576	185.097
3596306	51.5576	185.496
3604058	51.5576	185.598
3606037	51.5576	185.614
3606348	51.5576	185.829
3610500	51.5576	185.858
3611064	51.5576	186.074
3615254	51.5576	186.124
3616237	51.5576	186.362
3620845	51.5576	186.479
3623110	51.5576	187.02
3633613	51.5576	187.136
3635868	51.5576	187.211
3637308	51.5576	187.289
3638836	51.5576	187.403
3641047	51.5576	187.549
3643872	51.5576	187.599
3644842	51.5576	187.616
3645178	51.5576	187.788
3648498	51.5576	188.045
3653480	51.5576	188.049
3653558	51.5576	188.181
3656118	51.5576	188.363
3659655	51.5576	188.443
3661209	51.5576	188.476
3661852	51.5576	188.598
3664217	51.5576	188.642
3665067	51.5576	188.656
3665336	51.5576	188.801
3668152	51.5576	188.808
3668280	51.5576	189.107
3674095	51.5576	189.559
3682857	51.5576	189.695
3685495	51.5576	189.714
3685858	51.5576	189.814
3687808	51.5576	189.882
3689116	51.5576	189.943
3690302	51.5576	190.313
3697474	51.5576	190.405
3699254	51.5576	190.461
3700342	51.5576	190.549
3702059	51.5576	190.651
3704027	51.5576	190.661
3704220	51.5576	190.718
3705341	51.5576	190.745
3705866	51.5576	190.783
3706592	51.5576	190.85
3707891	51.5576	191.48
3720122	51.5576	191.543
3721338	51.5576	191.55
3721469	51.5576	191.664
3723682	51.5576	191.774
3725810	51.5576	192.049
3731152	51.5576	192.403
3738007	51.5576	192.773
3745187	51.5576	192.831
3746318	51.5576	192.876
3747198	51.5576	192.879
3747245	51.5576	193.077
3751095	51.5576	193.194
3753357	51.5576	193.544
3760140	51.5576	193.629
3761799	51.5576	193.693
3763036	51.5576	193.726
3763679	51.5576	193.896
3766975	51.5576	193.944
3767898	51.5576	194.083
3770602	51.5576	194.214
3773135	51.5576	194.395
3776656	51.5576	194.404
3776822	51.5576	194.583
3780297	51.5576	194.674
3782061	51.5576	194.693
3782425	51.5576	194.747
3783484	51.5576	195.277
3793755	51.5576	195.353
3795234	51.5576	195.379
3795730	51.5576	195.44
3796926	51.5576	195.451
3797125	51.5576	195.498
3798045	51.5576	195.584
3799720	51.5576	195.827
3804426	51.5576	196.017
3808110	51.5576	196.189
3811442	51.5576	196.289
3813396	51.5576	196.346
3814492	51.5576	196.457
3816647	51.5576	196.495
3817376	51.5576	196.536
3818186	51.5576	196.538
3818218	51.5576	196.561
3818659	51.5576	196.715
3821645	51.5576	196.735
3822034	51.5576	197.197
3831001	51.5576	197.293
3832859	51.5576	197.334
3833648	51.5576	197.342
3833805	51.5576	197.365
3834263	51.5576	197.551
3837862	51.5576	197.769
3842086	51.5576	198.081
3848151	51.5576	198.27
3851805	51.5576	198.388
3854093	51.5576	198.564
3857509	51.5576	198.568
3857588	51.5576	198.595
3858121	51.5576	198.616
3858525	51.5576	198.868
3863411	51.5576	198.988
3865739	51.5576	199.073
3867386	51.5576	199.109
3868087	51.5576	199.294
3871673	51.5576	199.361
3872965	51.5576	199.508
3875818	51.5576	199.512
3875898	51.5576	199.626
3878119	51.5576	199.652
3878620	51.5576	199.817
3881809	51.5576	199.874
3882921	51.5576	199.967
3884735	51.5576	200.264
3890482	51.5576	200.336
3891889	51.5576	200.515
3895351	51.5576	200.542
3895887	51.5576	200.555
3896123	51.5576	200.965
3904089	51.5576	201.344
3911429	51.5576	201.472
3913908	51.5576	201.486
3914183	51.5576	201.538
3915192	51.5576	201.566
3915740	51.5576	201.681
3917972	51.5576	201.709
3918513	51.5576	201.814
3920548	51.5576	201.969
3923564	51.5576	202.029
3924724	51.5576	202.273
3929462	51.5576	202.31
3930170	51.5576	202.384
3931601	51.5576	202.484
3933552	51.5576	202.627
3936325	51.5576	202.843
3940502	51.5576	202.939
3942376	51.5576	203.111
3945710	51.5576	203.302
3949410	51.5576	203.496
3953183	51.5576	203.658
3956319	51.5576	204.286
3968488	51.5576	204.91
3980606	51.5576	204.921
3980821	51.5576	204.959
3981556	51.5576	205.449
3991049	51.5576	205.612
3994223	51.5576	205.728
3996456	51.5576	205.738
3996650	51.5576	206.145
4004552	51.5576	206.177
4005170	51.5576	206.285
4007274	51.5576	206.337
4008270	51.5576	206.479
4011034	51.5576	206.588
4013145	51.5576	206.66
4014550	51.5576	206.998
4021095	51.5576	207.235
4025700	51.5576	207.263
4026241	51.5576	207.382
4028552	51.5576	207.604
4032856	51.5576	207.715
4035007	51.5576	207.825
4037135	51.5576	208.057
4041630	51.5576	208.195
4044311	51.5576	208.3
4046348	51.5576	208.651
4053152	51.5576	208.742
4054918	51.5576	208.934
4058646	51.5576	209.078
4061450	51.5576	209.221
4064223	51.5576	209.24
4064581	51.5576	209.301
4065762	51.5576	209.503
4069688	51.5576	209.568
4070944	51.5576	209.818
4075792	51.5576	210.203
4083269	51.5576	210.266
4084490	51.5576	210.312
4085374	51.5576	210.355
4086203	51.5576	210.458
4088212	51.5576	210.492
4088871	51.5576	210.549
4089973	51.5576	210.551
4090013	51.5576	210.589
4090746	51.5576	210.764
4094140	51.5576	210.869
4096187	51.5576	211.025
4099198	51.5576	211.163
4101880	51.5576	211.173
4102078	51.5576	211.468
4107805	51.5576	211.693
4112154	51.5576	211.787
4113989	51.5576	212.078
4119619	51.5576	212.346
4124835	51.5576	212.438
4126608	51.5576	212.453
4126906	51.5576	212.459
4127025	51.5576	212.922
4135991	51.5576	213.276
4142865	51.5576	213.465
4146523	51.5576	213.762
4152287	51.5576	213.865
4154287	51.5576	214.085
4158558	51.5576	214.16
4160012	51.5576	214.404
4164741	51.5576	214.517
4166925	51.5576	214.626
4169043	51.5576	214.642
4169357	51.5576	214.654
4169587	51.5576	214.675
4169997	51.5576	214.774
4171926	51.5576	215.203
4180243	51.5576	215.324
4182591	51.5576	215.324
4182593	51.5576	215.384
4183754	51.5576	215.385
4183779	51.5576	215.437
4184787	51.5576	215.562
4187194	51.5576	215.617
4188279	51.5576	215.636
4188635	51.5576	215.794
4191694	51.5576	215.816
4192124	51.5576	215.829
4192381	51.5576	215.951
4194743	51.5576	216.02
4196092	51.5576	216.215
4199866	51.5576	216.35
4202493	51.5576	216.422
4203881	51.5576	216.673
4208746	51.5576	216.78
4210829	51.5576	216.789
4210993	51.5576	216.861
4212396	51.5576	217.098
4216997	51.5576	217.241
4219767	51.5576	217.408
4223010	51.5576	217.454
4223902	51.5576	217.481
4224418	51.5576	217.735
4229342	51.5576	217.916
4232856	51.5576	217.987
4234242	51.5576	218.026
4234985	51.5576	218.026
4234991	51.5576	218.155
4237493	51.5576	218.186
4238088	51.5576	218.317
4240648	51.5576	218.319
4240678	51.5576	218.554
4245244	51.5576	218.671
4247496	51.5576	218.984
4253567	51.5576	219.023
4254341	51.5576	219.086
4255557	51.5576	219.181
4257400	51.5576	219.306
4259826	51.5576	219.465
4262896	51.5576	219.54
4264351	51.5576	219.557
4264682	51.5576	219.607
4265666	51.5576	219.638
4266270	51.5576	219.648
4266456	51.5576	219.902
4271384	51.5576	220.263
4278380	51.5576	220.355
4280159	51.5576	220.429
4281607	51.5576	220.526
4283491	51.5576	220.567
4284282	51.5576	220.66
4286078	51.5576	220.852
4289800	51.5576	220.882
4290380	51.5576	220.93
4291319	51.5576	221.189
4296351	51.5576	221.296
4298416	51.5576	221.336
4299193	51.5576	221.366
4299775	51.5576	221.494
4302255	51.5576	221.497
4302320	51.5576	221.501
4302386	51.5576	221.58
4303926	51.5576	221.605
4304406	51.5576	221.916
4310443	51.5576	221.938
4310872	51.5576	221.97
4311488	51.5576	221.996
4311994	51.5576	222.291
4317714	51.5576	222.447
4320737	51.5576	222.579
4323301	51.5576	222.616
4324017	51.5576	222.987
4331218	51.5576	223.096
4333335	51.5576	223.27
4336709	51.5576	223.495
4341073	51.5576	223.531
4341762	51.5576	223.644
4343954	51.5576	223.661
4344285	51.5576	223.942
4349734	51.5576	223.947
4349834	51.5576	223.989
4350644	51.5576	224.011
4351079	51.5576	224.184
4354432	51.5576	224.197
4354679	51.5576	224.881
4367957	51.5576	224.988
4370019	51.5576	225.05
4371238	51.5576	225.091
4372033	51.5576	225.139
4372964	51.5576	225.528
4380501	51.5576	225.634
4382552	51.5576	225.745
4384703	51.5576	225.906
4387840	51.5576	226.237
4394249	51.5576	226.459
4398557	51.5576	226.594
4401170	51.5576	226.782
4404828	51.5576	226.865
4406442	51.5576	226.902
4407155	51.5576	227.006
4409171	51.5576	227.087
4410736	51.5576	227.097
4410931	51.5576	227.103
4411057	51.5576	227.158
4412126	51.5576	227.185
4412639	51.5576	227.217
4413261	51.5576	227.404
4416881	51.5576	227.477
4418297	51.5576	227.551
4419743	51.5576	227.716
4422930	51.5576	227.789
4424348	51.5576	227.802
4424607	51.5576	227.895
4426410	51.5576	228.201
4432355	51.5576	228.747
4442946	51.5576	228.878
4445474	51.5576	228.913
4446151	51.5576	229.103
4449838	51.5576	229.395
4455498	51.5576	229.755
4462491	51.5576	230.151
4470175	51.5576	230.339
4473823	51.5576	230.808
4482918	51.5576	230.95
4485667	51.5576	231.977
4505588	51.5576	232.081
4507606	51.5576	232.234
4510574	51.5576	232.414
4514065	51.5576	232.417
4514117	51.5576	232.875
4523008	51.5576	233.277
4530793	51.5576	233.713
4539256	51.5576	233.772
4540405	51.5576	233.778
4540523	51.5576	233.855
4542011	51.5576	234.606
4556577	51.5576	234.62
4556845	51.5576	234.64
4557244	51.5576	234.805
4560437	51.5576	234.927
4562798	51.5576	235.271
4569470	51.5576	235.591
4575683	51.5576	235.807
4579871	51.5576	235.808
4579894	51.5576	235.973
4583095	51.5576	236.207
4587630	51.5576	236.529
4593884	51.5576	236.771
4598564	51.5576	237.042
4603827	51.5576	237.262
4608086	51.5576	237.293
4608685	51.5576	237.32
4609219	51.5576	237.36
4609993	51.5576	237.364
4610066	51.5576	237.46
4611935	51.5576	237.503
4612760	51.5576	237.519
4613076	51.5576	237.543
4613546	51.5576	237.553
4613729	51.5576	237.646
4615542	51.5576	238.286
4627957	51.5576	238.308
4628377	51.5576	238.337
4628940	51.5576	238.425
4630653	51.5576	238.43
4630745	51.5576	238.551
4633087	51.5576	238.731
4636582	51.5576	238.813
4638173	51.5576	238.815
4638215	51.5576	238.922
4640294	51.5576	239.152
4644743	51.5576	239.199
4645653	51.5576	239.509
4651677	51.5576	239.582
4653080	51.5576	239.71
4655568	51.5576	239.958
4660386	51.5576	240.05
4662159	51.5576	240.082
4662781	51.5576	240.363
4668241	51.5576	240.524
4671370	51.5576	240.633
4673481	51.5576	241.049
4681552	51.5576	241.206
4684597	51.5576	241.327
4686943	51.5576	241.437
4689071	51.5576	241.521
4690692	51.5576	241.716
4694471	51.5576	241.754
4695220	51.5576	242.111
4702143	51.5576	242.314
4706088	51.5576	242.785
4715213	51.5576	242.823
4715956	51.5576	242.889
4717238	51.5576	242.988
4719147	51.5576	242.989
4719178	51.5576	243.044
4720244	51.5576	243.053
4720421	51.5576	243.094
4721198	51.5576	243.117
4721651	51.5576	243.518
4729425	51.5576	243.556
4730176	51.5576	244.015
4739062	51.5576	244.114
4740995	51.5576	244.239
4743410	51.5576	244.278
4744170	51.5576	244.402
4746578	51.5576	244.536
4749172	51.5576	244.77
4753723	51.5576	245.03
4758764	51.5576	245.208
4762201	51.5576	245.299
4763982	51.5576	245.337
4764720	51.5576	245.685
4771455	51.5576	246.043
4778407	51.5576	246.051
4778564	51.5576	246.076
4779052	51.5576	246.156
4780606	51.5576	246.311
4783604	51.5576	246.395
4785228	51.5576	246.413
4785578	51.5576	246.561
4788460	51.5576	246.577
4788768	51.5576	246.594
4789097	51.5576	246.788
4792854	51.5576	246.803
4793147	51.5576	246.853
4794107	51.5576	246.954
4796073	51.5576	247.164
4800140	51.5576	247.47
4806080	51.5576	247.556
4807747	51.5576	247.635
4809283	51.5576	247.765
4811797	51.5576	247.8
4812489	51.5576	247.994
4816242	51.5576	248.209
4820416	51.5576	248.525
4826542	51.5576	248.691
4829769	51.5576	248.792
4831726	51.5576	248.938
4834563	51.5576	248.983
4835425	51.5576	249.109
4837877	51.5576	249.273
4841047	51.5576	249.443
4844352	51.5576	249.894
4853108	51.5576	249.91
4853401	51.5576	249.922
4853633	51.5576	249.987
4854910	51.5576	250.506
4864971	51.5576	250.528
4865396	51.5576	250.785
4870378	51.5576	250.916
4872929	51.5576	251.14
4877261	51.5576	251.226
4878934	51.5576	251.254
4879469	51.5576	251.53
4884824	51.5576	251.688
4887890	51.5576	251.746
4889017	51.5576	251.832
4890688	51.5576	251.889
4891793	51.5576	252.13
4896461	51.5576	252.154
4896938	51.5576	252.241
4898624	51.5576	252.48
4903248	51.5576	252.532
4904273	51.5576	252.579
4905177	51.5576	252.62
4905974	51.5576	252.672
4906988	51.5576	252.787
4909220	51.5576	252.915
4911689	51.5576	252.989
4913137	51.5576	253.174
4916715	51.5576	253.254
4918268	51.5576	253.393
4920970	51.5576	253.4
4921106	51.5576	253.529
4923610	51.5576	253.544
4923890	51.5576	253.682
4926575	51.5576	254.143
4935504	51.5576	254.148
4935600	51.5576	254.152
4935677	51.5576	254.277
4938102	51.5576	254.333
4939204	51.5576	254.407
4940638	51.5576	254.436
4941192	51.5576	254.731
4946917	51.5576	254.75
4947293	51.5576	254.765
4947576	51.5576	254.846
4949154	51.5576	255.02
4952516	51.5576	255.021
4952537	51.5576	255.384
4959588	51.5576	255.762
4966916	51.5576	255.849
4968609	51.5576	255.918
4969939	51.5576	256.041
4972328	51.5576	256.458
4980422	51.5576	256.508
4981388	51.5576	256.515
4981512	51.5576	256.533
4981858	51.5576	256.861
4988226	51.5576	256.949
4989931	51.5576	257.071
4992300	51.5576	257.166
4994136	51.5576	257.168
4994186	51.5576	257.176
