1200 54.1119 0.888301
17616 54.1119 1.04279
20471 54.1119 1.10123
21551 54.1119 1.11828
21866 54.1119 1.12071
21911 54.1119 1.15935
22625 54.1119 1.52861
29449 54.1119 1.63212
31362 54.1119 1.67606
32174 54.1119 1.74089
33372 54.1119 1.85539
35488 54.1119 1.93694
36995 54.1119 2.03607
38827 54.1119 2.07216
39494 54.1119 2.1069
40136 54.1119 2.29104
43539 54.1119 2.4096
45730 54.1119 2.45392
46549 54.1119 2.45809
46626 54.1119 2.74845
51992 54.1119 2.92621
55277 54.1119 3.40591
64142 54.1119 3.50526
65978 54.1119 3.62658
68220 54.1119 4.05168
76076 54.1119 4.21851
79159 54.1119 4.26061
79937 54.1119 4.73063
88623 54.1119 5.07413
94971 54.1119 5.12375
95888 54.1119 5.39696
100937 54.1119 5.69701
106482 54.1119 6.06302
113246 54.1119 6.38023
119108 54.1119 6.43548
120129 54.1119 6.45912
120566 54.1119 6.54527
122158 54.1119 6.69391
124905 54.1119 6.89137
128554 54.1119 6.90733
128849 54.1119 6.91848
129055 54.1119 6.955
129730 54.1119 6.99315
130435 54.1119 7.16106
133538 54.1119 7.24531
135095 54.1119 7.44212
138732 54.1119 7.78946
145151 54.1119 7.91636
147496 54.1119 7.92848
147720 54.1119 8.17988
152366 54.1119 8.19622
152668 54.1119 8.60131
160154 54.1119 8.75395
162975 54.1119 8.87527
165217 54.1119 9.05168
168477 54.1119 9.29221
172922 54.1119 9.33809
173770 54.1119 9.37121
174382 54.1119 9.68024
180093 54.1119 9.78224
181978 54.1119 9.95605
185190 54.1119 10.1682
189111 54.1119 10.4466
194256 54.1119 10.6135
197340 54.1119 10.69
198754 54.1119 10.7284
199464 54.1119 10.9085
202791 54.1119 11.1472
207203 54.1119 11.4169
212187 54.1119 11.4535
212863 54.1119 11.4617
213014 54.1119 11.874
220634 54.1119 11.9233
221545 54.1119 11.9781
222557 54.1119 12.3511
229451 54.1119 12.3692
229786 54.1119 12.4135
230605 54.1119 12.6948
235802 54.1119 12.7323
236496 54.1119 12.8158
238038 54.1119 12.8312
238323 54.1119 12.9561
240632 54.1119 13.0629
242605 54.1119 13.1256
243764 54.1119 13.5887
252323 54.1119 13.6373
253220 54.1119 13.7936
256108 54.1119 13.8175
256551 54.1119 14.845
275538 54.1119 14.8486
275606 54.1119 14.9111
276761 54.1119 14.9129
276794 54.1119 15.3082
284098 54.1119 15.534
288272 54.1119 15.6586
290575 54.1119 15.9372
295723 54.1119 16.2246
301035 54.1119 16.2626
301737 54.1119 16.3065
302548 54.1119 16.6503
308902 54.1119 16.6507
308909 54.1119 17.0313
315942 54.1119 17.0948
317115 54.1119 17.1231
317638 54.1119 17.145
318043 54.1119 17.4766
324172 54.1119 17.4891
324402 54.1119 17.743
329094 54.1119 17.8279
330663 54.1119 17.9466
332857 54.1119 18.1723
337029 54.1119 18.3565
340433 54.1119 18.5716
344408 54.1119 18.7019
346816 54.1119 18.7748
348163 54.1119 18.8004
348635 54.1119 19.1427
354961 54.1119 19.1685
355439 54.1119 19.1916
355865 54.1119 19.3449
358698 54.1119 19.3955
359634 54.1119 19.4204
360094 54.1119 19.5878
363186 54.1119 19.8126
367342 54.1119 19.837
367793 54.1119 19.855
368124 54.1119 20.062
371951 54.1119 20.2325
375101 54.1119 20.456
379231 54.1119 20.5828
381574 54.1119 20.6243
382341 54.1119 20.8097
385768 54.1119 21.2999
394826 54.1119 21.3591
395921 54.1119 21.4769
398097 54.1119 21.5882
400154 54.1119 21.6289
400906 54.1119 21.685
401943 54.1119 21.6859
401961 54.1119 21.8041
404144 54.1119 22.0208
408150 54.1119 22.2706
412765 54.1119 22.3333
413924 54.1119 22.6326
419456 54.1119 22.6741
420222 54.1119 22.7503
421630 54.1119 22.841
423307 54.1119 22.8938
424282 54.1119 22.9034
424460 54.1119 22.9095
424573 54.1119 22.9753
425788 54.1119 23.3559
432822 54.1119 23.4849
435206 54.1119 23.515
435762 54.1119 23.6913
439020 54.1119 23.8705
442332 54.1119 23.9217
443278 54.1119 23.9693
444157 54.1119 23.9867
444479 54.1119 23.9937
444608 54.1119 24.1207
446956 54.1119 24.151
447515 54.1119 24.564
455149 54.1119 24.7454
458500 54.1119 25.3728
470094 54.1119 26.0791
483147 54.1119 26.3785
488681 54.1119 26.4984
490897 54.1119 26.5848
492493 54.1119 26.7242
495069 54.1119 26.7542
495623 54.1119 26.7617
495762 54.1119 26.8885
498106 54.1119 27.0366
500842 54.1119 27.1783
503461 54.1119 27.2993
505697 54.1119 27.3883
507342 54.1119 27.613
511494 54.1119 27.7179
513432 54.1119 27.7391
513824 54.1119 27.8454
515790 54.1119 28.2668
523577 54.1119 28.3498
525111 54.1119 28.6492
530643 54.1119 28.71
531767 54.1119 28.7169
531894 54.1119 29.7306
550628 54.1119 30.2736
560663 54.1119 30.3604
562267 54.1119 30.4529
563977 54.1119 30.4686
564267 54.1119 30.569
566122 54.1119 30.5877
566467 54.1119 30.7744
569918 54.1119 30.8846
571955 54.1119 30.9082
572391 54.1119 31.205
577876 54.1119 31.46
582588 54.1119 31.5844
584887 54.1119 31.8096
589048 54.1119 31.9447
591545 54.1119 31.9843
592277 54.1119 32.0247
593023 54.1119 32.5154
602092 54.1119 32.8634
608523 54.1119 32.9209
609585 54.1119 33.3254
617060 54.1119 33.3533
617577 54.1119 33.7606
625104 54.1119 33.7765
625398 54.1119 33.8432
626630 54.1119 33.867
627070 54.1119 34.0783
630974 54.1119 34.3512
636018 54.1119 34.4459
637768 54.1119 34.4942
638660 54.1119 34.5209
639153 54.1119 34.6068
640741 54.1119 34.6258
641092 54.1119 34.6676
641865 54.1119 34.7654
643673 54.1119 34.8543
645315 54.1119 34.9909
647839 54.1119 35.1687
651126 54.1119 35.3062
653667 54.1119 35.3652
654757 54.1119 35.4471
656271 54.1119 35.5914
658937 54.1119 35.6178
659424 54.1119 35.7472
661817 54.1119 35.7595
662043 54.1119 36.0515
667439 54.1119 36.0815
667994 54.1119 36.1432
669134 54.1119 36.2857
671768 54.1119 36.4501
674805 54.1119 36.6226
677993 54.1119 36.6859
679164 54.1119 36.7756
680821 54.1119 36.9404
683866 54.1119 37.205
688757 54.1119 37.5249
694668 54.1119 37.7846
699468 54.1119 37.8351
700401 54.1119 37.8534
700739 54.1119 37.9249
702060 54.1119 38.001
703467 54.1119 38.1503
706225 54.1119 38.1683
706559 54.1119 38.2271
707645 54.1119 38.8015
718261 54.1119 38.8514
719183 54.1119 38.8974
720032 54.1119 39.1001
723778 54.1119 39.1963
725557 54.1119 39.2862
727217 54.1119 39.3498
728393 54.1119 39.3877
729093 54.1119 39.4352
729971 54.1119 39.5105
731363 54.1119 39.7413
735628 54.1119 39.7659
736082 54.1119 39.8122
736939 54.1119 39.8427
737502 54.1119 39.916
738856 54.1119 40.0164
740712 54.1119 40.0876
742028 54.1119 40.1775
743689 54.1119 40.5289
750183 54.1119 40.6138
751752 54.1119 40.6739
752863 54.1119 40.7516
754298 54.1119 40.7801
754826 54.1119 41.0378
759588 54.1119 41.128
761255 54.1119 41.197
762530 54.1119 41.2183
762924 54.1119 41.435
766928 54.1119 41.4575
767343 54.1119 41.4581
767354 54.1119 41.7862
773418 54.1119 42.258
782137 54.1119 42.5224
787023 54.1119 42.5691
787886 54.1119 42.7347
790947 54.1119 42.7415
791072 54.1119 42.9239
794443 54.1119 43.1161
797995 54.1119 43.2243
799994 54.1119 43.2775
800977 54.1119 43.5164
805393 54.1119 43.5719
806418 54.1119 43.5843
806647 54.1119 43.6835
808480 54.1119 43.6974
808737 54.1119 43.7226
809204 54.1119 43.7795
810254 54.1119 44.2379
818726 54.1119 44.7514
828215 54.1119 45.0604
833926 54.1119 45.0942
834550 54.1119 45.4488
841103 54.1119 45.4615
841338 54.1119 45.4674
841448 54.1119 45.4787
841656 54.1119 45.7059
845855 54.1119 45.8699
848885 54.1119 46.0299
851842 54.1119 46.1759
854540 54.1119 46.9977
869728 54.1119 47.019
870121 54.1119 47.099
871600 54.1119 47.1663
872844 54.1119 47.2491
874374 54.1119 47.3686
876582 54.1119 47.4163
877463 54.1119 47.4364
877835 54.1119 47.878
885995 54.1119 48.2157
892236 54.1119 48.303
893850 54.1119 48.5059
897599 54.1119 48.6434
900140 54.1119 48.798
902997 54.1119 48.8639
904216 54.1119 49.0723
908066 54.1119 49.0974
908531 54.1119 49.2903
912095 54.1119 49.6722
919153 54.1119 49.7931
921388 54.1119 49.8099
921698 54.1119 49.8957
923284 54.1119 50.387
932362 54.1119 50.3975
932557 54.1119 50.4257
933078 54.1119 50.4824
934125 54.1119 50.7388
938864 54.1119 50.7574
939207 54.1119 50.7597
939250 54.1119 50.8784
941444 54.1119 50.8809
941491 54.1119 50.9301
942399 54.1119 50.9853
943420 54.1119 51.0742
945062 54.1119 51.1325
946140 54.1119 51.1814
947044 54.1119 51.4514
952034 54.1119 51.8226
958893 54.1119 51.8651
959679 54.1119 52.228
966384 54.1119 52.3382
968421 54.1119 52.6433
974060 54.1119 52.8226
977374 54.1119 53.029
981188 54.1119 53.0305
981215 54.1119 53.066
981871 54.1119 53.3493
987106 54.1119 53.9134
997531 54.1119 54.0464
999990 54.1119 54.2917
1004523 54.1119 54.8828
1015446 54.1119 54.9957
1017532 54.1119 55.3287
1023686 54.1119 55.3392
1023880 54.1119 55.5711
1028167 54.1119 55.6102
1028889 54.1119 55.6616
1029838 54.1119 55.7276
1031058 54.1119 55.839
1033117 54.1119 55.8717
1033721 54.1119 56.0752
1037482 54.1119 56.1228
1038362 54.1119 56.132
1038531 54.1119 56.2146
1040058 54.1119 56.2695
1041073 54.1119 56.3407
1042388 54.1119 56.4115
1043697 54.1119 56.4556
1044511 54.1119 56.4898
1045144 54.1119 56.7449
1049859 54.1119 56.7617
1050169 54.1119 56.8202
1051250 54.1119 56.8749
1052260 54.1119 57.1667
1057653 54.1119 57.1983
1058238 54.1119 57.2323
1058866 54.1119 57.263
1059433 54.1119 57.3189
1060466 54.1119 57.4323
1062561 54.1119 57.7054
1067608 54.1119 57.7073
1067643 54.1119 57.9384
1071915 54.1119 57.9473
1072078 54.1119 58.3448
1079425 54.1119 58.6268
1084636 54.1119 58.7695
1087273 54.1119 58.8363
1088507 54.1119 59.0173
1091853 54.1119 59.1123
1093608 54.1119 59.2047
1095315 54.1119 59.4323
1099521 54.1119 59.4919
1100623 54.1119 59.6104
1102813 54.1119 60.0991
1111845 54.1119 60.1382
1112567 54.1119 60.1461
1112713 54.1119 60.1622
1113011 54.1119 60.222
1114116 54.1119 60.3592
1116651 54.1119 60.837
1125482 54.1119 60.919
1126996 54.1119 60.927
1127144 54.1119 61.0203
1128869 54.1119 61.1803
1131826 54.1119 61.2641
1133374 54.1119 61.3177
1134364 54.1119 61.3488
1134940 54.1119 61.3799
1135514 54.1119 61.9414
1145891 54.1119 62.2527
1151644 54.1119 62.3527
1153492 54.1119 62.6974
1159861 54.1119 62.7895
1161564 54.1119 62.7904
1161581 54.1119 62.8925
1163468 54.1119 63.3212
1171390 54.1119 64.2082
1187781 54.1119 64.3832
1191015 54.1119 64.4525
1192297 54.1119 64.7291
1197408 54.1119 65.2439
1206921 54.1119 65.2537
1207102 54.1119 65.32
1208327 54.1119 65.6552
1214522 54.1119 65.6885
1215137 54.1119 65.8218
1217602 54.1119 65.9185
1219388 54.1119 65.9625
1220202 54.1119 66.5557
1231164 54.1119 66.697
1233776 54.1119 66.7407
1234583 54.1119 66.7659
1235049 54.1119 66.7906
1235504 54.1119 66.8156
1235967 54.1119 66.8701
1236975 54.1119 66.942
1238303 54.1119 67.0843
1240932 54.1119 67.1127
1241458 54.1119 67.1757
1242621 54.1119 67.3615
1246055 54.1119 67.4061
1246880 54.1119 67.5633
1249785 54.1119 67.7809
1253805 54.1119 67.8364
1254832 54.1119 68.2389
1262270 54.1119 68.2709
1262862 54.1119 68.2964
1263333 54.1119 68.7413
1271555 54.1119 68.8867
1274242 54.1119 69.4174
1284049 54.1119 69.5892
1287223 54.1119 69.6495
1288338 54.1119 69.8828
1292649 54.1119 69.9269
1293465 54.1119 70.3297
1300909 54.1119 70.7551
1308769 54.1119 70.7779
1309192 54.1119 70.8519
1310559 54.1119 71.0027
1313345 54.1119 71.0535
1314285 54.1119 71.4493
1321599 54.1119 71.5081
1322686 54.1119 71.5804
1324022 54.1119 71.6493
1325295 54.1119 71.6654
1325593 54.1119 71.7278
1326746 54.1119 71.7631
1327397 54.1119 71.8811
1329578 54.1119 72.0521
1332738 54.1119 72.1025
1333670 54.1119 72.2559
1336504 54.1119 72.2985
1337293 54.1119 72.3357
1337980 54.1119 72.3368
1337999 54.1119 72.3572
1338377 54.1119 72.9341
1349038 54.1119 73.1084
1352260 54.1119 73.3696
1357087 54.1119 73.4334
1358265 54.1119 73.474
1359016 54.1119 73.5745
1360873 54.1119 73.785
1364763 54.1119 73.858
1366112 54.1119 73.939
1367608 54.1119 74.0356
1369394 54.1119 74.1313
1371163 54.1119 74.2029
1372485 54.1119 74.7722
1383006 54.1119 74.7925
1383382 54.1119 74.8143
1383784 54.1119 75.0711
1388530 54.1119 75.6282
1398825 54.1119 75.6519
1399263 54.1119 75.8648
1403198 54.1119 76.1062
1407659 54.1119 76.6256
1417257 54.1119 76.6635
1417958 54.1119 76.6669
1418021 54.1119 77.077
1425599 54.1119 77.265
1429074 54.1119 77.9391
1441532 54.1119 78.1197
1444870 54.1119 78.19
1446169 54.1119 78.6778
1455183 54.1119 78.7528
1456569 54.1119 78.7682
1456853 54.1119 79.1911
1464668 54.1119 79.4365
1469203 54.1119 80.0811
1481117 54.1119 80.1648
1482663 54.1119 80.2414
1484079 54.1119 80.8266
1494894 54.1119 81.0238
1498538 54.1119 81.0834
1499639 54.1119 81.1706
1501250 54.1119 81.3791
1505104 54.1119 81.6264
1509674 54.1119 81.6902
1510853 54.1119 81.8409
1513637 54.1119 81.8461
1513733 54.1119 81.8627
1514040 54.1119 82.0294
1517121 54.1119 82.2977
1522080 54.1119 82.3102
1522310 54.1119 82.373
1523471 54.1119 82.3927
1523835 54.1119 82.7243
1529963 54.1119 82.7459
1530362 54.1119 83.1595
1538006 54.1119 83.2179
1539085 54.1119 83.2499
1539676 54.1119 83.4526
1543423 54.1119 83.6788
1547602 54.1119 84.0919
1555237 54.1119 84.1107
1555584 54.1119 84.3948
1560835 54.1119 84.4982
1562746 54.1119 84.5124
1563008 54.1119 84.5335
1563397 54.1119 85.0309
1572590 54.1119 85.3819
1579076 54.1119 85.5901
1582924 54.1119 85.5985
1583079 54.1119 85.7289
1585489 54.1119 85.9147
1588923 54.1119 86.0745
1591875 54.1119 86.1305
1592911 54.1119 86.2553
1595216 54.1119 86.3966
1597829 54.1119 86.4612
1599021 54.1119 86.5464
1600596 54.1119 86.6004
1601595 54.1119 86.8261
1605765 54.1119 86.8952
1607043 54.1119 87.0087
1609139 54.1119 87.0482
1609869 54.1119 87.214
1612933 54.1119 87.2557
1613704 54.1119 87.2748
1614057 54.1119 87.4039
1616443 54.1119 87.4729
1617718 54.1119 87.5549
1619233 54.1119 87.5585
1619300 54.1119 87.8377
1624460 54.1119 88.0022
1627499 54.1119 88.0517
1628414 54.1119 88.3359
1633666 54.1119 88.3531
1633984 54.1119 88.4008
1634867 54.1119 88.4792
1636315 54.1119 88.6016
1638577 54.1119 88.6909
1640227 54.1119 88.8713
1643561 54.1119 89.4187
1653678 54.1119 89.5534
1656166 54.1119 90.0343
1665054 54.1119 90.2313
1668695 54.1119 90.257
1669169 54.1119 90.299
1669945 54.1119 90.3369
1670645 54.1119 90.3924
1671672 54.1119 90.4921
1673513 54.1119 90.5766
1675076 54.1119 90.6358
1676170 54.1119 90.7415
1678122 54.1119 90.8141
1679465 54.1119 91.7622
1696985 54.1119 91.9357
1700192 54.1119 92.109
1703395 54.1119 92.1223
1703640 54.1119 92.4037
1708840 54.1119 92.6906
1714143 54.1119 92.9896
1719668 54.1119 93.0696
1721146 54.1119 93.1041
1721785 54.1119 93.1855
1723288 54.1119 93.5995
1730940 54.1119 93.612
1731170 54.1119 93.7884
1734430 54.1119 93.8387
1735360 54.1119 93.9615
1737630 54.1119 94.1014
1740215 54.1119 94.3143
1744149 54.1119 94.7589
1752366 54.1119 94.8163
1753426 54.1119 94.8609
1754250 54.1119 95.1813
1760172 54.1119 95.2456
1761360 54.1119 95.3231
1762792 54.1119 95.3363
1763035 54.1119 95.4681
1765471 54.1119 95.8932
1773327 54.1119 95.9436
1774258 54.1119 95.9603
1774567 54.1119 95.9936
1775183 54.1119 95.9992
1775286 54.1119 96.02
1775670 54.1119 96.021
1775690 54.1119 96.1416
1777917 54.1119 96.1495
1778063 54.1119 96.3804
1782330 54.1119 96.419
1783044 54.1119 96.6191
1786743 54.1119 96.9247
1792390 54.1119 96.9511
1792878 54.1119 97.4033
1801235 54.1119 97.7782
1808163 54.1119 97.9104
1810606 54.1119 97.9207
1810796 54.1119 98.0752
1813651 54.1119 98.0952
1814020 54.1119 98.1432
1814907 54.1119 98.2137
1816210 54.1119 98.8894
1828697 54.1119 99.0729
1832089 54.1119 99.277
1835860 54.1119 99.4973
1839932 54.1119 99.8042
1845603 54.1119 99.8413
1846290 54.1119 100.094
1850958 54.1119 100.324
1855203 54.1119 100.4
1856618 54.1119 100.417
1856925 54.1119 100.422
1857016 54.1119 100.679
1861772 54.1119 100.717
1862467 54.1119 100.782
1863679 54.1119 101.181
1871056 54.1119 101.217
1871719 54.1119 101.234
1872033 54.1119 101.659
1879887 54.1119 101.901
1884345 54.1119 102.046
1887025 54.1119 102.135
1888670 54.1119 102.474
1894951 54.1119 102.656
1898314 54.1119 102.823
1901392 54.1119 103.049
1905570 54.1119 103.272
1909688 54.1119 103.531
1914480 54.1119 103.554
1914900 54.1119 103.678
1917192 54.1119 103.753
1918586 54.1119 103.877
1920872 54.1119 103.998
1923102 54.1119 104.075
1924525 54.1119 104.408
1930684 54.1119 104.755
1937088 54.1119 104.907
1939907 54.1119 105.071
1942934 54.1119 105.265
1946525 54.1119 105.273
1946673 54.1119 105.454
1950006 54.1119 105.57
1952162 54.1119 105.783
1956089 54.1119 105.853
1957385 54.1119 106.008
1960244 54.1119 106.047
1960973 54.1119 106.317
1965955 54.1119 106.327
1966145 54.1119 106.705
1973135 54.1119 106.824
1975328 54.1119 106.938
1977446 54.1119 107.668
1990937 54.1119 107.764
1992696 54.1119 107.958
1996295 54.1119 108.021
1997444 54.1119 108.052
1998019 54.1119 108.095
1998827 54.1119 108.161
2000032 54.1119 108.315
2002877 54.1119 108.333
2003224 54.1119 109.123
2017822 54.1119 109.243
2020037 54.1119 109.256
2020280 54.1119 109.418
2023277 54.1119 109.473
2024288 54.1119 109.782
2029999 54.1119 110.161
2037003 54.1119 110.268
2038985 54.1119 110.365
2040777 54.1119 110.379
2041020 54.1119 110.4
2041414 54.1119 110.645
2045940 54.1119 110.696
2046884 54.1119 110.765
2048164 54.1119 110.83
2049367 54.1119 111.052
2053466 54.1119 111.056
2053533 54.1119 111.134
2054985 54.1119 111.207
2056333 54.1119 111.72
2065806 54.1119 112.019
2071329 54.1119 112.079
2072447 54.1119 112.164
2074015 54.1119 112.617
2082395 54.1119 112.766
2085148 54.1119 112.831
2086344 54.1119 112.873
2087125 54.1119 113.04
2090202 54.1119 113.058
2090543 54.1119 113.45
2097775 54.1119 113.487
2098470 54.1119 113.599
2100532 54.1119 113.718
2102740 54.1119 114.216
2111935 54.1119 114.621
2119416 54.1119 114.694
2120777 54.1119 114.924
2125026 54.1119 114.944
2125385 54.1119 115.107
2128404 54.1119 115.236
2130784 54.1119 115.399
2133801 54.1119 115.945
2143898 54.1119 116.152
2147708 54.1119 116.495
2154057 54.1119 116.515
2154414 54.1119 116.696
2157767 54.1119 116.82
2160054 54.1119 116.862
2160832 54.1119 117.216
2167375 54.1119 117.417
2171084 54.1119 117.524
2173069 54.1119 117.679
2175925 54.1119 117.868
2179423 54.1119 118.025
2182334 54.1119 118.037
2182554 54.1119 118.655
2193978 54.1119 118.686
2194548 54.1119 118.977
2199918 54.1119 119.192
2203895 54.1119 119.201
2204058 54.1119 119.582
2211106 54.1119 119.696
2213216 54.1119 120.227
2223029 54.1119 120.469
2227489 54.1119 120.516
2228364 54.1119 120.676
2231313 54.1119 121.101
2239173 54.1119 121.152
2240122 54.1119 121.165
2240347 54.1119 121.208
2241146 54.1119 121.22
2241371 54.1119 121.324
2243291 54.1119 121.36
2243957 54.1119 121.931
2254509 54.1119 122.174
2259002 54.1119 122.197
2259432 54.1119 122.609
2267044 54.1119 122.775
2270108 54.1119 122.873
2271919 54.1119 123.379
2281272 54.1119 123.456
2282698 54.1119 124.186
2296184 54.1119 124.205
2296537 54.1119 124.215
2296717 54.1119 124.338
2299000 54.1119 124.341
2299051 54.1119 124.588
2303614 54.1119 124.628
2304346 54.1119 124.697
2305619 54.1119 124.893
2309245 54.1119 124.969
2310654 54.1119 125.008
2311371 54.1119 125.173
2314416 54.1119 125.402
2318651 54.1119 125.775
2325555 54.1119 125.821
2326406 54.1119 126.048
2330590 54.1119 126.072
2331032 54.1119 126.162
2332701 54.1119 126.187
2333168 54.1119 126.375
2336641 54.1119 126.528
2339460 54.1119 126.545
2339772 54.1119 126.549
2339855 54.1119 126.632
2341393 54.1119 127.169
2351307 54.1119 127.315
2354004 54.1119 127.422
2355980 54.1119 127.435
2356230 54.1119 127.578
2358861 54.1119 127.745
2361953 54.1119 127.856
2364012 54.1119 127.894
2364718 54.1119 127.984
2366375 54.1119 128.001
2366690 54.1119 128.054
2367664 54.1119 128.53
2376466 54.1119 128.572
2377245 54.1119 128.589
2377550 54.1119 128.904
2383379 54.1119 129.217
2389154 54.1119 129.329
2391227 54.1119 129.373
2392048 54.1119 129.447
2393415 54.1119 129.967
2403026 54.1119 130.004
2403696 54.1119 130.182
2406992 54.1119 130.308
2409329 54.1119 130.508
2413014 54.1119 130.513
2413105 54.1119 130.641
2415483 54.1119 130.722
2416980 54.1119 131.064
2423287 54.1119 131.076
2423522 54.1119 131.188
2425591 54.1119 131.19
2425626 54.1119 131.551
2432289 54.1119 131.616
2433493 54.1119 131.7
2435044 54.1119 131.758
2436117 54.1119 131.834
2437530 54.1119 132.154
2443433 54.1119 132.238
2444984 54.1119 132.346
2446977 54.1119 132.52
2450200 54.1119 132.8
2455370 54.1119 132.929
2457765 54.1119 133.014
2459330 54.1119 133.06
2460172 54.1119 133.762
2473146 54.1119 133.807
2473983 54.1119 133.827
2474347 54.1119 133.996
2477476 54.1119 134.047
2478426 54.1119 134.424
2485384 54.1119 134.73
2491045 54.1119 134.829
2492863 54.1119 134.931
2494748 54.1119 135.037
2496706 54.1119 135.668
2508383 54.1119 135.704
2509048 54.1119 135.721
2509360 54.1119 136.21
2518384 54.1119 136.531
2524322 54.1119 136.647
2526468 54.1119 136.904
2531215 54.1119 137.348
2539414 54.1119 137.644
2544897 54.1119 138.114
2553586 54.1119 138.436
2559522 54.1119 138.531
2561285 54.1119 138.551
2561654 54.1119 138.802
2566289 54.1119 138.815
2566528 54.1119 138.874
2567628 54.1119 139.11
2571992 54.1119 139.148
2572684 54.1119 139.171
2573114 54.1119 139.361
2576615 54.1119 139.421
2577727 54.1119 139.453
2578326 54.1119 139.568
2580447 54.1119 139.686
2582632 54.1119 140.027
2588927 54.1119 140.092
2590138 54.1119 140.309
2594142 54.1119 140.548
2598565 54.1119 140.555
2598694 54.1119 140.826
2603700 54.1119 141.04
2607643 54.1119 141.126
2609236 54.1119 141.183
2610301 54.1119 141.244
2611414 54.1119 141.279
2612074 54.1119 141.292
2612309 54.1119 141.356
2613490 54.1119 141.39
2614110 54.1119 142.068
2626652 54.1119 142.071
2626703 54.1119 142.133
2627840 54.1119 142.611
2636682 54.1119 142.646
2637334 54.1119 142.847
2641040 54.1119 143.148
2646606 54.1119 143.157
2646779 54.1119 143.244
2648373 54.1119 143.314
2649680 54.1119 143.334
2650045 54.1119 143.378
2650855 54.1119 143.394
2651144 54.1119 143.625
2655422 54.1119 143.876
2660051 54.1119 143.941
2661257 54.1119 143.984
2662057 54.1119 143.99
2662169 54.1119 144.116
2664496 54.1119 144.137
2664882 54.1119 144.222
2666448 54.1119 144.259
2667136 54.1119 144.377
2669317 54.1119 144.437
2670420 54.1119 144.619
2673797 54.1119 144.779
2676748 54.1119 144.862
2678285 54.1119 144.872
2678460 54.1119 145.019
2681177 54.1119 145.353
2687349 54.1119 145.431
2688792 54.1119 145.567
2691301 54.1119 145.728
2694293 54.1119 145.749
2694674 54.1119 145.78
2695241 54.1119 145.843
2696417 54.1119 145.872
2696944 54.1119 145.932
2698049 54.1119 146.197
2702950 54.1119 146.895
2715854 54.1119 146.928
2716465 54.1119 147.37
2724626 54.1119 147.427
2725686 54.1119 147.51
2727215 54.1119 147.854
2733571 54.1119 147.969
2735706 54.1119 148.1
2738117 54.1119 148.432
2744259 54.1119 148.437
2744356 54.1119 148.452
2744626 54.1119 148.669
2748644 54.1119 148.796
2750981 54.1119 149.059
2755849 54.1119 149.186
2758195 54.1119 149.286
2760037 54.1119 149.288
2760083 54.1119 149.33
2760845 54.1119 149.341
2761056 54.1119 149.362
2761440 54.1119 149.425
2762611 54.1119 149.875
2770915 54.1119 149.93
2771942 54.1119 150.127
2775585 54.1119 150.343
2779569 54.1119 150.482
2782136 54.1119 150.502
2782505 54.1119 150.646
2785162 54.1119 150.753
2787152 54.1119 150.981
2791369 54.1119 151.06
2792820 54.1119 151.099
2793537 54.1119 151.133
2794168 54.1119 151.133
2794177 54.1119 151.243
2796200 54.1119 151.342
2798031 54.1119 151.611
2803001 54.1119 151.625
2803257 54.1119 151.666
2804020 54.1119 151.707
2804779 54.1119 151.958
2809412 54.1119 152.259
2814985 54.1119 152.695
2823035 54.1119 152.734
2823755 54.1119 152.744
2823947 54.1119 152.778
2824578 54.1119 152.808
2825133 54.1119 152.914
2827077 54.1119 153.195
2832286 54.1119 153.298
2834184 54.1119 153.781
2843114 54.1119 153.835
2844107 54.1119 153.9
2845307 54.1119 153.981
2846805 54.1119 153.982
2846820 54.1119 153.998
2847113 54.1119 154.032
2847744 54.1119 154.084
2848707 54.1119 154.267
2852095 54.1119 154.305
2852788 54.1119 154.334
2853327 54.1119 154.349
2853610 54.1119 154.396
2854469 54.1119 154.523
2856816 54.1119 155.07
2866924 54.1119 155.278
2870774 54.1119 155.307
2871308 54.1119 155.421
2873409 54.1119 155.46
2874133 54.1119 155.567
2876115 54.1119 155.612
2876939 54.1119 155.656
2877760 54.1119 155.725
2879023 54.1119 156.306
2889776 54.1119 156.523
2893780 54.1119 156.649
2896107 54.1119 156.898
2900716 54.1119 156.98
2902221 54.1119 157.221
2906679 54.1119 157.283
2907831 54.1119 157.641
2914449 54.1119 157.709
2915697 54.1119 157.745
2916360 54.1119 158.037
2921754 54.1119 158.22
2925138 54.1119 158.467
2929710 54.1119 158.692
2933864 54.1119 158.795
2935759 54.1119 158.971
2939019 54.1119 159.135
2942047 54.1119 159.297
2945036 54.1119 159.831
2954907 54.1119 159.969
2957460 54.1119 160.116
2960170 54.1119 160.328
2964104 54.1119 160.396
2965349 54.1119 160.561
2968395 54.1119 160.656
2970164 54.1119 160.696
2970902 54.1119 161.175
2979747 54.1119 161.394
2983801 54.1119 161.602
2987648 54.1119 161.634
2988224 54.1119 161.687
2989212 54.1119 161.802
2991331 54.1119 161.808
2991441 54.1119 161.83
2991863 54.1119 161.915
2993422 54.1119 161.993
2994867 54.1119 162.121
2997224 54.1119 162.256
2999731 54.1119 162.399
3002370 54.1119 162.478
3003836 54.1119 162.757
3008982 54.1119 162.781
3009432 54.1119 162.857
3010829 54.1119 162.925
3012094 54.1119 163.016
3013776 54.1119 163.02
3013838 54.1119 163.515
3022986 54.1119 163.567
3023954 54.1119 163.602
3024610 54.1119 163.616
3024856 54.1119 163.66
3025670 54.1119 163.783
3027942 54.1119 163.789
3028058 54.1119 163.813
3028504 54.1119 163.866
3029481 54.1119 164.223
3036076 54.1119 164.239
3036381 54.1119 164.33
3038054 54.1119 164.364
3038681 54.1119 164.46
3040459 54.1119 164.494
3041092 54.1119 164.994
3050334 54.1119 165.006
3050551 54.1119 165.033
3051045 54.1119 165.201
3054144 54.1119 165.223
3054566 54.1119 165.466
3059039 54.1119 165.534
3060309 54.1119 165.637
3062206 54.1119 165.648
3062409 54.1119 165.888
3066844 54.1119 166.159
3071858 54.1119 166.213
3072847 54.1119 166.247
3073484 54.1119 166.372
3075791 54.1119 166.468
3077567 54.1119 166.544
3078961 54.1119 166.731
3082430 54.1119 166.975
3086928 54.1119 166.995
3087309 54.1119 167.02
3087765 54.1119 167.024
3087833 54.1119 167.136
3089909 54.1119 167.227
3091585 54.1119 167.288
3092716 54.1119 167.606
3098601 54.1119 167.788
3101965 54.1119 167.855
3103205 54.1119 167.861
3103306 54.1119 168.077
3107306 54.1119 168.154
3108723 54.1119 168.293
3111285 54.1119 168.354
3112426 54.1119 168.472
3114605 54.1119 168.514
3115368 54.1119 168.673
3118320 54.1119 169.268
3129317 54.1119 169.375
3131290 54.1119 169.427
3132239 54.1119 169.477
3133170 54.1119 169.534
3134221 54.1119 169.779
3138751 54.1119 169.829
3139683 54.1119 169.918
3141315 54.1119 170.044
3143644 54.1119 170.22
3146894 54.1119 170.295
3148280 54.1119 170.52
3152443 54.1119 170.698
3155733 54.1119 171.079
3162774 54.1119 171.147
3164032 54.1119 171.214
3165266 54.1119 171.31
3167052 54.1119 171.32
3167226 54.1119 171.53
3171111 54.1119 171.652
3173369 54.1119 171.875
3177487 54.1119 171.898
3177905 54.1119 171.972
3179281 54.1119 172.152
3182613 54.1119 172.278
3184944 54.1119 172.437
3187870 54.1119 172.784
3194288 54.1119 172.826
3195071 54.1119 173.444
3206491 54.1119 173.669
3210648 54.1119 173.823
3213490 54.1119 173.838
3213762 54.1119 174.181
3220103 54.1119 174.248
3221346 54.1119 174.316
3222605 54.1119 174.612
3228062 54.1119 174.656
3228889 54.1119 174.94
3234135 54.1119 175.251
3239873 54.1119 175.413
3242862 54.1119 175.596
3246245 54.1119 175.605
3246414 54.1119 175.646
3247169 54.1119 175.983
3253410 54.1119 176.116
3255863 54.1119 176.139
3256295 54.1119 176.157
3256616 54.1119 176.267
3258657 54.1119 176.351
3260206 54.1119 176.473
3262462 54.1119 176.844
3269322 54.1119 176.875
3269886 54.1119 176.994
3272094 54.1119 177.134
3274679 54.1119 177.205
3275991 54.1119 177.747
3286002 54.1119 177.77
3286434 54.1119 177.8
3286981 54.1119 177.957
3289891 54.1119 178.162
3293664 54.1119 178.281
3295875 54.1119 178.298
3296178 54.1119 178.528
3300442 54.1119 178.535
3300562 54.1119 178.572
3301243 54.1119 178.738
3304323 54.1119 178.762
3304767 54.1119 179.005
3309247 54.1119 179.165
3312217 54.1119 179.317
3315015 54.1119 179.388
3316338 54.1119 179.585
3319972 54.1119 180.147
3330363 54.1119 180.639
3339456 54.1119 180.685
3340304 54.1119 180.888
3344058 54.1119 181.282
3351326 54.1119 181.417
3353829 54.1119 181.53
3355907 54.1119 181.547
3356235 54.1119 181.588
3356979 54.1119 181.73
3359616 54.1119 181.909
3362926 54.1119 182.21
3368479 54.1119 182.91
3381417 54.1119 183.053
3384067 54.1119 183.121
3385320 54.1119 183.166
3386156 54.1119 183.279
3388238 54.1119 183.299
3388597 54.1119 183.346
3389478 54.1119 183.377
3390040 54.1119 183.38
3390095 54.1119 183.509
3392495 54.1119 183.636
3394842 54.1119 183.854
3398861 54.1119 183.886
3399447 54.1119 183.973
3401069 54.1119 184.095
3403315 54.1119 184.165
3404605 54.1119 184.334
3407734 54.1119 184.894
3418074 54.1119 185.045
3420877 54.1119 185.577
3430699 54.1119 185.721
3433368 54.1119 186.042
3439294 54.1119 186.197
3442156 54.1119 186.204
3442294 54.1119 186.337
3444743 54.1119 186.366
3445286 54.1119 186.704
3451529 54.1119 186.822
3453713 54.1119 187.012
3457221 54.1119 187.335
3463197 54.1119 187.452
3465355 54.1119 187.884
3473340 54.1119 188.015
3475767 54.1119 188.378
3482466 54.1119 188.47
3484165 54.1119 188.482
3484383 54.1119 188.58
3486201 54.1119 188.654
3487570 54.1119 188.687
3488176 54.1119 188.729
3488946 54.1119 188.791
3490096 54.1119 188.862
3491407 54.1119 189.373
3500861 54.1119 189.399
3501342 54.1119 189.464
3502545 54.1119 189.486
3502950 54.1119 189.492
3503054 54.1119 189.595
3504948 54.1119 189.817
3509059 54.1119 190.199
3516116 54.1119 190.238
3516831 54.1119 190.252
3517097 54.1119 190.596
3523453 54.1119 190.679
3524985 54.1119 190.796
3527159 54.1119 190.919
3529429 54.1119 190.97
3530369 54.1119 191.16
3533884 54.1119 191.227
3535126 54.1119 191.357
3537516 54.1119 191.455
3539329 54.1119 191.723
3544282 54.1119 191.764
3545040 54.1119 192.054
3550391 54.1119 192.112
3551472 54.1119 192.423
3557219 54.1119 192.457
3557850 54.1119 192.487
3558404 54.1119 193.169
3571006 54.1119 193.206
3571696 54.1119 193.303
3573483 54.1119 193.313
3573666 54.1119 193.378
3574875 54.1119 193.422
3575690 54.1119 193.63
3579523 54.1119 193.635
3579614 54.1119 193.741
3581574 54.1119 193.764
3581994 54.1119 193.84
3583397 54.1119 193.889
3584318 54.1119 193.924
3584950 54.1119 193.968
3585780 54.1119 194.026
3586852 54.1119 194.059
3587451 54.1119 194.095
3588119 54.1119 194.188
3589833 54.1119 194.304
3591974 54.1119 194.325
3592362 54.1119 194.363
3593072 54.1119 194.42
3594116 54.1119 194.601
3597478 54.1119 194.743
3600096 54.1119 194.756
3600327 54.1119 194.868
3602399 54.1119 195.069
3606127 54.1119 195.352
3611348 54.1119 195.521
3614471 54.1119 195.556
3615126 54.1119 195.717
3618087 54.1119 195.79
3619441 54.1119 195.823
3620060 54.1119 195.832
3620224 54.1119 196.4
3630719 54.1119 196.457
3631775 54.1119 196.642
3635188 54.1119 196.876
3639503 54.1119 197.001
3641823 54.1119 197.141
3644418 54.1119 197.17
3644943 54.1119 197.482
3650705 54.1119 197.498
3651012 54.1119 197.709
3654898 54.1119 197.746
3655585 54.1119 198.011
3660489 54.1119 198.09
3661945 54.1119 198.217
3664291 54.1119 198.263
3665150 54.1119 198.345
3666658 54.1119 198.463
3668833 54.1119 198.582
3671046 54.1119 198.855
3676080 54.1119 198.952
3677883 54.1119 198.956
3677953 54.1119 198.992
3678607 54.1119 199.131
3681193 54.1119 199.284
3684021 54.1119 199.483
3687698 54.1119 199.487
3687762 54.1119 199.594
3689747 54.1119 199.607
3689973 54.1119 199.748
3692579 54.1119 199.975
3696791 54.1119 200.202
3700979 54.1119 200.243
3701743 54.1119 200.597
3708280 54.1119 200.621
3708723 54.1119 200.857
3713075 54.1119 200.88
3713514 54.1119 201.367
3722500 54.1119 201.508
3725120 54.1119 201.519
3725320 54.1119 202.198
3737861 54.1119 202.294
3739638 54.1119 202.396
3741526 54.1119 202.48
3743073 54.1119 202.481
3743102 54.1119 202.487
3743202 54.1119 202.593
3745167 54.1119 202.734
3747772 54.1119 202.962
3751973 54.1119 203.049
3753589 54.1119 203.193
3756248 54.1119 203.22
3756750 54.1119 203.718
3765962 54.1119 203.953
3770293 54.1119 203.968
3770572 54.1119 204.031
3771743 54.1119 204.466
3779781 54.1119 204.513
3780650 54.1119 204.596
3782185 54.1119 204.608
3782406 54.1119 204.62
3782622 54.1119 204.666
3783470 54.1119 204.697
3784051 54.1119 204.891
3787625 54.1119 204.96
3788909 54.1119 204.967
3789034 54.1119 204.971
3789108 54.1119 204.993
3789524 54.1119 205.214
3793600 54.1119 205.238
3794046 54.1119 205.393
3796903 54.1119 205.571
3800193 54.1119 205.573
3800235 54.1119 205.769
3803860 54.1119 205.864
3805608 54.1119 206.041
3808878 54.1119 206.104
3810050 54.1119 206.137
3810666 54.1119 206.172
3811310 54.1119 206.239
3812535 54.1119 206.268
3813075 54.1119 206.44
3816248 54.1119 206.639
3819935 54.1119 206.692
3820910 54.1119 206.925
3825217 54.1119 207.353
3833121 54.1119 207.456
3835035 54.1119 207.575
3837230 54.1119 208.019
3845443 54.1119 208.074
3846462 54.1119 208.16
3848036 54.1119 208.177
3848357 54.1119 208.485
3854049 54.1119 209.143
3866210 54.1119 209.559
3873903 54.1119 209.912
3880416 54.1119 210.075
3883438 54.1119 210.419
3889792 54.1119 210.877
3898260 54.1119 210.962
3899826 54.1119 211.201
3904248 54.1119 211.213
3904471 54.1119 211.331
3906648 54.1119 211.344
3906880 54.1119 211.383
3907605 54.1119 211.419
3908272 54.1119 211.484
3909479 54.1119 211.794
3915194 54.1119 212.195
3922601 54.1119 212.231
3923267 54.1119 212.304
3924621 54.1119 212.461
3927517 54.1119 212.486
3927990 54.1119 213.153
3940310 54.1119 213.226
3941664 54.1119 213.602
3948619 54.1119 213.792
3952125 54.1119 213.825
3952735 54.1119 214.172
3959139 54.1119 214.179
3959277 54.1119 214.186
3959397 54.1119 214.198
3959625 54.1119 214.938
3973310 54.1119 215.013
3974680 54.1119 215.24
3978889 54.1119 215.533
3984289 54.1119 215.607
3985663 54.1119 215.705
3987477 54.1119 215.875
3990621 54.1119 216.117
3995092 54.1119 216.142
3995550 54.1119 216.215
3996893 54.1119 216.32
3998838 54.1119 216.585
4003744 54.1119 216.594
4003896 54.1119 216.628
4004542 54.1119 216.69
4005672 54.1119 216.823
4008145 54.1119 216.842
4008495 54.1119 217.12
4013626 54.1119 217.132
4013850 54.1119 217.251
4016052 54.1119 217.28
4016588 54.1119 217.419
4019153 54.1119 217.506
4020767 54.1119 217.513
4020882 54.1119 217.793
4026065 54.1119 218.089
4031524 54.1119 218.188
4033358 54.1119 218.332
4036026 54.1119 218.379
4036895 54.1119 218.415
4037560 54.1119 218.424
4037721 54.1119 218.632
4041571 54.1119 218.634
4041609 54.1119 218.777
4044243 54.1119 218.865
4045876 54.1119 218.873
4046025 54.1119 219.888
4064779 54.1119 220.213
4070785 54.1119 220.469
4075515 54.1119 220.511
4076297 54.1119 220.73
4080331 54.1119 220.919
4083829 54.1119 221.083
4086859 54.1119 221.352
4091841 54.1119 221.398
4092688 54.1119 221.593
4096283 54.1119 221.706
4098368 54.1119 221.953
4102947 54.1119 222.076
4105208 54.1119 222.109
4105816 54.1119 222.663
4116065 54.1119 222.952
4121410 54.1119 222.974
4121802 54.1119 223.007
4122421 54.1119 223.056
4123315 54.1119 223.49
4131349 54.1119 223.718
4135563 54.1119 223.958
4139998 54.1119 224.099
4142599 54.1119 224.163
4143790 54.1119 224.374
4147675 54.1119 224.539
4150724 54.1119 224.586
4151596 54.1119 224.644
4152674 54.1119 224.773
4155061 54.1119 224.887
4157156 54.1119 225.173
4162450 54.1119 225.385
4166355 54.1119 225.42
4167014 54.1119 225.526
4168970 54.1119 225.542
4169261 54.1119 225.828
4174559 54.1119 226.613
4189057 54.1119 226.688
4190439 54.1119 226.962
4195506 54.1119 226.978
4195804 54.1119 227.031
4196789 54.1119 227.142
4198839 54.1119 227.283
4201432 54.1119 227.44
4204342 54.1119 227.508
4205598 54.1119 227.572
4206774 54.1119 227.622
4207702 54.1119 227.773
4210496 54.1119 227.777
4210576 54.1119 227.856
4212025 54.1119 228.025
4215160 54.1119 228.046
4215535 54.1119 228.115
4216823 54.1119 228.162
4217675 54.1119 228.177
4217964 54.1119 228.301
4220257 54.1119 228.503
4223993 54.1119 228.789
4229271 54.1119 228.812
4229695 54.1119 228.841
4230233 54.1119 228.878
4230914 54.1119 228.989
4232974 54.1119 229.184
4236565 54.1119 229.203
4236924 54.1119 229.245
4237707 54.1119 229.366
4239932 54.1119 229.908
4249944 54.1119 230.055
4252669 54.1119 230.08
4253126 54.1119 230.397
4258990 54.1119 230.525
4261345 54.1119 230.536
4261550 54.1119 230.606
4262842 54.1119 230.614
4262989 54.1119 230.749
4265485 54.1119 230.835
4267090 54.1119 230.898
4268244 54.1119 230.964
4269471 54.1119 231.145
4272816 54.1119 231.259
4274908 54.1119 231.37
4276977 54.1119 231.552
4280337 54.1119 231.959
4287859 54.1119 232.206
4292409 54.1119 232.36
4295255 54.1119 232.567
4299085 54.1119 232.625
4300163 54.1119 233.012
4307322 54.1119 233.047
4307967 54.1119 233.064
4308269 54.1119 233.847
4322742 54.1119 233.882
4323392 54.1119 233.916
4324013 54.1119 233.982
4325246 54.1119 234.209
4329433 54.1119 234.329
4331650 54.1119 234.382
4332627 54.1119 234.383
4332642 54.1119 234.433
4333579 54.1119 234.438
4333672 54.1119 234.585
4336374 54.1119 234.719
4338851 54.1119 235.036
4344718 54.1119 235.269
4349016 54.1119 235.595
4355047 54.1119 235.89
4360502 54.1119 235.896
4360613 54.1119 235.929
4361224 54.1119 236.026
4363012 54.1119 236.067
4363762 54.1119 236.077
4363953 54.1119 236.192
4366074 54.1119 236.329
4368618 54.1119 236.478
4371374 54.1119 236.718
4375806 54.1119 237.187
4384468 54.1119 237.192
4384551 54.1119 237.256
4385741 54.1119 237.428
4388924 54.1119 237.878
4397230 54.1119 238.128
4401853 54.1119 238.728
4412944 54.1119 238.732
4413027 54.1119 238.769
4413699 54.1119 238.773
4413782 54.1119 239.175
4421215 54.1119 239.286
4423258 54.1119 239.462
4426510 54.1119 239.628
4429571 54.1119 239.82
4433135 54.1119 239.977
4436035 54.1119 239.979
4436068 54.1119 240.476
4445247 54.1119 240.846
4452079 54.1119 240.889
4452876 54.1119 240.974
4454445 54.1119 241.458
4463393 54.1119 241.808
4469873 54.1119 241.847
4470594 54.1119 241.944
4472375 54.1119 241.985
4473137 54.1119 241.99
4473231 54.1119 243.034
4492522 54.1119 243.107
4493862 54.1119 243.224
4496038 54.1119 243.394
4499178 54.1119 243.528
4501645 54.1119 243.608
4503136 54.1119 243.682
4504494 54.1119 243.693
4504697 54.1119 243.802
4506717 54.1119 243.877
4508096 54.1119 243.879
4508139 54.1119 243.981
4510015 54.1119 244.024
4510823 54.1119 244.115
4512492 54.1119 244.401
4517783 54.1119 244.513
4519859 54.1119 244.621
4521852 54.1119 244.751
4524246 54.1119 244.911
4527205 54.1119 245.087
4530467 54.1119 245.117
4531008 54.1119 245.282
4534061 54.1119 245.455
4537265 54.1119 245.779
4543248 54.1119 245.783
4543320 54.1119 245.95
4546402 54.1119 246.277
4552452 54.1119 246.334
4553507 54.1119 246.426
4555211 54.1119 246.431
4555296 54.1119 246.552
4557538 54.1119 246.554
4557571 54.1119 246.634
4559049 54.1119 246.665
4559617 54.1119 246.935
4564612 54.1119 246.965
4565162 54.1119 247.034
4566449 54.1119 247.05
4566732 54.1119 247.17
4568948 54.1119 247.22
4569881 54.1119 247.225
4569974 54.1119 247.304
4571441 54.1119 247.448
4574102 54.1119 247.731
4579331 54.1119 248.357
4590887 54.1119 248.366
4591060 54.1119 248.545
4594374 54.1119 249.075
4604156 54.1119 249.093
4604488 54.1119 249.232
4607053 54.1119 249.26
4607582 54.1119 249.299
4608309 54.1119 249.639
4614582 54.1119 249.652
4614821 54.1119 249.826
4618030 54.1119 250.069
4622525 54.1119 250.082
4622779 54.1119 250.219
4625301 54.1119 250.237
4625630 54.1119 250.365
4627991 54.1119 250.601
4632363 54.1119 250.666
4633566 54.1119 250.749
4635095 54.1119 250.77
4635476 54.1119 250.786
4635772 54.1119 251.133
4642193 54.1119 251.149
4642482 54.1119 251.267
4644662 54.1119 251.331
4645858 54.1119 251.775
4654061 54.1119 252.139
4660793 54.1119 252.206
4662028 54.1119 252.426
4666090 54.1119 252.505
4667553 54.1119 252.51
4667638 54.1119 252.656
4670336 54.1119 252.823
4673430 54.1119 252.887
4674604 54.1119 253.278
4681824 54.1119 253.48
4685569 54.1119 253.664
4688965 54.1119 253.683
4689324 54.1119 253.741
4690392 54.1119 253.78
4691107 54.1119 254.404
4702643 54.1119 254.597
4706216 54.1119 254.64
4706995 54.1119 254.687
4707865 54.1119 255.263
4718525 54.1119 255.371
4720521 54.1119 255.404
4721126 54.1119 255.563
4724053 54.1119 255.58
4724369 54.1119 255.889
4730078 54.1119 255.974
4731649 54.1119 256.018
4732475 54.1119 256.219
4736185 54.1119 256.376
4739080 54.1119 256.445
4740365 54.1119 256.733
4745687 54.1119 256.807
4747054 54.1119 256.812
4747144 54.1119 256.825
4747377 54.1119 256.973
4750126 54.1119 257.021
4750996 54.1119 257.024
4751057 54.1119 257.229
4754842 54.1119 257.269
4755582 54.1119 257.298
4756129 54.1119 257.351
4757100 54.1119 257.76
4764661 54.1119 257.982
4768772 54.1119 258.654
4781191 54.1119 258.752
4782991 54.1119 258.817
4784189 54.1119 258.898
4785684 54.1119 259.655
4799688 54.1119 259.69
4800337 54.1119 259.912
4804422 54.1119 260.356
4812636 54.1119 260.377
4813026 54.1119 260.482
4814968 54.1119 260.608
4817298 54.1119 260.773
4820334 54.1119 260.847
4821717 54.1119 260.925
4823144 54.1119 260.948
4823571 54.1119 261.098
4826348 54.1119 261.334
4830715 54.1119 261.54
4834512 54.1119 261.648
4836511 54.1119 261.874
4840695 54.1119 261.961
4842299 54.1119 262.079
4844486 54.1119 262.26
4847823 54.1119 262.29
4848372 54.1119 262.547
4853128 54.1119 262.816
4858103 54.1119 262.897
4859598 54.1119 263.236
4865862 54.1119 263.43
4869438 54.1119 263.58
4872221 54.1119 263.76
4875550 54.1119 263.853
4877260 54.1119 263.902
4878160 54.1119 264.226
4884149 54.1119 264.255
4884685 54.1119 264.303
4885571 54.1119 264.318
4885858 54.1119 264.378
4886959 54.1119 264.607
4891195 54.1119 264.618
4891390 54.1119 264.953
4897584 54.1119 265.224
4902606 54.1119 265.351
4904951 54.1119 265.366
4905216 54.1119 265.436
4906513 54.1119 265.454
4906847 54.1119 265.678
4910992 54.1119 265.71
4911586 54.1119 265.969
4916357 54.1119 265.991
4916771 54.1119 266.064
4918117 54.1119 267.186
4938856 54.1119 267.21
4939305 54.1119 267.248
4940010 54.1119 267.257
4940175 54.1119 267.328
4941474 54.1119 267.465
4944009 54.1119 267.613
4946740 54.1119 267.867
4951447 54.1119 268.069
4955179 54.1119 268.157
4956802 54.1119 268.186
4957332 54.1119 268.206
4957702 54.1119 268.639
4965703 54.1119 268.759
4967917 54.1119 269.045
4973218 54.1119 269.101
4974250 54.1119 269.363
4979087 54.1119 269.608
4983607 54.1119 269.817
4987473 54.1119 269.861
4988289 54.1119 270.117
4993027 54.1119 270.272
4995881 54.1119 270.284
