3707 65.2783 0.0283961
4142 65.2783 0.0701089
4781 65.2783 0.123833
5604 65.2783 0.269861
7841 65.2783 0.28964
8144 65.2783 0.357334
9181 65.2783 0.414648
10059 65.2783 0.423265
10191 65.2783 0.530778
11838 65.2783 1.22815
22521 65.2783 1.82342
31640 65.2783 1.86983
32351 65.2783 1.88191
32536 65.2783 2.08009
35572 65.2783 2.09504
35801 65.2783 2.12716
36293 65.2783 2.26052
38336 65.2783 2.39343
40372 65.2783 2.47705
41653 65.2783 2.58006
43231 65.2783 2.59351
43437 65.2783 2.60689
43642 65.2783 2.64012
44151 65.2783 2.95887
49034 65.2783 3.03734
50236 65.2783 3.09374
51100 65.2783 3.29995
54259 65.2783 3.42058
56107 65.2783 3.55179
58117 65.2783 3.72002
60694 65.2783 3.9592
64358 65.2783 4.24022
68663 65.2783 4.36379
70556 65.2783 4.59481
74095 65.2783 4.59958
74168 65.2783 5.02278
80651 65.2783 5.22762
83789 65.2783 5.6031
89541 65.2783 5.64586
90196 65.2783 5.66309
90460 65.2783 5.83706
93125 65.2783 5.98171
95341 65.2783 6.07121
96712 65.2783 6.32958
100670 65.2783 6.41203
101933 65.2783 6.51758
103550 65.2783 6.65996
105731 65.2783 7.20895
114141 65.2783 7.22579
114399 65.2783 7.34812
116273 65.2783 7.57816
119797 65.2783 7.83471
123727 65.2783 8.03132
126739 65.2783 8.05476
127098 65.2783 8.21495
129552 65.2783 8.55995
134837 65.2783 8.5856
135230 65.2783 8.61896
135741 65.2783 8.77902
138193 65.2783 8.90044
140053 65.2783 8.97512
141197 65.2783 9.16854
144160 65.2783 9.59937
150760 65.2783 9.82804
154263 65.2783 10.1101
158584 65.2783 10.2877
161305 65.2783 10.8387
169745 65.2783 11.0789
173425 65.2783 11.8077
184589 65.2783 11.9615
186946 65.2783 12.0254
187924 65.2783 12.058
188424 65.2783 12.1455
189764 65.2783 12.6545
197561 65.2783 12.7583
199151 65.2783 12.8537
200613 65.2783 13.2709
207004 65.2783 13.4368
209546 65.2783 13.4759
210144 65.2783 13.481
210222 65.2783 13.7124
213767 65.2783 14.0496
218933 65.2783 14.1563
220567 65.2783 14.7072
229007 65.2783 14.7923
230311 65.2783 14.8402
231045 65.2783 14.9442
232637 65.2783 15.1202
235333 65.2783 15.1449
235712 65.2783 15.3769
239266 65.2783 15.6488
243431 65.2783 15.7144
244436 65.2783 15.7605
245142 65.2783 16.3854
254716 65.2783 16.4034
254991 65.2783 16.4154
255175 65.2783 16.7571
260409 65.2783 16.8691
262125 65.2783 17.1467
266378 65.2783 17.1486
266407 65.2783 17.3667
269748 65.2783 17.3938
270163 65.2783 17.4294
270709 65.2783 17.4514
271046 65.2783 17.5044
271857 65.2783 17.7919
276262 65.2783 17.883
277657 65.2783 18.1932
282409 65.2783 18.3562
284906 65.2783 18.4718
286677 65.2783 18.5346
287639 65.2783 18.5808
288347 65.2783 19.1249
296681 65.2783 19.2204
298145 65.2783 19.2926
299251 65.2783 19.4374
301469 65.2783 19.5048
302501 65.2783 19.7246
305868 65.2783 20.3866
316010 65.2783 20.4385
316805 65.2783 21.0436
326074 65.2783 21.1047
327010 65.2783 21.4089
331671 65.2783 21.5726
334178 65.2783 21.6013
334617 65.2783 21.8628
338624 65.2783 21.9007
339205 65.2783 22.4424
347503 65.2783 22.5543
349216 65.2783 23.0427
356699 65.2783 23.4209
362492 65.2783 23.4439
362845 65.2783 23.6526
366041 65.2783 24.5351
379560 65.2783 24.9099
385302 65.2783 24.9946
386600 65.2783 25.0876
388024 65.2783 25.3617
392224 65.2783 25.7145
397628 65.2783 25.8925
400354 65.2783 26.2577
405949 65.2783 26.3006
406606 65.2783 26.7698
413794 65.2783 26.7987
414237 65.2783 26.9579
416676 65.2783 26.9814
417036 65.2783 26.9976
417283 65.2783 27.1876
420195 65.2783 27.5059
425071 65.2783 28.1918
435578 65.2783 29.0932
449386 65.2783 29.5159
455862 65.2783 29.901
461761 65.2783 30.0859
464594 65.2783 30.2463
467050 65.2783 30.2799
467565 65.2783 30.5874
472276 65.2783 30.6934
473900 65.2783 30.7301
474462 65.2783 30.8184
475815 65.2783 31.152
480925 65.2783 31.2667
482682 65.2783 31.5736
487384 65.2783 31.6576
488670 65.2783 31.8812
492095 65.2783 31.9379
492964 65.2783 31.9942
493826 65.2783 32.1483
496187 65.2783 32.3252
498898 65.2783 32.5321
502067 65.2783 32.5986
503085 65.2783 32.6188
503395 65.2783 32.7643
505624 65.2783 32.768
505680 65.2783 33.2107
512463 65.2783 33.2164
512550 65.2783 33.5985
518403 65.2783 33.6343
518951 65.2783 33.7587
520857 65.2783 33.8879
522836 65.2783 33.9099
523173 65.2783 34.2858
528932 65.2783 34.3367
529712 65.2783 34.4045
530750 65.2783 34.4167
530937 65.2783 34.5401
532828 65.2783 34.6689
534800 65.2783 35.0779
541066 65.2783 35.3186
544753 65.2783 35.3607
545399 65.2783 35.892
553537 65.2783 36.0543
556024 65.2783 36.065
556188 65.2783 36.1847
558021 65.2783 36.202
558286 65.2783 36.399
561304 65.2783 36.4594
562230 65.2783 36.4915
562721 65.2783 36.5695
563916 65.2783 36.6585
565280 65.2783 36.8942
568890 65.2783 37.4452
577331 65.2783 37.7133
581437 65.2783 37.7193
581529 65.2783 37.7628
582196 65.2783 37.9448
584984 65.2783 38.074
586963 65.2783 39.6133
610544 65.2783 40.1182
618278 65.2783 40.269
620589 65.2783 40.6593
626567 65.2783 40.892
630132 65.2783 40.9064
630353 65.2783 41.2647
635842 65.2783 41.3716
637479 65.2783 41.4475
638642 65.2783 41.4487
638660 65.2783 41.7036
642565 65.2783 41.8011
644059 65.2783 41.9259
645970 65.2783 41.9409
646201 65.2783 42.0009
647119 65.2783 42.2633
651139 65.2783 42.3189
651991 65.2783 42.4667
654255 65.2783 42.7601
658750 65.2783 42.8522
660160 65.2783 43.2941
666930 65.2783 43.3996
668546 65.2783 43.4613
669492 65.2783 43.6
671617 65.2783 43.7892
674514 65.2783 43.8441
675356 65.2783 43.875
675829 65.2783 44.1987
680787 65.2783 44.9611
692467 65.2783 45.0045
693132 65.2783 46.1673
710945 65.2783 46.2153
711680 65.2783 46.7461
719812 65.2783 46.7559
719962 65.2783 46.8741
721772 65.2783 46.917
722430 65.2783 46.9886
723527 65.2783 47.2767
727940 65.2783 47.5164
731611 65.2783 47.8129
736153 65.2783 47.8242
736327 65.2783 48.112
740736 65.2783 48.601
748226 65.2783 48.6421
748856 65.2783 48.6534
749030 65.2783 48.6946
749661 65.2783 49.0009
754353 65.2783 49.0433
755002 65.2783 49.2521
758201 65.2783 49.327
759348 65.2783 49.363
759899 65.2783 49.7811
766304 65.2783 49.9884
769480 65.2783 50.2078
772841 65.2783 50.2902
774104 65.2783 50.4208
776104 65.2783 50.4234
776144 65.2783 50.4682
776830 65.2783 50.7353
780922 65.2783 50.7461
781088 65.2783 50.8045
781982 65.2783 50.8456
782611 65.2783 51.1669
787534 65.2783 51.7708
796785 65.2783 52.2294
803810 65.2783 52.4748
807570 65.2783 52.691
810881 65.2783 52.8965
814029 65.2783 52.9738
815213 65.2783 53.1618
818094 65.2783 53.4035
821796 65.2783 53.5137
823484 65.2783 54.3137
835740 65.2783 54.3833
836806 65.2783 54.5277
839018 65.2783 54.5455
839290 65.2783 54.6601
841046 65.2783 54.891
844584 65.2783 54.967
845748 65.2783 54.9681
845765 65.2783 55.2374
849890 65.2783 55.6734
856569 65.2783 55.9303
860504 65.2783 56.0982
863076 65.2783 56.2599
865554 65.2783 56.4396
868307 65.2783 56.5312
869710 65.2783 56.6166
871018 65.2783 56.7623
873249 65.2783 56.9189
875648 65.2783 57.0048
876965 65.2783 57.3845
882782 65.2783 57.4821
884277 65.2783 57.6251
886467 65.2783 57.6524
886885 65.2783 57.7399
888226 65.2783 57.8083
889273 65.2783 57.979
891889 65.2783 58.0268
892621 65.2783 58.3457
897506 65.2783 58.4165
898590 65.2783 58.7025
902971 65.2783 58.7495
903691 65.2783 58.9938
907434 65.2783 59.0419
908171 65.2783 59.302
912155 65.2783 59.4606
914585 65.2783 59.6814
917968 65.2783 60.3202
927754 65.2783 60.3512
928228 65.2783 60.3579
928331 65.2783 60.4206
929291 65.2783 60.4338
929494 65.2783 60.4772
930158 65.2783 60.5406
931130 65.2783 60.5902
931890 65.2783 60.6056
932125 65.2783 61.0371
938736 65.2783 61.0728
939282 65.2783 61.1519
940494 65.2783 61.3517
943555 65.2783 61.3556
943614 65.2783 61.4963
945770 65.2783 61.6278
947785 65.2783 61.6465
948071 65.2783 61.8137
950632 65.2783 61.8187
950709 65.2783 62.0623
954440 65.2783 62.1452
955710 65.2783 62.2533
957367 65.2783 62.3883
959434 65.2783 62.5005
961154 65.2783 62.9488
968021 65.2783 62.957
968147 65.2783 63.0749
969952 65.2783 63.1388
970931 65.2783 63.1408
970962 65.2783 63.2298
972326 65.2783 63.4477
975664 65.2783 63.5619
977413 65.2783 63.7976
981023 65.2783 63.9121
982778 65.2783 63.9899
983970 65.2783 64.1864
986979 65.2783 64.2487
987934 65.2783 64.3454
989415 65.2783 64.3834
989998 65.2783 64.9596
998824 65.2783 65.139
1001572 65.2783 65.1869
1002307 65.2783 65.4469
1006289 65.2783 65.449
1006321 65.2783 65.6849
1009936 65.2783 65.7866
1011493 65.2783 65.8132
1011900 65.2783 66.3315
1019841 65.2783 66.4739
1022022 65.2783 66.609
1024091 65.2783 66.6454
1024649 65.2783 67.2683
1034192 65.2783 67.3965
1036155 65.2783 67.5373
1038312 65.2783 67.8595
1043248 65.2783 67.9235
1044229 65.2783 67.9716
1044965 65.2783 67.9812
1045112 65.2783 68.1398
1047542 65.2783 68.1511
1047715 65.2783 68.4851
1052831 65.2783 68.5337
1053576 65.2783 68.5849
1054361 65.2783 68.6449
1055280 65.2783 68.7019
1056153 65.2783 68.8483
1058395 65.2783 69.0673
1061751 65.2783 69.6586
1070808 65.2783 70.4467
1082881 65.2783 70.5014
1083719 65.2783 70.6478
1085962 65.2783 70.7791
1087974 65.2783 70.7854
1088070 65.2783 70.8373
1088865 65.2783 70.8669
1089319 65.2783 71.0575
1092238 65.2783 71.0965
1092836 65.2783 71.1132
1093091 65.2783 71.1346
1093419 65.2783 71.5845
1100312 65.2783 71.6751
1101699 65.2783 71.7193
1102376 65.2783 71.7296
1102534 65.2783 71.8673
1104643 65.2783 72.1671
1109236 65.2783 72.1915
1109610 65.2783 72.2551
1110584 65.2783 73.3456
1127290 65.2783 73.5648
1130648 65.2783 73.9564
1136647 65.2783 74.8639
1150549 65.2783 74.8989
1151084 65.2783 74.9779
1152295 65.2783 75.1713
1155258 65.2783 75.2309
1156170 65.2783 75.3862
1158549 65.2783 75.5472
1161016 65.2783 75.9182
1166699 65.2783 76.0518
1168746 65.2783 76.1255
1169875 65.2783 76.3497
1173309 65.2783 76.6893
1178512 65.2783 76.9057
1181827 65.2783 77.132
1185293 65.2783 77.2079
1186456 65.2783 77.2388
1186930 65.2783 77.8946
1196976 65.2783 78.098
1200092 65.2783 78.1895
1201494 65.2783 78.2922
1203066 65.2783 78.3833
1204462 65.2783 78.5293
1206699 65.2783 78.643
1208440 65.2783 78.6795
1208999 65.2783 78.7596
1210227 65.2783 78.8111
1211016 65.2783 78.9043
1212443 65.2783 79.1684
1216489 65.2783 79.4538
1220862 65.2783 79.6086
1223232 65.2783 79.6586
1223999 65.2783 79.6725
1224212 65.2783 79.6858
1224416 65.2783 79.7221
1224972 65.2783 80.2613
1233232 65.2783 80.6393
1239022 65.2783 81.2386
1248203 65.2783 81.532
1252697 65.2783 81.6296
1254193 65.2783 81.7483
1256011 65.2783 81.8525
1257607 65.2783 82.0259
1260264 65.2783 82.3957
1265929 65.2783 82.8422
1272768 65.2783 82.918
1273929 65.2783 83.7877
1287252 65.2783 83.8528
1288250 65.2783 83.8592
1288347 65.2783 84.0801
1291732 65.2783 84.0902
1291886 65.2783 84.1689
1293092 65.2783 84.4147
1296858 65.2783 84.5072
1298274 65.2783 84.5148
1298391 65.2783 85.0277
1306248 65.2783 85.275
1310037 65.2783 85.4719
1313053 65.2783 85.4751
1313102 65.2783 85.7078
1316667 65.2783 85.7223
1316889 65.2783 85.84
1318692 65.2783 85.8669
1319104 65.2783 85.8981
1319581 65.2783 86.0771
1322324 65.2783 86.2405
1324827 65.2783 86.2641
1325189 65.2783 86.3612
1326676 65.2783 86.4752
1328422 65.2783 86.5348
1329335 65.2783 86.9733
1336053 65.2783 87.0735
1337587 65.2783 87.1627
1338954 65.2783 87.1759
1339157 65.2783 87.2814
1340772 65.2783 87.3074
1341170 65.2783 87.3854
1342366 65.2783 87.4891
1343954 65.2783 87.5322
1344614 65.2783 87.6078
1345773 65.2783 87.7485
1347928 65.2783 88.0075
1351896 65.2783 88.1767
1354487 65.2783 88.3615
1357318 65.2783 88.7768
1363681 65.2783 89.0027
1367141 65.2783 89.0237
1367463 65.2783 89.0327
1367600 65.2783 89.448
1373962 65.2783 89.5112
1374931 65.2783 89.7794
1379039 65.2783 89.875
1380504 65.2783 89.9672
1381917 65.2783 89.9677
1381924 65.2783 90.0325
1382916 65.2783 90.2295
1385935 65.2783 90.345
1387704 65.2783 90.3592
1387922 65.2783 90.8231
1395028 65.2783 91.4382
1404450 65.2783 91.4667
1404887 65.2783 91.4875
1405205 65.2783 91.8967
1411475 65.2783 91.9917
1412930 65.2783 92.0069
1413163 65.2783 92.2058
1416210 65.2783 92.3637
1418628 65.2783 92.7333
1424290 65.2783 92.7583
1424673 65.2783 92.9928
1428265 65.2783 93.3528
1433780 65.2783 93.4213
1434830 65.2783 94.0217
1444027 65.2783 94.1784
1446428 65.2783 94.2402
1447374 65.2783 94.6842
1454176 65.2783 96.0822
1475592 65.2783 96.426
1480858 65.2783 96.5701
1483066 65.2783 96.8518
1487382 65.2783 96.8926
1488007 65.2783 96.9123
1488309 65.2783 96.9307
1488591 65.2783 97.1351
1491722 65.2783 97.2812
1493959 65.2783 97.3121
1494433 65.2783 97.5333
1497821 65.2783 97.604
1498905 65.2783 98.4838
1512382 65.2783 98.5295
1513082 65.2783 98.7459
1516397 65.2783 99.0513
1521076 65.2783 99.1621
1522773 65.2783 99.2613
1524292 65.2783 99.5044
1528017 65.2783 99.716
1531259 65.2783 99.9781
1535274 65.2783 99.9804
1535308 65.2783 100.149
1537890 65.2783 100.742
1546978 65.2783 100.909
1549531 65.2783 101.42
1557356 65.2783 101.45
1557826 65.2783 101.53
1559051 65.2783 101.577
1559765 65.2783 101.672
1561222 65.2783 101.704
1561706 65.2783 101.778
1562849 65.2783 102.199
1569290 65.2783 102.498
1573876 65.2783 102.65
1576201 65.2783 103.143
1583760 65.2783 103.226
1585033 65.2783 103.466
1588701 65.2783 103.56
1590139 65.2783 103.86
1594738 65.2783 104.01
1597031 65.2783 104.098
1598390 65.2783 104.146
1599119 65.2783 104.289
1601316 65.2783 104.36
1602400 65.2783 104.483
1604282 65.2783 104.534
1605065 65.2783 104.709
1607740 65.2783 104.714
1607819 65.2783 104.862
1610092 65.2783 104.954
1611504 65.2783 105.139
1614328 65.2783 105.194
1615171 65.2783 105.297
1616757 65.2783 105.547
1620591 65.2783 105.729
1623372 65.2783 105.735
1623467 65.2783 105.838
1625040 65.2783 106.015
1627759 65.2783 106.102
1629081 65.2783 106.223
1630943 65.2783 106.23
1631046 65.2783 106.361
1633047 65.2783 106.366
1633125 65.2783 106.411
1633818 65.2783 106.735
1638781 65.2783 106.859
1640679 65.2783 106.981
1642553 65.2783 107.016
1643085 65.2783 107.434
1649495 65.2783 107.716
1653807 65.2783 107.861
1656029 65.2783 107.967
1657655 65.2783 108.374
1663888 65.2783 108.517
1666086 65.2783 108.742
1669528 65.2783 108.842
1671067 65.2783 109.189
1676370 65.2783 109.513
1681334 65.2783 109.992
1688670 65.2783 110.23
1692315 65.2783 110.409
1695066 65.2783 110.598
1697956 65.2783 110.653
1698805 65.2783 110.848
1701794 65.2783 110.945
1703270 65.2783 110.965
1703588 65.2783 111.07
1705195 65.2783 111.275
1708332 65.2783 111.905
1717986 65.2783 112.025
1719817 65.2783 112.228
1722925 65.2783 112.32
1724332 65.2783 112.702
1730197 65.2783 112.887
1733023 65.2783 112.932
1733713 65.2783 112.935
1733761 65.2783 113.015
1734987 65.2783 113.28
1739050 65.2783 113.297
1739306 65.2783 113.314
1739567 65.2783 113.318
1739634 65.2783 113.417
1741140 65.2783 113.474
1742018 65.2783 113.488
1742225 65.2783 113.581
1743660 65.2783 113.602
1743974 65.2783 113.657
1744828 65.2783 113.662
1744905 65.2783 113.885
1748310 65.2783 114.135
1752144 65.2783 114.375
1755827 65.2783 114.575
1758889 65.2783 114.606
1759355 65.2783 114.715
1761025 65.2783 114.796
1762266 65.2783 114.919
1764150 65.2783 114.936
1764420 65.2783 115.461
1772457 65.2783 115.594
1774501 65.2783 115.697
1776073 65.2783 115.953
1780000 65.2783 116.041
1781335 65.2783 116.472
1787943 65.2783 116.613
1790101 65.2783 116.729
1791881 65.2783 116.84
1793581 65.2783 116.89
1794350 65.2783 117.152
1798354 65.2783 117.157
1798432 65.2783 117.895
1809742 65.2783 117.908
1809946 65.2783 117.967
1810853 65.2783 118.102
1812912 65.2783 118.115
1813120 65.2783 118.232
1814911 65.2783 118.504
1819069 65.2783 118.514
1819219 65.2783 118.836
1824159 65.2783 119.006
1826763 65.2783 119.134
1828730 65.2783 119.221
1830049 65.2783 119.229
1830171 65.2783 119.273
1830858 65.2783 119.462
1833742 65.2783 119.7
1837393 65.2783 119.859
1839835 65.2783 119.922
1840789 65.2783 120.305
1846658 65.2783 120.388
1847935 65.2783 120.43
1848578 65.2783 120.613
1851382 65.2783 120.763
1853685 65.2783 120.898
1855743 65.2783 121.097
1858792 65.2783 121.135
1859379 65.2783 121.135
1859382 65.2783 121.244
1861041 65.2783 121.334
1862422 65.2783 121.582
1866231 65.2783 121.616
1866739 65.2783 121.693
1867922 65.2783 121.728
1868465 65.2783 121.861
1870500 65.2783 122.755
1884192 65.2783 122.96
1887338 65.2783 122.973
1887535 65.2783 123.207
1891113 65.2783 123.281
1892258 65.2783 123.384
1893824 65.2783 123.411
1894235 65.2783 123.737
1899243 65.2783 123.815
1900439 65.2783 124.457
1910260 65.2783 124.477
1910571 65.2783 125.105
1920196 65.2783 125.288
1922995 65.2783 125.411
1924877 65.2783 125.433
1925212 65.2783 125.732
1929795 65.2783 126.173
1936554 65.2783 126.224
1937335 65.2783 126.466
1941041 65.2783 126.653
1943909 65.2783 126.727
1945045 65.2783 127.041
1949854 65.2783 127.044
1949895 65.2783 127.124
1951122 65.2783 127.498
1956853 65.2783 127.504
1956940 65.2783 128.167
1967093 65.2783 128.263
1968570 65.2783 128.538
1972776 65.2783 128.568
1973243 65.2783 129.027
1980274 65.2783 129.069
1980913 65.2783 129.229
1983374 65.2783 129.501
1987529 65.2783 129.919
1993942 65.2783 129.991
1995041 65.2783 130.035
1995710 65.2783 130.101
1996733 65.2783 130.13
1997165 65.2783 130.138
1997288 65.2783 130.372
2000877 65.2783 130.634
2004885 65.2783 130.682
2005629 65.2783 130.717
2006165 65.2783 131.084
2011790 65.2783 131.119
2012317 65.2783 131.29
2014943 65.2783 131.319
2015390 65.2783 131.607
2019795 65.2783 131.695
2021145 65.2783 131.922
2024624 65.2783 132.382
2031669 65.2783 132.674
2036143 65.2783 132.804
2038133 65.2783 132.827
2038485 65.2783 133.377
2046907 65.2783 133.5
2048799 65.2783 133.562
2049748 65.2783 133.689
2051699 65.2783 133.83
2053850 65.2783 133.917
2055188 65.2783 134.164
2058963 65.2783 134.212
2059707 65.2783 134.251
2060307 65.2783 134.315
2061287 65.2783 134.387
2062391 65.2783 134.388
2062407 65.2783 134.454
2063414 65.2783 134.603
2065700 65.2783 134.651
2066432 65.2783 134.942
2070893 65.2783 134.999
2071759 65.2783 135.214
2075048 65.2783 135.374
2077504 65.2783 135.633
2081478 65.2783 135.73
2082956 65.2783 135.892
2085446 65.2783 135.899
2085541 65.2783 135.926
2085953 65.2783 135.979
2086778 65.2783 136.026
2087492 65.2783 136.095
2088548 65.2783 136.151
2089406 65.2783 136.314
2091909 65.2783 136.403
2093272 65.2783 136.459
2094123 65.2783 136.606
2096374 65.2783 136.702
2097852 65.2783 136.851
2100132 65.2783 137.123
2104292 65.2783 137.139
2104544 65.2783 137.41
2108693 65.2783 137.53
2110530 65.2783 137.532
2110563 65.2783 137.591
2111468 65.2783 137.82
2114974 65.2783 138.132
2119751 65.2783 138.568
2126440 65.2783 138.802
2130025 65.2783 139.183
2135849 65.2783 139.414
2139388 65.2783 139.591
2142099 65.2783 139.623
2142599 65.2783 139.711
2143941 65.2783 139.828
2145742 65.2783 140.439
2155100 65.2783 140.651
2158335 65.2783 140.696
2159036 65.2783 141.208
2166874 65.2783 141.256
2167611 65.2783 141.344
2168955 65.2783 141.352
2169086 65.2783 141.398
2169788 65.2783 141.407
2169922 65.2783 141.656
2173743 65.2783 142.282
2183334 65.2783 142.323
2183963 65.2783 142.353
2184421 65.2783 142.494
2186577 65.2783 142.495
2186583 65.2783 142.535
2187203 65.2783 142.686
2189523 65.2783 142.996
2194264 65.2783 143.026
2194728 65.2783 143.056
2195182 65.2783 143.623
2203867 65.2783 143.743
2205716 65.2783 143.949
2208867 65.2783 144.342
2214880 65.2783 144.529
2217742 65.2783 144.569
2218355 65.2783 144.582
2218561 65.2783 144.582
2218566 65.2783 144.759
2221271 65.2783 144.802
2221936 65.2783 144.833
2222408 65.2783 145.127
2226911 65.2783 145.654
2234986 65.2783 145.954
2239575 65.2783 146.034
2240812 65.2783 146.271
2244442 65.2783 146.328
2245311 65.2783 146.335
2245416 65.2783 146.4
2246416 65.2783 146.569
2249003 65.2783 146.687
2250804 65.2783 146.795
2252465 65.2783 146.8
2252538 65.2783 146.849
2253291 65.2783 147.192
2258549 65.2783 147.2
2258661 65.2783 147.794
2267760 65.2783 147.887
2269190 65.2783 148.24
2274591 65.2783 148.407
2277161 65.2783 148.413
2277252 65.2783 148.536
2279128 65.2783 148.614
2280322 65.2783 148.687
2281452 65.2783 148.866
2284181 65.2783 149.488
2293713 65.2783 150.433
2308196 65.2783 150.549
2309965 65.2783 150.58
2310452 65.2783 150.82
2314127 65.2783 150.881
2315058 65.2783 151.365
2322470 65.2783 151.772
2328702 65.2783 151.955
2331510 65.2783 152.076
2333360 65.2783 152.803
2344503 65.2783 153.162
2349996 65.2783 153.442
2354292 65.2783 153.953
2362122 65.2783 154.187
2365696 65.2783 154.219
2366191 65.2783 154.566
2371506 65.2783 154.938
2377200 65.2783 155.38
2383980 65.2783 155.402
2384316 65.2783 155.652
2388136 65.2783 155.804
2390476 65.2783 156.307
2398175 65.2783 156.42
2399907 65.2783 156.45
2400364 65.2783 156.549
2401888 65.2783 156.62
2402967 65.2783 156.901
2407278 65.2783 157.302
2413420 65.2783 157.446
2415618 65.2783 157.464
2415905 65.2783 157.547
2417169 65.2783 157.6
2417983 65.2783 157.96
2423505 65.2783 158.706
2434933 65.2783 158.714
2435049 65.2783 158.884
2437660 65.2783 159.022
2439772 65.2783 159.091
2440818 65.2783 159.339
2444617 65.2783 159.398
2445521 65.2783 159.489
2446918 65.2783 159.523
2447440 65.2783 159.584
2448385 65.2783 159.78
2451387 65.2783 159.788
2451502 65.2783 159.851
2452474 65.2783 159.931
2453698 65.2783 160.09
2456127 65.2783 160.209
2457954 65.2783 160.331
2459819 65.2783 161.477
2477375 65.2783 161.757
2481659 65.2783 161.761
2481734 65.2783 161.788
2482134 65.2783 161.808
2482441 65.2783 161.841
2482948 65.2783 161.929
2484306 65.2783 162.057
2486254 65.2783 162.089
2486748 65.2783 162.305
2490064 65.2783 162.514
2493258 65.2783 162.534
2493564 65.2783 162.582
2494304 65.2783 162.703
2496164 65.2783 162.987
2500512 65.2783 163.007
2500812 65.2783 163.434
2507361 65.2783 164.321
2520951 65.2783 164.44
2522759 65.2783 164.587
2525019 65.2783 164.721
2527076 65.2783 164.913
2530011 65.2783 165.036
2531893 65.2783 165.351
2536721 65.2783 165.459
2538370 65.2783 165.79
2543444 65.2783 165.954
2545957 65.2783 166.299
2551244 65.2783 166.442
2553432 65.2783 166.539
2554921 65.2783 166.601
2555870 65.2783 166.617
2556119 65.2783 167.333
2567079 65.2783 167.351
2567353 65.2783 167.728
2573130 65.2783 167.843
2574901 65.2783 168.138
2579422 65.2783 168.644
2587161 65.2783 168.891
2590954 65.2783 169.09
2593998 65.2783 169.258
2596573 65.2783 169.372
2598315 65.2783 169.987
2607741 65.2783 170.01
2608089 65.2783 170.028
2608367 65.2783 170.261
2611935 65.2783 170.345
2613222 65.2783 170.676
2618295 65.2783 170.911
2621893 65.2783 171.088
2624610 65.2783 171.269
2627376 65.2783 171.41
2629538 65.2783 171.49
2630769 65.2783 171.495
2630835 65.2783 171.875
2636660 65.2783 171.908
2637163 65.2783 171.938
2637628 65.2783 172.659
2648674 65.2783 172.709
2649432 65.2783 172.899
2652347 65.2783 173.139
2656033 65.2783 173.247
2657678 65.2783 173.315
2658726 65.2783 173.708
2664750 65.2783 174.11
2670905 65.2783 174.162
2671694 65.2783 174.236
2672830 65.2783 174.278
2673471 65.2783 174.292
2673696 65.2783 174.352
2674602 65.2783 174.689
2679768 65.2783 175.038
2685117 65.2783 175.276
2688762 65.2783 175.405
2690737 65.2783 175.501
2692208 65.2783 175.646
2694431 65.2783 175.907
2698423 65.2783 176.148
2702117 65.2783 176.309
2704595 65.2783 176.471
2707067 65.2783 176.724
2710950 65.2783 176.893
2713533 65.2783 177.085
2716473 65.2783 177.101
2716714 65.2783 177.291
2719636 65.2783 177.996
2730434 65.2783 178.037
2731057 65.2783 178.163
2732992 65.2783 178.258
2734438 65.2783 178.543
2738809 65.2783 178.608
2739803 65.2783 178.67
2740753 65.2783 178.696
2741154 65.2783 178.79
2742587 65.2783 178.898
2744248 65.2783 178.998
2745779 65.2783 179.371
2751502 65.2783 179.42
2752243 65.2783 179.643
2755668 65.2783 180.17
2763736 65.2783 180.229
2764640 65.2783 180.291
2765592 65.2783 180.835
2773916 65.2783 180.881
2774634 65.2783 180.897
2774869 65.2783 181.008
2776566 65.2783 181.236
2780068 65.2783 181.587
2785443 65.2783 182.14
2793910 65.2783 182.258
2795718 65.2783 182.654
2801791 65.2783 182.811
2804198 65.2783 182.892
2805434 65.2783 183.075
2808237 65.2783 183.332
2812176 65.2783 183.428
2813646 65.2783 183.677
2817466 65.2783 184.025
2822797 65.2783 184.963
2837166 65.2783 185.004
2837781 65.2783 185.265
2841782 65.2783 185.299
2842304 65.2783 185.436
2844403 65.2783 185.54
2846001 65.2783 185.622
2847261 65.2783 185.99
2852897 65.2783 186.145
2855273 65.2783 186.198
2856076 65.2783 186.199
2856100 65.2783 186.225
2856494 65.2783 186.371
2858728 65.2783 186.59
2862082 65.2783 186.592
2862108 65.2783 186.948
2867569 65.2783 187.11
2870056 65.2783 187.515
2876254 65.2783 187.569
2877084 65.2783 187.761
2880027 65.2783 187.826
2881016 65.2783 188.574
2892483 65.2783 188.739
2895000 65.2783 189.116
2900774 65.2783 189.258
2902951 65.2783 189.296
2903533 65.2783 189.652
2908983 65.2783 190.141
2916478 65.2783 190.191
2917254 65.2783 190.312
2919095 65.2783 190.625
2923890 65.2783 190.91
2928258 65.2783 190.917
2928368 65.2783 191.008
2929760 65.2783 191.45
2936533 65.2783 191.518
2937575 65.2783 191.77
2941431 65.2783 191.818
2942176 65.2783 191.835
2942431 65.2783 191.882
2943158 65.2783 191.937
2943988 65.2783 192.144
2947159 65.2783 192.276
2949187 65.2783 192.459
2951985 65.2783 192.702
2955718 65.2783 192.82
2957515 65.2783 192.858
2958108 65.2783 192.944
2959421 65.2783 192.945
2959435 65.2783 193.257
2964221 65.2783 193.419
2966691 65.2783 193.713
2971198 65.2783 193.726
2971397 65.2783 193.764
2971989 65.2783 193.825
2972918 65.2783 193.914
2974285 65.2783 193.93
2974531 65.2783 193.985
2975370 65.2783 194.255
2979507 65.2783 194.612
2984978 65.2783 194.848
2988592 65.2783 194.974
2990516 65.2783 195.104
2992516 65.2783 195.374
2996638 65.2783 195.653
3000915 65.2783 195.82
3003477 65.2783 195.835
3003714 65.2783 195.92
3005005 65.2783 195.925
3005091 65.2783 196.006
3006334 65.2783 196.07
3007311 65.2783 196.131
3008240 65.2783 196.177
3008944 65.2783 196.292
3010715 65.2783 196.32
3011132 65.2783 196.45
3013121 65.2783 196.665
3016415 65.2783 196.693
3016852 65.2783 197.107
3023192 65.2783 197.817
3034063 65.2783 198.182
3039659 65.2783 198.467
3044032 65.2783 198.879
3050332 65.2783 199.032
3052687 65.2783 199.257
3056124 65.2783 199.474
3059458 65.2783 199.844
3065114 65.2783 199.92
3066281 65.2783 200.025
3067898 65.2783 200.193
3070465 65.2783 200.334
3072623 65.2783 200.424
3074001 65.2783 200.62
3077015 65.2783 200.732
3078718 65.2783 200.922
3081642 65.2783 200.936
3081848 65.2783 201.047
3083544 65.2783 201.179
3085565 65.2783 201.188
3085715 65.2783 201.23
3086353 65.2783 201.26
3086807 65.2783 201.289
3087254 65.2783 201.358
3088316 65.2783 201.542
3091134 65.2783 201.597
3091972 65.2783 201.721
3093875 65.2783 201.957
3097488 65.2783 202.038
3098725 65.2783 202.135
3100221 65.2783 202.288
3102563 65.2783 202.531
3106280 65.2783 202.736
3109424 65.2783 203.289
3117890 65.2783 203.444
3120264 65.2783 203.518
3121403 65.2783 204.032
3129282 65.2783 204.299
3133374 65.2783 204.352
3134175 65.2783 204.408
3135034 65.2783 204.473
3136035 65.2783 204.492
3136318 65.2783 204.574
3137586 65.2783 204.666
3138989 65.2783 204.741
3140142 65.2783 204.942
3143212 65.2783 205.17
3146703 65.2783 205.183
3146907 65.2783 205.197
3147118 65.2783 205.215
3147396 65.2783 205.259
3148080 65.2783 205.537
3152325 65.2783 205.538
3152354 65.2783 205.626
3153698 65.2783 205.769
3155883 65.2783 206.37
3165092 65.2783 207.017
3175000 65.2783 207.425
3181258 65.2783 207.603
3183979 65.2783 207.708
3185591 65.2783 208.189
3192956 65.2783 208.454
3197013 65.2783 208.459
3197095 65.2783 208.735
3201318 65.2783 208.971
3204942 65.2783 209.358
3210864 65.2783 209.515
3213273 65.2783 209.52
3213346 65.2783 209.574
3214174 65.2783 209.744
3216778 65.2783 209.749
3216854 65.2783 209.773
3217230 65.2783 210.045
3221393 65.2783 210.296
3225240 65.2783 210.363
3226266 65.2783 210.9
3234484 65.2783 210.943
3235143 65.2783 211.276
3240255 65.2783 211.433
3242652 65.2783 212.194
3254318 65.2783 212.361
3256876 65.2783 212.392
3257338 65.2783 212.613
3260722 65.2783 212.713
3262261 65.2783 212.941
3265759 65.2783 213.283
3270991 65.2783 213.321
3271575 65.2783 213.323
3271606 65.2783 213.663
3276820 65.2783 213.745
3278068 65.2783 213.836
3279468 65.2783 214.107
3283619 65.2783 214.128
3283941 65.2783 214.253
3285854 65.2783 214.361
3287512 65.2783 214.391
3287965 65.2783 214.714
3292911 65.2783 215.288
3301708 65.2783 215.409
3303564 65.2783 215.535
3305488 65.2783 215.638
3307064 65.2783 215.843
3310205 65.2783 215.887
3310884 65.2783 215.908
3311199 65.2783 215.918
3311364 65.2783 216.012
3312796 65.2783 216.33
3317677 65.2783 216.493
3320173 65.2783 216.595
3321723 65.2783 216.66
3322729 65.2783 216.793
3324764 65.2783 216.852
3325667 65.2783 216.888
3326217 65.2783 216.997
3327886 65.2783 217.025
3328317 65.2783 217.253
3331814 65.2783 217.394
3333972 65.2783 217.61
3337281 65.2783 217.941
3342348 65.2783 218.361
3348777 65.2783 218.503
3350966 65.2783 218.578
3352105 65.2783 218.608
3352569 65.2783 218.782
3355227 65.2783 218.805
3355591 65.2783 218.96
3357963 65.2783 218.966
3358054 65.2783 218.987
3358369 65.2783 219.098
3360072 65.2783 219.295
3363091 65.2783 219.386
3364478 65.2783 219.407
3364809 65.2783 219.418
3364970 65.2783 220.656
3383945 65.2783 221.47
3396407 65.2783 221.561
3397797 65.2783 221.592
3398272 65.2783 221.731
3400413 65.2783 221.996
3404470 65.2783 222.048
3405258 65.2783 222.062
3405482 65.2783 222.121
3406380 65.2783 222.233
3408103 65.2783 222.714
3415463 65.2783 222.818
3417061 65.2783 224.056
3436027 65.2783 224.238
3438814 65.2783 224.241
3438857 65.2783 224.421
3441615 65.2783 224.448
3442027 65.2783 224.561
3443761 65.2783 224.66
3445281 65.2783 224.786
3447208 65.2783 224.798
3447388 65.2783 225.053
3451291 65.2783 225.165
3453008 65.2783 225.392
3456488 65.2783 225.997
3465758 65.2783 226.083
3467071 65.2783 226.129
3467776 65.2783 226.387
3471734 65.2783 226.633
3475498 65.2783 226.733
3477034 65.2783 226.821
3478378 65.2783 226.972
3480703 65.2783 227.066
3482132 65.2783 227.441
3487886 65.2783 228.149
3498725 65.2783 228.279
3500710 65.2783 228.459
3503471 65.2783 229.01
3511915 65.2783 229.217
3515079 65.2783 229.261
3515758 65.2783 229.397
3517839 65.2783 229.596
3520899 65.2783 229.82
3524322 65.2783 230.275
3531301 65.2783 230.721
3538119 65.2783 230.769
3538866 65.2783 231.039
3543003 65.2783 231.164
3544920 65.2783 231.317
3547260 65.2783 231.339
3547601 65.2783 231.487
3549862 65.2783 231.502
3550088 65.2783 232.025
3558110 65.2783 232.394
3563751 65.2783 232.644
3567589 65.2783 232.688
3568261 65.2783 232.808
3570091 65.2783 233.072
3574145 65.2783 233.147
3575292 65.2783 233.167
3575590 65.2783 233.322
3577969 65.2783 233.569
3581751 65.2783 233.629
3582675 65.2783 233.856
3586154 65.2783 234.173
3591005 65.2783 234.276
3592589 65.2783 234.74
3599687 65.2783 234.94
3602762 65.2783 235.226
3607144 65.2783 235.485
3611105 65.2783 235.581
3612573 65.2783 235.654
3613699 65.2783 236.098
3620498 65.2783 236.36
3624503 65.2783 236.428
3625559 65.2783 236.635
3628717 65.2783 237.027
3634725 65.2783 237.036
3634864 65.2783 237.055
3635150 65.2783 237.16
3636768 65.2783 237.352
3639703 65.2783 237.424
3640814 65.2783 237.77
3646106 65.2783 238.268
3653739 65.2783 238.609
3658970 65.2783 238.677
3660012 65.2783 238.678
3660016 65.2783 238.717
3660620 65.2783 238.783
3661626 65.2783 239.108
3666611 65.2783 239.189
3667848 65.2783 239.313
3669743 65.2783 239.331
3670017 65.2783 239.345
3670241 65.2783 239.622
3674488 65.2783 239.682
3675401 65.2783 240.166
3682819 65.2783 240.371
3685951 65.2783 240.397
3686359 65.2783 240.554
3688752 65.2783 240.59
3689309 65.2783 240.922
3694394 65.2783 241.437
3702286 65.2783 241.44
3702338 65.2783 241.69
3706166 65.2783 242.509
3718703 65.2783 242.567
3719590 65.2783 242.735
3722174 65.2783 243.244
3729967 65.2783 243.525
3734275 65.2783 243.588
3735238 65.2783 243.809
3738618 65.2783 244.23
3745066 65.2783 244.361
3747082 65.2783 244.368
3747184 65.2783 244.507
3749317 65.2783 244.818
3754071 65.2783 244.855
3754638 65.2783 244.988
3756681 65.2783 245.33
3761915 65.2783 245.537
3765098 65.2783 245.706
3767680 65.2783 245.742
3768229 65.2783 246.007
3772299 65.2783 246.067
3773217 65.2783 246.086
3773502 65.2783 246.192
3775123 65.2783 246.222
3775593 65.2783 246.341
3777404 65.2783 246.374
3777914 65.2783 246.844
3785119 65.2783 247.01
3787662 65.2783 247.018
3787777 65.2783 247.282
3791830 65.2783 247.525
3795546 65.2783 247.634
3797224 65.2783 247.654
3797526 65.2783 247.693
3798122 65.2783 247.714
3798440 65.2783 248.115
3804591 65.2783 248.455
3809795 65.2783 248.528
3810918 65.2783 248.907
3816725 65.2783 248.958
3817496 65.2783 249.069
3819197 65.2783 249.847
3831112 65.2783 249.884
3831686 65.2783 249.905
3832001 65.2783 250.391
3839459 65.2783 250.393
3839485 65.2783 250.464
3840574 65.2783 250.624
3843027 65.2783 250.761
3845114 65.2783 250.926
3847645 65.2783 250.954
3848069 65.2783 250.978
3848444 65.2783 251.016
3849029 65.2783 251.086
3850105 65.2783 251.568
3857483 65.2783 251.854
3861858 65.2783 252.019
3864389 65.2783 252.046
3864806 65.2783 252.277
3868350 65.2783 252.346
3869405 65.2783 252.421
3870554 65.2783 252.433
3870732 65.2783 252.667
3874325 65.2783 252.886
3877666 65.2783 253.121
3881265 65.2783 253.182
3882202 65.2783 253.218
3882756 65.2783 253.308
3884140 65.2783 253.316
3884253 65.2783 253.485
3886855 65.2783 253.65
3889372 65.2783 253.657
3889485 65.2783 253.66
3889522 65.2783 253.921
3893534 65.2783 253.96
3894129 65.2783 254.212
3897984 65.2783 254.371
3900417 65.2783 254.985
3909821 65.2783 255.332
3915150 65.2783 255.369
3915715 65.2783 255.386
3915977 65.2783 255.457
3917052 65.2783 255.516
3917956 65.2783 255.585
3919013 65.2783 255.867
3923338 65.2783 256.136
3927452 65.2783 256.513
3933240 65.2783 256.754
3936930 65.2783 256.835
3938174 65.2783 257.248
3944489 65.2783 257.426
3947217 65.2783 257.434
3947348 65.2783 257.446
3947533 65.2783 257.539
3948946 65.2783 257.569
3949419 65.2783 257.642
3950529 65.2783 257.778
3952619 65.2783 257.779
3952628 65.2783 257.868
3953989 65.2783 257.974
3955618 65.2783 258.16
3958463 65.2783 258.315
3960842 65.2783 258.321
3960933 65.2783 258.351
3961386 65.2783 258.392
3962021 65.2783 258.427
3962556 65.2783 258.84
3968888 65.2783 258.863
3969234 65.2783 258.993
3971226 65.2783 259.035
3971876 65.2783 259.321
3976248 65.2783 259.43
3977925 65.2783 259.84
3984198 65.2783 259.921
3985445 65.2783 259.962
3986077 65.2783 260.225
3990097 65.2783 260.291
3991108 65.2783 260.383
3992512 65.2783 260.388
3992592 65.2783 260.437
3993350 65.2783 260.854
3999731 65.2783 260.95
4001202 65.2783 261.168
4004545 65.2783 261.389
4007936 65.2783 261.878
4015415 65.2783 261.918
4016029 65.2783 262.045
4017979 65.2783 262.335
4022419 65.2783 262.426
4023812 65.2783 262.545
4025634 65.2783 262.585
4026250 65.2783 262.593
4026372 65.2783 262.688
4027824 65.2783 262.848
4030280 65.2783 262.902
4031105 65.2783 262.989
4032446 65.2783 263.076
4033774 65.2783 263.237
4036237 65.2783 263.259
4036572 65.2783 263.687
4043133 65.2783 263.754
4044159 65.2783 264.017
4048182 65.2783 264.263
4051960 65.2783 264.341
4053159 65.2783 264.697
4058608 65.2783 265.18
4066009 65.2783 265.508
4071026 65.2783 265.559
4071804 65.2783 265.831
4075984 65.2783 265.868
4076537 65.2783 266.186
4081421 65.2783 266.289
4082990 65.2783 266.334
4083676 65.2783 266.403
4084745 65.2783 266.493
4086116 65.2783 266.779
4090492 65.2783 267.062
4094830 65.2783 267.205
4097025 65.2783 267.295
4098407 65.2783 267.39
4099862 65.2783 267.514
4101766 65.2783 267.787
4105948 65.2783 267.861
4107077 65.2783 268.334
4114326 65.2783 268.44
4115945 65.2783 268.732
4120412 65.2783 268.976
4124155 65.2783 269.285
4128888 65.2783 269.437
4131222 65.2783 269.618
4133987 65.2783 269.697
4135207 65.2783 269.913
4138517 65.2783 270.016
4140080 65.2783 270.192
4142780 65.2783 270.224
4143266 65.2783 270.329
4144885 65.2783 270.443
4146630 65.2783 270.467
4146998 65.2783 270.665
4150032 65.2783 270.706
4150665 65.2783 270.801
4152112 65.2783 270.893
4153516 65.2783 271.108
4156820 65.2783 271.115
4156923 65.2783 271.375
4160905 65.2783 271.465
4162292 65.2783 272.555
4178979 65.2783 272.574
4179278 65.2783 272.902
4184299 65.2783 273.076
4186966 65.2783 273.248
4189593 65.2783 273.311
4190558 65.2783 273.491
4193315 65.2783 273.836
4198609 65.2783 274.018
4201393 65.2783 274.086
4202432 65.2783 274.479
4208457 65.2783 274.697
4211796 65.2783 274.903
4214947 65.2783 275.076
4217597 65.2783 275.1
4217962 65.2783 275.348
4221764 65.2783 275.392
4222442 65.2783 275.465
4223556 65.2783 275.593
4225514 65.2783 275.942
4230868 65.2783 276.063
4232715 65.2783 276.1
4233283 65.2783 276.124
4233652 65.2783 276.177
4234464 65.2783 277.057
4247956 65.2783 277.111
4248783 65.2783 277.229
4250579 65.2783 277.345
4252356 65.2783 277.963
4261821 65.2783 278.252
4266252 65.2783 278.278
4266648 65.2783 278.591
4271455 65.2783 278.656
4272436 65.2783 278.834
4275168 65.2783 278.868
4275692 65.2783 278.915
4276414 65.2783 279.229
4281216 65.2783 279.32
4282620 65.2783 279.326
4282703 65.2783 279.753
4289251 65.2783 280.164
4295546 65.2783 280.332
4298122 65.2783 280.497
4300650 65.2783 280.646
4302925 65.2783 280.921
4307137 65.2783 280.967
4307848 65.2783 281.055
4309197 65.2783 281.318
4313229 65.2783 281.335
4313484 65.2783 281.643
4318198 65.2783 281.942
4322788 65.2783 281.953
4322943 65.2783 281.985
4323444 65.2783 282.066
4324679 65.2783 282.086
4324988 65.2783 282.275
4327876 65.2783 282.312
4328457 65.2783 282.634
4333379 65.2783 282.796
4335860 65.2783 283.044
4339663 65.2783 283.417
4345374 65.2783 283.431
4345590 65.2783 283.595
4348101 65.2783 283.675
4349334 65.2783 283.825
4351635 65.2783 283.986
4354090 65.2783 284.141
4356463 65.2783 284.248
4358110 65.2783 284.276
4358530 65.2783 284.899
4368084 65.2783 284.91
4368251 65.2783 285.255
4373530 65.2783 285.377
4375410 65.2783 285.596
4378763 65.2783 285.664
4379798 65.2783 285.9
4383422 65.2783 285.928
4383847 65.2783 286.062
4385903 65.2783 286.064
4385923 65.2783 286.116
4386716 65.2783 286.121
4386800 65.2783 286.22
4388323 65.2783 286.656
4394996 65.2783 286.732
4396161 65.2783 286.763
4396635 65.2783 286.912
4398915 65.2783 287.1
4401801 65.2783 287.112
4401983 65.2783 287.424
4406755 65.2783 287.866
4413538 65.2783 288.051
4416365 65.2783 288.29
4420032 65.2783 288.561
4424174 65.2783 288.675
4425928 65.2783 288.985
4430668 65.2783 288.988
4430715 65.2783 289.022
4431239 65.2783 289.087
4432238 65.2783 289.109
4432567 65.2783 289.248
4434695 65.2783 290.004
4446288 65.2783 290.09
4447602 65.2783 290.35
4451584 65.2783 290.522
4454216 65.2783 290.794
4458381 65.2783 290.91
4460165 65.2783 290.979
4461214 65.2783 291.095
4463000 65.2783 291.119
4463359 65.2783 291.853
4474613 65.2783 291.857
4474673 65.2783 291.901
4475347 65.2783 291.926
4475720 65.2783 292.828
4489548 65.2783 292.906
4490734 65.2783 293.015
4492402 65.2783 293.27
4496323 65.2783 293.682
4502622 65.2783 294.458
4514511 65.2783 294.85
4520513 65.2783 295.035
4523361 65.2783 295.292
4527292 65.2783 295.308
4527536 65.2783 295.554
4531299 65.2783 295.929
4537055 65.2783 296.064
4539122 65.2783 296.07
4539202 65.2783 296.676
4548486 65.2783 296.889
4551751 65.2783 297.021
4553779 65.2783 297.256
4557373 65.2783 297.645
4563330 65.2783 297.91
4567389 65.2783 298.194
4571749 65.2783 298.198
4571815 65.2783 298.502
4576471 65.2783 298.786
4580818 65.2783 299.102
4585652 65.2783 299.276
4588323 65.2783 299.642
4593928 65.2783 299.748
4595550 65.2783 299.872
4597445 65.2783 300.264
4603455 65.2783 300.406
4605639 65.2783 300.473
4606663 65.2783 300.818
4611939 65.2783 301.065
4615721 65.2783 301.234
4618324 65.2783 301.376
4620492 65.2783 301.645
4624608 65.2783 301.656
4624776 65.2783 301.681
4625160 65.2783 301.801
4627009 65.2783 302.09
4631431 65.2783 302.193
4633003 65.2783 302.416
4636424 65.2783 302.624
4639608 65.2783 302.828
4642728 65.2783 302.953
4644657 65.2783 302.955
4644679 65.2783 302.959
4644741 65.2783 303.167
4647932 65.2783 303.229
4648879 65.2783 303.353
4650774 65.2783 303.518
4653310 65.2783 303.682
4655811 65.2783 303.723
4656444 65.2783 304.177
4663407 65.2783 304.225
4664132 65.2783 304.316
4665532 65.2783 304.37
4666364 65.2783 304.387
4666614 65.2783 304.455
4667661 65.2783 304.461
4667745 65.2783 304.635
4670419 65.2783 304.971
4675561 65.2783 305.149
4678284 65.2783 305.5
4683674 65.2783 305.526
4684073 65.2783 305.572
4684773 65.2783 305.919
4690093 65.2783 306.416
4697696 65.2783 306.584
4700271 65.2783 306.759
4702961 65.2783 306.77
4703120 65.2783 307.276
4710873 65.2783 307.864
4719888 65.2783 308
4721968 65.2783 308.453
4728900 65.2783 308.541
4730250 65.2783 308.798
4734190 65.2783 308.809
4734356 65.2783 308.974
4736887 65.2783 309.115
4739046 65.2783 309.149
4739571 65.2783 309.272
4741456 65.2783 309.438
4743989 65.2783 309.712
4748185 65.2783 309.714
4748225 65.2783 309.795
4749460 65.2783 309.949
4751820 65.2783 309.96
4751994 65.2783 310.023
4752953 65.2783 310.165
4755138 65.2783 310.404
4758787 65.2783 310.674
4762925 65.2783 310.809
4764993 65.2783 310.898
4766354 65.2783 310.906
4766486 65.2783 310.909
4766531 65.2783 311.059
4768819 65.2783 311.19
4770829 65.2783 311.253
4771798 65.2783 311.403
4774090 65.2783 311.595
4777030 65.2783 311.635
4777656 65.2783 311.759
4779545 65.2783 311.761
4779582 65.2783 311.953
4782520 65.2783 312.613
4792627 65.2783 313.197
4801573 65.2783 313.25
4802384 65.2783 313.313
4803351 65.2783 313.605
4807822 65.2783 313.724
4809649 65.2783 313.911
4812508 65.2783 314.376
4819636 65.2783 315.019
4829496 65.2783 315.056
4830060 65.2783 315.176
4831901 65.2783 315.362
4834749 65.2783 315.442
4835962 65.2783 315.835
4841987 65.2783 315.85
4842215 65.2783 315.912
4843175 65.2783 315.939
4843581 65.2783 316.038
4845100 65.2783 316.161
4846991 65.2783 316.861
4857703 65.2783 317.004
4859904 65.2783 317.033
4860348 65.2783 317.119
4861652 65.2783 317.216
4863151 65.2783 317.263
4863860 65.2783 317.342
4865068 65.2783 317.363
4865394 65.2783 317.51
4867651 65.2783 317.598
4869001 65.2783 317.845
4872788 65.2783 318.407
4881390 65.2783 318.584
4884107 65.2783 318.642
4884993 65.2783 318.719
4886167 65.2783 318.774
4887012 65.2783 318.779
4887093 65.2783 319.704
4901266 65.2783 320.089
4907151 65.2783 320.393
4911819 65.2783 320.481
4913159 65.2783 320.577
4914631 65.2783 320.815
4918278 65.2783 320.862
4919002 65.2783 320.876
4919213 65.2783 321.023
4921470 65.2783 321.123
4923002 65.2783 321.314
4925922 65.2783 321.36
4926628 65.2783 321.745
4932525 65.2783 321.969
4935951 65.2783 322.067
4937464 65.2783 322.257
4940366 65.2783 323.004
4951817 65.2783 323.094
4953185 65.2783 323.961
4966469 65.2783 324.516
4974976 65.2783 324.531
4975203 65.2783 324.565
4975728 65.2783 324.825
4979700 65.2783 324.863
4980297 65.2783 325.218
4985726 65.2783 325.281
4986691 65.2783 325.304
4987047 65.2783 325.554
4990876 65.2783 325.901
4996187 65.2783 326.126
