17840	32.2854	0.0414222
19123	32.2854	0.108447
21199	32.2854	0.128076
21807	32.2854	0.14141
22220	32.2854	0.180379
23427	32.2854	0.210695
24366	32.2854	0.33183
28118	32.2854	0.368054
29240	32.2854	0.374382
29436	32.2854	0.38552
29781	32.2854	0.393172
30018	32.2854	0.401114
30264	32.2854	0.48709
32927	32.2854	0.544623
34709	32.2854	0.55405
35001	32.2854	0.57255
35574	32.2854	0.610453
36748	32.2854	0.612003
36796	32.2854	0.762227
41449	32.2854	0.787926
42245	32.2854	0.968047
47824	32.2854	1.01932
49412	32.2854	1.03123
49781	32.2854	1.07959
51279	32.2854	1.08692
51506	32.2854	1.33413
59163	32.2854	1.40316
61301	32.2854	1.56442
66296	32.2854	1.787
73190	32.2854	1.82035
74223	32.2854	1.97923
79144	32.2854	2.14695
84339	32.2854	2.35584
90809	32.2854	2.58807
98002	32.2854	2.60104
98404	32.2854	2.97323
109932	32.2854	3.0603
112629	32.2854	3.16036
115728	32.2854	3.45173
124753	32.2854	4.48383
156721	32.2854	4.50643
157421	32.2854	4.56326
159181	32.2854	4.79955
166500	32.2854	4.81127
166863	32.2854	4.81224
166893	32.2854	4.82784
167376	32.2854	4.83313
167540	32.2854	4.88982
169296	32.2854	5.07608
175065	32.2854	5.20244
178979	32.2854	5.34999
183549	32.2854	5.43335
186131	32.2854	5.61909
191884	32.2854	5.6455
192702	32.2854	5.7214
195053	32.2854	5.74891
195905	32.2854	6.00183
203739	32.2854	6.14134
208060	32.2854	6.2822
212423	32.2854	6.47413
218368	32.2854	6.52889
220064	32.2854	6.70849
225627	32.2854	6.72286
226072	32.2854	6.96336
233521	32.2854	7.00061
234675	32.2854	7.11384
238182	32.2854	7.18077
240255	32.2854	7.40764
247282	32.2854	7.41432
247489	32.2854	7.57129
252351	32.2854	7.71102
256679	32.2854	7.71406
256773	32.2854	7.71754
256881	32.2854	7.79587
259307	32.2854	7.87629
261798	32.2854	7.91497
262996	32.2854	8.00879
265902	32.2854	8.0649
267640	32.2854	8.15714
270497	32.2854	8.25684
273585	32.2854	8.30837
275181	32.2854	8.64159
285502	32.2854	8.87168
292629	32.2854	9.01907
297194	32.2854	9.36174
307808	32.2854	9.53948
313313	32.2854	9.79033
321083	32.2854	9.81916
321976	32.2854	9.92819
325353	32.2854	9.96464
326482	32.2854	10.0051
327735	32.2854	10.2023
333844	32.2854	10.319
337457	32.2854	10.3748
339185	32.2854	10.375
339191	32.2854	10.7525
350885	32.2854	10.8803
354844	32.2854	10.8936
355254	32.2854	10.8969
355357	32.2854	10.9329
356473	32.2854	10.9337
356498	32.2854	10.9833
358035	32.2854	11.1791
364099	32.2854	11.1876
364360	32.2854	11.299
367813	32.2854	11.342
369145	32.2854	11.6491
378657	32.2854	11.6803
379622	32.2854	11.8953
386281	32.2854	11.974
388718	32.2854	12.003
389619	32.2854	12.0296
390441	32.2854	12.086
392187	32.2854	12.2344
396786	32.2854	12.2446
397100	32.2854	12.2536
397379	32.2854	12.5474
406479	32.2854	12.5756
407352	32.2854	12.6059
408291	32.2854	12.64
409347	32.2854	12.9783
419827	32.2854	13.0007
420521	32.2854	13.0913
423326	32.2854	13.221
427345	32.2854	13.4908
435701	32.2854	13.9543
450056	32.2854	14.052
453083	32.2854	14.0658
453511	32.2854	14.0722
453707	32.2854	14.0751
453797	32.2854	14.081
453980	32.2854	14.0971
454480	32.2854	14.1213
455229	32.2854	14.1646
456569	32.2854	14.4191
464454	32.2854	14.4903
466657	32.2854	14.5979
469992	32.2854	14.8063
476446	32.2854	14.8067
476458	32.2854	14.9534
481002	32.2854	14.9632
481306	32.2854	15.0927
485316	32.2854	15.1996
488629	32.2854	15.2493
490166	32.2854	15.2553
490354	32.2854	15.2625
490576	32.2854	15.3828
494304	32.2854	15.3852
494376	32.2854	15.3901
494529	32.2854	15.4064
495032	32.2854	15.4373
495992	32.2854	15.513
498335	32.2854	15.6041
501157	32.2854	15.6668
503100	32.2854	15.7041
504255	32.2854	15.7252
504907	32.2854	15.919
510911	32.2854	16.0612
515315	32.2854	16.1196
517123	32.2854	16.1221
517202	32.2854	16.4285
526693	32.2854	16.4307
526761	32.2854	16.5086
529174	32.2854	16.5233
529629	32.2854	16.6
532003	32.2854	16.6944
534927	32.2854	16.9769
543678	32.2854	17.0116
544751	32.2854	17.0588
546215	32.2854	17.1065
547693	32.2854	17.1882
550223	32.2854	17.339
554893	32.2854	17.3646
555687	32.2854	17.5919
562728	32.2854	17.634
564030	32.2854	17.7466
567517	32.2854	17.7914
568905	32.2854	17.846
570598	32.2854	17.9268
573099	32.2854	18.2382
582744	32.2854	18.3756
587001	32.2854	18.3803
587146	32.2854	18.4517
589358	32.2854	18.4905
590561	32.2854	18.5087
591122	32.2854	18.5144
591301	32.2854	18.5743
593156	32.2854	18.9381
604422	32.2854	18.9408
604506	32.2854	18.9977
606268	32.2854	19.0516
607938	32.2854	19.091
609160	32.2854	19.2678
614634	32.2854	19.4165
619241	32.2854	19.4816
621257	32.2854	19.5866
624510	32.2854	19.6298
625847	32.2854	19.8221
631803	32.2854	19.8289
632014	32.2854	20.0042
637444	32.2854	20.009
637592	32.2854	20.0573
639089	32.2854	20.2675
645599	32.2854	20.2915
646343	32.2854	20.3226
647307	32.2854	20.3658
648646	32.2854	20.4347
650778	32.2854	20.8086
662360	32.2854	20.8595
663936	32.2854	20.9309
666148	32.2854	21.396
680554	32.2854	21.5158
684265	32.2854	21.5911
686598	32.2854	21.6642
688860	32.2854	21.8285
693949	32.2854	21.8419
694365	32.2854	21.8542
694747	32.2854	21.858
694863	32.2854	21.9482
697658	32.2854	22.2205
706090	32.2854	22.368
710660	32.2854	22.3702
710728	32.2854	22.5833
717329	32.2854	22.8376
725205	32.2854	23.0457
731650	32.2854	23.0459
731658	32.2854	23.0827
732797	32.2854	23.1277
734190	32.2854	23.1427
734655	32.2854	23.3033
739630	32.2854	23.4117
742988	32.2854	23.5617
747634	32.2854	23.5624
747654	32.2854	23.6056
748993	32.2854	23.6819
751357	32.2854	23.6835
751406	32.2854	23.6983
751865	32.2854	23.7166
752432	32.2854	23.8413
756293	32.2854	23.8998
758105	32.2854	23.9248
758881	32.2854	23.9351
759199	32.2854	24.0579
763001	32.2854	24.2139
767833	32.2854	24.308
770750	32.2854	24.5999
779791	32.2854	24.6267
780619	32.2854	24.9412
790362	32.2854	24.9571
790855	32.2854	24.9615
790991	32.2854	25.0097
792483	32.2854	25.1594
797120	32.2854	25.3376
802639	32.2854	25.5246
808431	32.2854	25.5651
809685	32.2854	25.7646
815865	32.2854	25.8475
818433	32.2854	26.1202
826879	32.2854	26.4681
837655	32.2854	26.4988
838607	32.2854	26.6889
844495	32.2854	26.9081
851284	32.2854	26.9142
851474	32.2854	26.9299
851959	32.2854	26.9386
852228	32.2854	27.1514
858820	32.2854	27.1528
858862	32.2854	27.2058
860505	32.2854	27.5564
871364	32.2854	27.6194
873316	32.2854	27.7866
878493	32.2854	27.8964
881894	32.2854	27.9429
883334	32.2854	27.9961
884984	32.2854	28.0182
885668	32.2854	28.1708
890395	32.2854	28.2376
892463	32.2854	28.3781
896814	32.2854	28.3925
897260	32.2854	28.4894
900263	32.2854	28.5401
901834	32.2854	28.5615
902496	32.2854	28.6492
905211	32.2854	28.6625
905625	32.2854	28.6884
906425	32.2854	28.764
908769	32.2854	28.7849
909414	32.2854	28.8088
910155	32.2854	28.8398
911116	32.2854	28.8775
912282	32.2854	28.9633
914942	32.2854	28.9737
915262	32.2854	29.3056
925544	32.2854	29.3544
927054	32.2854	29.4307
929417	32.2854	29.4858
931125	32.2854	29.5109
931902	32.2854	29.8465
942296	32.2854	29.9129
944355	32.2854	29.938
945132	32.2854	29.9972
946964	32.2854	30.1219
950827	32.2854	30.2287
954136	32.2854	30.2321
954239	32.2854	30.3302
957279	32.2854	30.3855
958993	32.2854	30.3859
959004	32.2854	30.4168
959962	32.2854	30.418
959997	32.2854	30.4735
961719	32.2854	30.6286
966521	32.2854	30.6715
967850	32.2854	31.0498
979568	32.2854	31.0988
981084	32.2854	31.1215
981790	32.2854	31.1248
981890	32.2854	31.2204
984853	32.2854	31.2404
985471	32.2854	31.2792
986672	32.2854	31.3245
988075	32.2854	31.3385
988510	32.2854	31.367
989393	32.2854	31.3766
989690	32.2854	31.6079
996854	1.88667	31.6222
1004452	1.88667	31.637
1012296	1.73503	31.6385
1013117	0.0471094	31.6386
1016391	0.0471094	31.6388
1020831	0.0471094	31.6391
1026329	0.0471094	31.6391
1027490	0.0471094	31.6392
1028154	0.0471094	31.6395
1034860	0.0471094	31.6398
1042154	0.0471094	31.6401
1048303	0.0471094	31.6405
1056893	0.0471094	31.6407
1060492	0.0471094	31.6408
1063488	0.0471094	31.6411
1069070	0.0471094	31.6412
1072197	0.0471094	31.6415
1077700	0.0471094	31.6419
1086866	0.0471094	31.6421
1090616	0.0471094	31.6422
1092923	0.0471094	31.6424
1097531	0.0471094	31.6426
1101830	0.0471094	31.643
1108865	0.0471094	31.643
1109063	0.0471094	31.6431
1111231	0.0471094	31.6435
1119923	0.0471094	31.6436
1122028	0.0471094	31.6439
1128692	0.0471094	31.644
1131359	0.0471094	31.644
1131796	0.0471094	31.6441
1131873	0.0471094	31.6441
1133596	0.0471094	31.6442
1134631	0.0471094	31.6442
1135068	0.0471094	31.6443
1138173	0.0471094	31.6445
1142365	0.0471094	31.6447
1146576	0.0471094	31.645
1152264	0.0471094	31.6451
1153769	0.0471094	31.6453
1158495	0.0471094	31.6453
1158527	0.0471094	31.6454
1160876	0.0471094	31.6454
1161478	0.0471094	31.6456
1165217	0.0471094	31.6458
1168629	0.0471094	31.646
1172396	0.0471094	31.6461
1174509	0.0471094	31.6461
1174808	0.0471094	31.6462
1177653	0.0471094	31.6464
1181944	0.0471094	31.6466
1185840	0.0471094	31.6466
1186315	0.0471094	31.6467
1187549	0.0471094	31.6471
1195953	0.0471094	31.6471
1197194	0.0471094	31.6472
1198269	0.0471094	31.6473
1200808	0.0471094	31.6473
1201143	0.0471094	31.6476
1207402	0.0471094	31.6476
1207638	0.0471094	31.6477
1210361	0.0471094	31.6482
1220741	0.0471094	31.6486
1228957	0.0471094	31.6486
1229399	0.0471094	31.6487
1229581	0.0471094	31.6487
1229948	0.0471094	31.6487
1230066	0.0471094	31.6487
1230254	0.0471094	31.6487
1230353	0.0471094	31.6488
1232494	0.0471094	31.6489
1234123	0.0471094	31.6489
1235873	0.0471094	31.6492
1241587	0.0471094	31.6493
1242992	0.0471094	31.6493
1244369	0.0471094	31.6495
1247364	0.0471094	31.6496
1249455	0.0471094	31.6499
1257049	0.0471094	31.65
1257595	0.0471094	31.65
1257612	0.0471094	31.6501
1259268	0.0471094	31.6501
1260938	0.0471094	31.6502
1261910	0.0471094	31.6502
1263290	0.0471094	31.6503
1263737	0.0471094	31.6503
1264938	0.0471094	31.6504
1266859	0.0471094	31.6506
1270443	0.0471094	31.6508
1274268	0.0471094	31.6508
1274539	0.0471094	31.651
1279364	0.0471094	31.651
1279536	0.0471094	31.651
1280128	0.0471094	31.6511
1280737	0.0471094	31.6513
1286019	0.0471094	31.6516
1291874	0.0471094	31.6516
1293030	0.0471094	31.6517
1294737	0.0471094	31.6518
1295614	0.0471094	31.6521
1303702	0.0471094	31.6524
1309513	0.0471094	31.6525
1311049	0.0471094	31.6526
1313474	0.0471094	31.6533
1328906	0.0471094	31.6533
1329262	0.0471094	31.6535
1332853	0.0471094	31.6536
1333641	0.0471094	31.6536
1335531	0.0471094	31.6538
1338495	0.0471094	31.654
1343791	0.0471094	31.6543
1349348	0.0471094	31.6543
1349475	0.0471094	31.6546
1355442	0.0471094	31.6546
1355560	0.0471094	31.6547
1358927	0.0471094	31.6551
1367362	0.0471094	31.6552
1369415	0.0471094	31.6558
1381687	0.0471094	31.6558
1382176	0.0471094	31.656
1385334	0.0471094	31.656
1385578	0.0471094	31.6564
1394011	0.0471094	31.6568
1401761	0.0471094	31.6569
1405578	0.0471094	31.657
1406616	0.0471094	31.6572
1410485	0.0471094	31.6572
1411100	0.0471094	31.6573
1413255	0.0471094	31.6573
1413633	0.0471094	31.6574
1414907	0.0471094	31.6575
1416486	0.0471094	31.6578
1423632	0.0471094	31.6578
1424767	0.0471094	31.658
1427539	0.0471094	31.6581
1429274	0.0471094	31.6581
1430625	0.0471094	31.6582
1432703	0.0471094	31.6584
1435625	0.0471094	31.6584
1436032	0.0471094	31.6588
1445608	0.0471094	31.659
1448453	0.0471094	31.6593
1455718	0.0471094	31.6595
1459173	0.0471094	31.6597
1464751	0.0471094	31.6597
1465133	0.0471094	31.6598
1467142	0.0471094	31.6602
1475012	0.0471094	31.6603
1476643	0.0471094	31.6604
1479107	0.0471094	31.6608
1486871	0.0471094	31.6608
1487773	0.0471094	31.6608
1488205	0.0471094	31.6611
1494164	0.0471094	31.6612
1496375	0.0471094	31.6613
1497406	0.0471094	31.6614
1501085	0.0471094	31.6616
1504899	0.0471094	31.6618
1508503	0.0471094	31.6619
1511788	0.0471094	31.662
1512656	0.0471094	31.6624
1522140	0.0471094	31.6624
1522352	0.0471094	31.6625
1522953	0.0471094	31.6626
1525723	0.0471094	31.6627
1528297	0.0471094	31.6628
1528949	0.0471094	31.6635
1543748	0.0471094	31.6636
1546834	0.0471094	31.6637
1549847	0.0471094	31.6639
1553243	0.0471094	31.6645
1565594	0.0471094	31.6646
1568492	0.0471094	31.6647
1569885	0.0471094	31.6648
1572303	0.0471094	31.6652
1580439	0.0471094	31.6653
1583230	0.0471094	31.6655
1587897	0.0471094	31.6657
1590656	0.0471094	31.6657
1591384	0.0471094	31.6659
1595095	0.0471094	31.6659
1595457	0.0471094	31.6667
1613614	0.0471094	31.6668
1614203	0.0471094	31.6668
1615268	0.0471094	31.667
1618439	0.0471094	31.6671
1620662	0.0471094	31.6671
1621965	0.0471094	31.6672
1624189	0.0471094	31.6672
1624298	0.0471094	31.6673
1624413	0.0471094	31.6673
1624588	0.0471094	31.6673
1624952	0.0471094	31.6673
1626456	0.0471094	31.6676
1631603	0.0471094	31.6676
1631832	0.0471094	31.6679
1637897	0.0471094	31.668
1639481	0.0471094	31.6681
1642329	0.0471094	31.6691
1664509	0.0471094	31.6693
1667364	0.0471094	31.6693
1667629	0.0471094	31.6695
1672250	0.0471094	31.6697
1676790	0.0471094	31.6699
1680343	0.0471094	31.67
1681688	0.0471094	31.6702
1686912	0.0471094	31.6703
1688323	0.0471094	31.6704
1691480	0.0471094	31.6705
1693982	0.0471094	31.6706
1694924	0.0471094	31.6707
1698281	0.0471094	31.6708
1700091	0.0471094	31.6708
1700214	0.0471094	31.671
1703650	0.0471094	31.6711
1705501	0.0471094	31.6713
1710829	0.0471094	31.6714
1712450	0.0471094	31.6714
1712732	0.0471094	31.6716
1715778	0.0471094	31.6716
1716138	0.0471094	31.6719
1722334	0.0471094	31.6719
1723140	0.0471094	31.6725
1736463	0.0471094	31.6726
1738247	0.0471094	31.6727
1739422	0.0471094	31.6729
1745021	0.0471094	31.673
1746844	0.0471094	31.6731
1749126	0.0471094	31.6732
1749736	0.0471094	31.6733
1751819	0.0471094	31.6735
1756934	0.0471094	31.6735
1757947	0.0471094	31.6736
1758851	0.0471094	31.6742
1772720	0.0471094	31.6743
1773413	0.0471094	31.6743
1774715	0.0471094	31.6744
1776712	0.0471094	31.6746
1780554	0.0471094	31.6752
1792410	0.0471094	31.6757
1804084	0.0471094	31.6759
1807492	0.0471094	31.6761
1811348	0.0471094	31.6762
1813307	0.0471094	31.6763
1815430	0.0471094	31.6764
1819455	0.0471094	31.6765
1821747	0.0471094	31.6772
1834864	0.0471094	31.6773
1838692	0.0471094	31.6774
1840603	0.0471094	31.6776
1843118	0.0471094	31.6776
1843633	0.0471094	31.6776
1844135	0.0471094	31.6778
1848519	0.0471094	31.6778
1848586	0.0471094	31.6781
1853915	0.0471094	31.6781
1854928	0.0471094	31.6784
1861624	0.0471094	31.6787
1867872	0.0471094	31.6787
1867987	0.0471094	31.6788
1869050	0.0471094	31.6788
1869502	0.0471094	31.6789
1871986	0.0471094	31.6791
1874988	0.0471094	31.6793
1879502	0.0471094	31.6793
1879960	0.0471094	31.6793
1880618	0.0471094	31.6793
1880858	0.0471094	31.6794
1882704	0.0471094	31.6796
1887104	0.0471094	31.6805
1904956	0.0471094	31.6805
1906140	0.0471094	31.6806
1907280	0.0471094	31.6806
1907725	0.0471094	31.6807
1909398	0.0471094	31.681
1916561	0.0471094	31.6811
1919118	0.0471094	31.6813
1923559	0.0471094	31.6814
1925305	0.0471094	31.6815
1926405	0.0471094	31.6816
1928131	0.0471094	31.6817
1931122	0.0471094	31.6818
1932656	0.0471094	31.6819
1935847	0.0471094	31.6822
1940687	0.0471094	31.6823
1943211	0.0471094	31.6823
1943810	0.0471094	31.6824
1945350	0.0471094	31.6824
1946018	0.0471094	31.6826
1950015	0.0471094	31.683
1958972	0.0471094	31.6831
1959986	0.0471094	31.6834
1967593	0.0471094	31.6835
1969620	0.0471094	31.6836
1971451	0.0471094	31.6837
1973874	0.0471094	31.6844
1987970	0.0471094	31.6844
1988615	0.0471094	31.6844
1988702	0.0471094	31.6848
1996677	0.0471094	31.6849
1998560	0.0471094	31.685
2000374	0.0471094	31.6853
2006767	0.0471094	31.6853
2007849	0.0471094	31.6855
2011162	0.0471094	31.6858
2018908	0.0471094	31.6861
2024846	0.0471094	31.6862
2025694	0.0471094	31.6862
2027528	0.0471094	31.6863
2028873	0.0471094	31.6864
2030135	0.0471094	31.6865
2032522	0.0471094	31.6865
2033046	0.0471094	31.6866
2035951	0.0471094	31.6868
2039074	0.0471094	31.6869
2040910	0.0471094	31.6869
2042218	0.0471094	31.6872
2048773	0.0471094	31.6874
2052727	0.0471094	31.6875
2053532	0.0471094	31.6875
2055135	0.0471094	31.6877
2059490	0.0471094	31.6878
2060605	0.0471094	31.688
2065095	0.0471094	31.6881
2067838	0.0471094	31.6882
2068479	0.0471094	31.6883
2070880	0.0471094	31.6883
2071363	0.0471094	31.6883
2071514	0.0471094	31.6886
2078509	0.0471094	31.6887
2079613	0.0471094	31.6888
2081644	0.0471094	31.689
2085062	0.0471094	31.6897
2100369	0.0471094	31.69
2107061	0.0471094	31.6901
2109352	0.0471094	31.6901
2109353	0.0471094	31.6901
2109529	0.0471094	31.6903
2112716	0.0471094	31.6905
2117339	0.0471094	31.6907
2121358	0.0471094	31.6907
2121754	0.0471094	31.6908
2124807	0.0471094	31.691
2128269	0.0471094	31.6911
2130521	0.0471094	31.6914
2136605	0.0471094	31.6916
2140267	0.0471094	31.6916
2140870	0.0471094	31.6917
2142841	0.0471094	31.6918
2145263	0.0471094	31.6922
2153901	0.0471094	31.6923
2155515	0.0471094	31.6923
2155822	0.0471094	31.6924
2158739	0.0471094	31.6925
2159915	0.0471094	31.6931
2172342	0.0471094	31.6933
2177454	0.0471094	31.6934
2180395	0.0471094	31.6939
2189462	0.0471094	31.6939
2189502	0.0471094	31.694
2193128	0.0471094	31.6941
2194282	0.0471094	31.6942
2195464	0.0471094	31.6944
2201277	0.0471094	31.6947
2206171	0.0471094	31.6949
2211231	0.0471094	31.695
2214158	0.0471094	31.6951
2215548	0.0471094	31.6952
2217710	0.0471094	31.6954
2222464	0.0471094	31.6957
2228463	0.0471094	31.6958
2229976	0.0471094	31.6959
2231476	0.0471094	31.696
2233872	0.0471094	31.696
2234931	0.0471094	31.6962
2238502	0.0471094	31.6962
2238917	0.0471094	31.6966
2247461	0.0471094	31.6967
2249977	0.0471094	31.6968
2251999	0.0471094	31.6968
2252001	0.0471094	31.6968
2252578	0.0471094	31.697
2254818	0.0471094	31.697
2256817	0.0471094	31.6971
2257958	0.0471094	31.6971
2258038	0.0471094	31.6972
2259127	0.0471094	31.6972
2260508	0.0471094	31.6972
2260977	0.0471094	31.6972
2261051	0.0471094	31.6974
2265057	0.0471094	31.6978
2273440	0.0471094	31.6979
2274514	0.0471094	31.698
2276650	0.0471094	31.6986
2290563	0.0471094	31.6987
2292161	0.0471094	31.6989
2295394	0.0471094	31.6989
2296049	0.0471094	31.6992
2301760	0.0471094	31.6992
2303167	0.0471094	31.6993
2304670	0.0471094	31.6995
2309667	0.0471094	31.6996
2310072	0.0471094	31.6996
2310476	0.0471094	31.6997
2312141	0.0471094	31.6998
2314596	0.0471094	31.6998
2314602	0.0471094	31.7001
2321397	0.0471094	31.7003
2325429	0.0471094	31.7004
2328823	0.0471094	31.7005
2330109	0.0471094	31.7015
2350826	0.0471094	31.7016
2353178	0.0471094	31.7018
2356776	0.0471094	31.7018
2356997	0.0471094	31.7018
2358164	0.0471094	31.702
2361643	0.0471094	31.702
2361809	0.0471094	31.7025
2373636	0.0471094	31.7026
2375310	0.0471094	31.7028
2378613	0.0471094	31.703
2382924	0.0471094	31.7034
2392188	0.0471094	31.7037
2398090	0.0471094	31.7039
2402423	0.0471094	31.704
2405396	0.0471094	31.7041
2405931	0.0471094	31.7041
2406989	0.0471094	31.7042
2409617	0.0471094	31.7043
2411470	0.0471094	31.7044
2412502	0.0471094	31.7051
2426933	0.0471094	31.7051
2427779	0.0471094	31.7054
2433492	0.0471094	31.7054
2433556	0.0471094	31.7054
2434813	0.0471094	31.7056
2438604	0.0471094	31.7056
2439435	0.0471094	31.7061
2447985	0.0471094	31.7067
2462458	0.0471094	31.7068
2462899	0.0471094	31.7068
2462935	0.0471094	31.7069
2465451	0.0471094	31.7069
2466286	0.0471094	31.707
2468963	0.0471094	31.707
2469152	0.0471094	31.7071
2470057	0.0471094	31.7072
2472755	0.0471094	31.7073
2475227	0.0471094	31.7075
2477978	0.0471094	31.7079
2487130	0.0471094	31.7079
2488107	0.0471094	31.708
2488298	0.0471094	31.708
2489213	0.0471094	31.7086
2501950	0.0471094	31.7088
2505977	0.0471094	31.7089
2507615	0.0471094	31.7091
2513063	0.0471094	31.7094
2518202	0.0471094	31.7094
2518970	0.0471094	31.7095
2521850	0.0471094	31.7096
2522955	0.0471094	31.7096
2523628	0.0471094	31.71
2531107	0.0471094	31.7109
2551179	0.0471094	31.711
2552872	0.0471094	31.7111
2555037	0.0471094	31.7111
2555074	0.0471094	31.7116
2565946	0.0471094	31.7117
2567374	0.0471094	31.712
2573451	0.0471094	31.712
2573754	0.0471094	31.712
2574637	0.0471094	31.712
2575264	0.0471094	31.7121
2577017	0.0471094	31.7122
2578828	0.0471094	31.7123
2580166	0.0471094	31.7123
2580936	0.0471094	31.7125
2584285	0.0471094	31.7126
2586368	0.0471094	31.7127
2590139	0.0471094	31.7129
2594411	0.0471094	31.7131
2598341	0.0471094	31.7134
2604432	0.0471094	31.7134
2605028	0.0471094	31.7137
2609934	0.0471094	31.7137
2610239	0.0471094	31.7137
2610260	0.0471094	31.7138
2613446	0.0471094	31.7141
2618438	0.0471094	31.7141
2619219	0.0471094	31.7144
2626169	0.0471094	31.7145
2626395	0.0471094	31.7145
2626766	0.0471094	31.7145
2627031	0.0471094	31.7145
2627612	0.0471094	31.7146
2629302	0.0471094	31.7146
2629941	0.0471094	31.7149
2635772	0.0471094	31.715
2637207	0.0471094	31.7157
2652919	0.0471094	31.7159
2657372	0.0471094	31.7161
2662250	0.0471094	31.7163
2666251	0.0471094	31.7164
2668089	0.0471094	31.7165
2668965	0.0471094	31.7166
2670898	0.0471094	31.7166
2672603	0.0471094	31.7169
2678546	0.0471094	31.717
2681150	0.0471094	31.7171
2681555	0.0471094	31.7171
2682872	0.0471094	31.7172
2683728	0.0471094	31.7172
2685230	0.0471094	31.7173
2686287	0.0471094	31.7174
2688722	0.0471094	31.7175
2691919	0.0471094	31.7176
2693059	0.0471094	31.7176
2693456	0.0471094	31.7177
2695525	0.0471094	31.7179
2699273	0.0471094	31.7183
2707442	0.0471094	31.7184
2710062	0.0471094	31.7185
2712213	0.0471094	31.7185
2713004	0.0471094	31.7185
2713139	0.0471094	31.7187
2715950	0.0471094	31.7187
2717034	0.0471094	31.7187
2717355	0.0471094	31.719
2722909	0.0471094	31.719
2723197	0.0471094	31.7191
2726008	0.0471094	31.7192
2726612	0.0471094	31.7193
2728703	0.0471094	31.7193
2728930	0.0471094	31.7194
2730290	0.0471094	31.7194
2732038	0.0471094	31.7195
2732782	0.0471094	31.7197
2737137	0.0471094	31.7198
2740680	0.0471094	31.72
2743515	0.0471094	31.72
2744237	0.0471094	31.7201
2747258	0.0471094	31.7202
2749331	0.0471094	31.7203
2751461	0.0471094	31.7204
2752941	0.0471094	31.7204
2753507	0.0471094	31.721
2764269	0.0471094	31.7212
2768902	0.0471094	31.7213
2771251	0.0471094	31.7213
2772137	0.0471094	31.7214
2772944	0.0471094	31.7215
2775245	0.0471094	31.7215
2775594	0.0471094	31.7215
2776300	0.0471094	31.7217
2779296	0.0471094	31.7217
2780967	0.0471094	31.722
2785723	0.0471094	31.7221
2789335	0.0471094	31.7221
2789383	0.0471094	31.7222
2790451	0.0471094	31.7222
2791018	0.0471094	31.7224
2794454	0.0471094	31.7225
2796867	0.0471094	31.7226
2799795	0.0471094	31.7227
2800397	0.0471094	31.7227
2801217	0.0471094	31.7234
2815792	0.0471094	31.7235
2819092	0.0471094	31.7236
2819814	0.0471094	31.7236
2820268	0.0471094	31.7243
2835624	0.0471094	31.7247
2843724	0.0471094	31.7249
2848378	0.0471094	31.7249
2849000	0.0471094	31.7251
2852904	0.0471094	31.7251
2853181	0.0471094	31.7252
2853648	0.0471094	31.7254
2858387	0.0471094	31.7254
2859064	0.0471094	31.7256
2861933	0.0471094	31.7256
2861989	0.0471094	31.7258
2867148	0.0471094	31.7259
2869507	0.0471094	31.7261
2872698	0.0471094	31.7261
2873103	0.0471094	31.7267
2885507	0.0471094	31.7267
2886312	0.0471094	31.7268
2888064	0.0471094	31.727
2893325	0.0471094	31.727
2893699	0.0471094	31.7271
2894568	0.0471094	31.7274
2901125	0.0471094	31.7277
2907684	0.0471094	31.7278
2909933	0.0471094	31.7278
2910679	0.0471094	31.7279
2910834	0.0471094	31.7279
2912092	0.0471094	31.7282
2918799	0.0471094	31.7285
2924460	0.0471094	31.7287
2928047	0.0471094	31.7291
2937838	0.0471094	31.7292
2940332	0.0471094	31.7293
2941446	0.0471094	31.7294
2944472	0.0471094	31.7295
2945763	0.0471094	31.7295
2946170	0.0471094	31.7297
2949786	0.0471094	31.73
2956928	0.0471094	31.7303
2962784	0.0471094	31.7305
2967120	0.0471094	31.7305
2967221	0.0471094	31.7306
2968509	0.0471094	31.7313
2982996	0.0471094	31.7313
2983983	0.0471094	31.7314
2985970	0.0471094	31.7316
2989475	0.0471094	31.7318
2994038	0.0471094	31.7318
2994400	0.0471094	31.732
2999572	0.0471094	31.732
2999843	0.0471094	31.7321
3001554	0.0471094	31.7322
3003191	0.0471094	31.7328
3014808	0.0471094	31.7328
3015157	0.0471094	31.7333
3026385	0.0471094	31.7333
3026613	0.0471094	31.7334
3029116	0.0471094	31.7336
3033219	0.0471094	31.7337
3034056	0.0471094	31.7339
3038360	0.0471094	31.7339
3038871	0.0471094	31.7339
3038949	0.0471094	31.7343
3047536	0.0471094	31.7344
3049622	0.0471094	31.7347
3055472	0.0471094	31.7348
3057230	0.0471094	31.7348
3059154	0.0471094	31.735
3062844	0.0471094	31.7351
3065285	0.0471094	31.7351
3065644	0.0471094	31.7352
3065785	0.0471094	31.7353
3069471	0.0471094	31.7356
3074803	0.0471094	31.7357
3076961	0.0471094	31.7358
3079933	0.0471094	31.7363
3089137	0.0471094	31.7363
3090961	0.0471094	31.7364
3092068	0.0471094	31.7366
3096614	0.0471094	31.7367
3098549	0.0471094	31.7367
3099139	0.0471094	31.7367
3099300	0.0471094	31.7369
3102717	0.0471094	31.7372
3108561	0.0471094	31.7373
3110534	0.0471094	31.7376
3117931	0.0471094	31.7376
3118058	0.0471094	31.7377
3120060	0.0471094	31.7379
3124095	0.0471094	31.7379
3124275	0.0471094	31.7379
3124923	0.0471094	31.7379
3125079	0.0471094	31.7384
3133803	0.0471094	31.7384
3134138	0.0471094	31.7384
3135112	0.0471094	31.7385
3135978	0.0471094	31.7385
3137632	0.0471094	31.7386
3138793	0.0471094	31.7387
3141424	0.0471094	31.7391
3150288	0.0471094	31.7392
3151837	0.0471094	31.7394
3154907	0.0471094	31.7394
3156411	0.0471094	31.7395
3157032	0.0471094	31.7397
3161988	0.0471094	31.7398
3163398	0.0471094	31.7398
3164585	0.0471094	31.7399
3165490	0.0471094	31.7401
3170343	0.0471094	31.7401
3170460	0.0471094	31.7403
3175946	0.0471094	31.7404
3177578	0.0471094	31.7405
3178214	0.0471094	31.7406
3180332	0.0471094	31.7406
3180792	0.0471094	31.7406
3181465	0.0471094	31.7407
3184373	0.0471094	31.7412
3193826	0.0471094	31.7416
3203620	0.0471094	31.7418
3207185	0.0471094	31.7419
3208493	0.0471094	31.7419
3209861	0.0471094	31.742
3211096	0.0471094	31.7421
3213067	0.0471094	31.7422
3215696	0.0471094	31.7422
3216124	0.0471094	31.7423
3217788	0.0471094	31.7426
3223699	0.0471094	31.7426
3224686	0.0471094	31.7428
3227467	0.0471094	31.7435
3243374	0.0471094	31.7436
3244282	0.0471094	31.7437
3246132	0.0471094	31.7443
3260682	0.0471094	31.7443
3260892	0.0471094	31.7444
3262999	0.0471094	31.7447
3268140	0.0471094	31.7448
3269459	0.0471094	31.7448
3269709	0.0471094	31.7448
3270309	0.0471094	31.7451
3276004	0.0471094	31.7451
3277481	0.0471094	31.7452
3279074	0.0471094	31.7455
3285741	0.0471094	31.7456
3287809	0.0471094	31.7459
3292809	0.0471094	31.7461
3297281	0.0471094	31.7461
3297576	0.0471094	31.7461
3297996	0.0471094	31.7466
3308127	0.0471094	31.7467
3311512	0.0471094	31.7468
3313180	0.0471094	31.7468
3313908	0.0471094	31.7469
3315877	0.0471094	31.747
3317148	0.0471094	31.747
3317175	0.0471094	31.7474
3324957	0.0471094	31.7481
3340335	0.0471094	31.7483
3345335	0.0471094	31.7483
3345536	0.0471094	31.7484
3346109	0.0471094	31.7487
3353796	0.0471094	31.7489
3356897	0.0471094	31.7492
3364525	0.0471094	31.7495
3370479	0.0471094	31.7497
3373823	0.0471094	31.7501
3382783	0.0471094	31.7502
3385249	0.0471094	31.7503
3386239	0.0471094	31.7504
3389775	0.0471094	31.7505
3391877	0.0471094	31.7507
3395905	0.0471094	31.7516
3415082	0.0471094	31.7517
3417070	0.0471094	31.7518
3418982	0.0471094	31.7521
3424772	0.0471094	31.7524
3431778	0.0471094	31.7524
3431998	0.0471094	31.7525
3433271	0.0471094	31.7525
3434255	0.0471094	31.7526
3436215	0.0471094	31.753
3445426	0.0471094	31.7532
3448090	0.0471094	31.7532
3449126	0.0471094	31.7535
3455310	0.0471094	31.7536
3456982	0.0471094	31.7537
3459572	0.0471094	31.7538
3461025	0.0471094	31.7541
3467376	0.0471094	31.7542
3469093	0.0471094	31.7542
3470220	0.0471094	31.7544
3473331	0.0471094	31.7544
3474203	0.0471094	31.7544
3475079	0.0471094	31.7546
3479168	0.0471094	31.7551
3488175	0.0471094	31.7551
3488705	0.0471094	31.7553
3492826	0.0471094	31.7553
3493394	0.0471094	31.7553
3493983	0.0471094	31.7555
3497488	0.0471094	31.7555
3497641	0.0471094	31.7556
3499121	0.0471094	31.756
3507304	0.0471094	31.756
3509100	0.0471094	31.7562
3512187	0.0471094	31.7567
3522870	0.0471094	31.7569
3526780	0.0471094	31.7569
3528131	0.0471094	31.757
3530423	0.0471094	31.7572
3533242	0.0471094	31.7574
3538798	0.0471094	31.7575
3539361	0.0471094	31.7576
3541560	0.0471094	31.7577
3545248	0.0471094	31.7577
3545293	0.0471094	31.7579
3548674	0.0471094	31.7582
3555663	0.0471094	31.7582
3555871	0.0471094	31.7583
3556338	0.0471094	31.7583
3557490	0.0471094	31.7584
3558316	0.0471094	31.7591
3575024	0.0471094	31.7592
3576832	0.0471094	31.7595
3583362	0.0471094	31.7598
3588592	0.0471094	31.7599
3590992	0.0471094	31.76
3592723	0.0471094	31.76
3592881	0.0471094	31.7601
3594233	0.0471094	31.7602
3596520	0.0471094	31.7604
3601619	0.0471094	31.7605
3603191	0.0471094	31.7605
3603802	0.0471094	31.7607
3607110	0.0471094	31.7608
3610549	0.0471094	31.7609
3611446	0.0471094	31.7609
3612207	0.0471094	31.761
3614057	0.0471094	31.761
3614377	0.0471094	31.7611
3617527	0.0471094	31.7612
3619064	0.0471094	31.7612
3619158	0.0471094	31.7613
3621617	0.0471094	31.7613
3621769	0.0471094	31.7614
3623272	0.0471094	31.7614
3623730	0.0471094	31.7615
3623944	0.0471094	31.7618
3630361	0.0471094	31.7623
3641000	0.0471094	31.7623
3641377	0.0471094	31.7625
3645736	0.0471094	31.7628
3651985	0.0471094	31.7628
3652762	0.0471094	31.7632
3661393	0.0471094	31.7634
3665088	0.0471094	31.7634
3665916	0.0471094	31.7635
3667535	0.0471094	31.7636
3669769	0.0471094	31.7637
3671379	0.0471094	31.7639
3675443	0.0471094	31.764
3678421	0.0471094	31.764
3679106	0.0471094	31.7642
3683378	0.0471094	31.7644
3685813	0.0471094	31.7647
3692954	0.0471094	31.7648
3694988	0.0471094	31.7649
3696345	0.0471094	31.7651
3701862	0.0471094	31.7653
3705463	0.0471094	31.7654
3708634	0.0471094	31.7655
3710264	0.0471094	31.7655
3710417	0.0471094	31.7657
3714120	0.0471094	31.7657
3714608	0.0471094	31.7659
3719164	0.0471094	31.7659
3719396	0.0471094	31.7666
3732326	0.0471094	31.7667
3735411	0.0471094	31.7669
3739511	0.0471094	31.7669
3739674	0.0471094	31.7669
3740328	0.0471094	31.767
3742705	0.0471094	31.7671
3744309	0.0471094	31.7671
3744804	0.0471094	31.7674
3749616	0.0471094	31.7674
3750984	0.0471094	31.7675
3752925	0.0471094	31.7676
3754190	0.0471094	31.7676
3754479	0.0471094	31.7676
3755078	0.0471094	31.7678
3758618	0.0471094	31.7679
3760716	0.0471094	31.7679
3761366	0.0471094	31.7679
3761877	0.0471094	31.7681
3765056	0.0471094	31.7681
3766086	0.0471094	31.7682
3767308	0.0471094	31.7683
3768481	0.0471094	31.7685
3773046	0.0471094	31.7686
3775537	0.0471094	31.7687
3776886	0.0471094	31.7687
3777465	0.0471094	31.7687
3777624	0.0471094	31.7687
3777864	0.0471094	31.7689
3782535	0.0471094	31.7691
3786586	0.0471094	31.7691
3787169	0.0471094	31.7693
3789711	0.0471094	31.7694
3793518	0.0471094	31.7696
3797295	0.0471094	31.77
3805297	0.0471094	31.77
3805575	0.0471094	31.7701
3807889	0.0471094	31.7702
3808644	0.0471094	31.7703
3811377	0.0471094	31.7709
3825045	0.0471094	31.771
3826409	0.0471094	31.7711
3828255	0.0471094	31.7712
3829998	0.0471094	31.7713
3832341	0.0471094	31.7714
3835977	0.0471094	31.7716
3838362	0.0471094	31.7716
3839228	0.0471094	31.7718
3844291	0.0471094	31.772
3847665	0.0471094	31.7723
3855028	0.0471094	31.7726
3861183	0.0471094	31.7726
3861570	0.0471094	31.7727
3862062	0.0471094	31.7727
3863761	0.0471094	31.7733
3874537	0.0471094	31.7734
3877145	0.0471094	31.7735
3878820	0.0471094	31.7735
3879061	0.0471094	31.7735
3880598	0.0471094	31.7738
3885840	0.0471094	31.7741
3891611	0.0471094	31.7741
3893045	0.0471094	31.7745
3900336	0.0471094	31.7745
3901960	0.0471094	31.7746
3903141	0.0471094	31.7747
3905490	0.0471094	31.7749
3908972	0.0471094	31.7749
3909978	0.0471094	31.7751
3912731	0.0471094	31.7752
3915704	0.0471094	31.7753
3917609	0.0471094	31.7754
3919135	0.0471094	31.7755
3921479	0.0471094	31.7755
3921860	0.0471094	31.7759
3930017	0.0471094	31.7759
3931316	0.0471094	31.776
3933437	0.0471094	31.7761
3934183	0.0471094	31.7761
3934536	0.0471094	31.7761
3934720	0.0471094	31.7764
3941230	0.0471094	31.7769
3951155	0.0471094	31.7776
3967188	0.723131	31.7796
3969898	0.723131	31.7822
3973464	0.723131	31.7834
3975201	0.723131	31.786
3978721	0.723131	31.786
3978741	0.723131	31.7914
3986221	0.723131	31.792
3987015	0.723131	31.799
3996751	30.4599	31.9142
4000534	30.4599	32.066
4005518	30.4599	32.0801
4005981	30.4599	32.1269
4007515	30.4599	32.1292
4007591	30.4599	32.2634
4011996	30.4599	32.3261
4014057	30.4599	32.4302
4017472	30.4599	32.4949
4019596	30.4599	32.5352
4020922	30.4599	32.7573
4028213	30.4599	33.035
4037328	30.4599	33.0439
4037622	30.4599	33.157
4041333	30.4599	33.1709
4041791	30.4599	33.2241
4043536	30.4599	33.2526
4044473	30.4599	33.2689
4045009	30.4599	33.2809
4045403	30.4599	33.4154
4049818	30.4599	33.4683
4051555	30.4599	33.4975
4052514	30.4599	33.5084
4052872	30.4599	33.5504
4054249	30.4599	33.5705
4054911	30.4599	33.7618
4061190	30.4599	34.0484
4070598	30.4599	34.0921
4072033	30.4599	34.1075
4072540	30.4599	34.1422
4073679	30.4599	34.2444
4077033	30.4599	34.3235
4079632	30.4599	34.3677
4081083	30.4599	34.4143
4082610	30.4599	34.4253
4082974	30.4599	34.5707
4087746	30.4599	34.5795
4088036	30.4599	34.6469
4090248	30.4599	34.697
4091893	30.4599	34.8572
4097153	30.4599	35.0461
4103353	30.4599	35.2491
4110019	30.4599	35.2493
4110026	30.4599	35.4246
4115780	30.4599	35.4266
4115847	30.4599	35.4491
4116583	30.4599	35.4577
4116866	30.4599	35.6171
4122100	30.4599	35.6804
4124177	30.4599	35.8171
4128665	30.4599	35.8388
4129377	30.4599	35.882
4130795	30.4599	35.9613
4133400	30.4599	36.1571
4139829	30.4599	36.2505
4142893	30.4599	36.9552
4166028	30.4599	36.9677
4166439	30.4599	36.9944
4167317	30.4599	37.1074
4171027	30.4599	37.1341
4171904	30.4599	37.136
4171964	30.4599	37.3045
4177497	30.4599	37.3971
4180537	30.4599	37.6346
4188335	30.4599	37.6443
4188652	30.4599	37.7054
4190658	30.4599	37.7369
4191693	30.4599	37.768
4192714	30.4599	37.805
4193927	30.4599	37.8503
4195415	30.4599	37.8872
4196627	30.4599	37.9513
4198730	30.4599	38.0512
4202011	30.4599	38.0551
4202139	30.4599	38.113
4204041	30.4599	38.167
4205814	30.4599	38.8425
4227991	30.4599	38.9728
4232268	30.4599	39.0676
4235381	30.4599	39.1606
4238434	30.4599	39.2844
4242498	30.4599	39.7025
4256222	30.4599	39.7215
4256849	30.4599	39.7374
4257370	30.4599	39.7801
4258770	30.4599	39.8633
4261503	30.4599	39.9313
4263734	30.4599	39.9479
4264280	30.4599	39.9484
4264295	30.4599	39.9773
4265244	30.4599	39.9971
4265895	30.4599	40.2369
4273768	30.4599	40.4121
4279520	30.4599	40.4431
4280537	30.4599	40.4952
4282248	30.4599	40.5181
4283001	30.4599	40.724
4289759	30.4599	40.8457
4293754	30.4599	40.9211
4296232	30.4599	41.1191
4302731	30.4599	41.1939
4305188	30.4599	41.2384
4306646	30.4599	41.2819
4308076	30.4599	41.3011
4308705	30.4599	41.4191
4312579	30.4599	41.4748
4314407	30.4599	41.5267
4316113	30.4599	41.6964
4321683	30.4599	41.7024
4321879	30.4599	41.7605
4323789	30.4599	41.7776
4324349	30.4599	41.8048
4325243	30.4599	41.8223
4325817	30.4599	41.9124
4328775	30.4599	42.0061
4331851	30.4599	42.0359
4332830	30.4599	42.1557
4336762	30.4599	42.1765
4337445	30.4599	42.2173
4338784	30.4599	42.2653
4340362	30.4599	42.3299
4342481	30.4599	42.5504
4349720	30.4599	42.5794
4350673	30.4599	42.9914
4364199	30.4599	43.0032
4364585	30.4599	43.0902
4367441	30.4599	43.2871
4373907	30.4599	43.3048
4374489	30.4599	43.3359
4375509	30.4599	43.3843
4377099	30.4599	43.4209
4378299	30.4599	43.4831
4380342	30.4599	43.6315
4385214	30.4599	43.8074
4390988	30.4599	43.8751
4393209	30.4599	44.0283
4398241	30.4599	44.0446
4398775	30.4599	44.1332
4401683	30.4599	44.2024
4403955	30.4599	44.3888
4410075	30.4599	44.4333
4411536	30.4599	44.6275
4417912	30.4599	44.7549
4422094	30.4599	44.84
4424889	30.4599	44.8933
4426637	30.4599	44.9089
4427150	30.4599	44.949
4428467	30.4599	45.0606
4432132	30.4599	45.1478
4434993	30.4599	45.3919
4443007	30.4599	45.3986
4443227	30.4599	45.663
4451908	30.4599	45.6678
4452064	30.4599	45.6729
4452233	30.4599	45.9539
4461457	30.4599	46.0588
4464900	30.4599	46.0936
4466045	30.4599	46.1532
4468002	30.4599	46.2102
4469871	30.4599	46.2853
4472336	30.4599	46.3302
4473811	30.4599	46.43
4477088	30.4599	46.4347
4477243	30.4599	46.482
4478796	30.4599	46.5038
4479512	30.4599	46.5061
4479585	30.4599	46.7422
4487336	30.4599	46.8775
4491780	30.4599	46.9902
4495481	30.4599	47.5856
4515026	30.4599	47.6078
4515754	30.4599	47.6181
4516095	30.4599	47.6907
4518476	30.4599	47.8658
4524224	30.4599	47.9641
4527454	30.4599	48.0833
4531367	30.4599	48.118
4532505	30.4599	48.1185
4532520	30.4599	48.4584
4543680	30.4599	48.8275
4555797	30.4599	48.8324
4555959	30.4599	48.9839
4560932	30.4599	49.0867
4564307	30.4599	49.2604
4570011	30.4599	49.4037
4574714	30.4599	49.4154
4575098	30.4599	49.541
4579222	30.4599	49.6003
4581169	30.4599	49.6128
4581579	30.4599	49.6657
4583316	30.4599	50.12
4598232	30.4599	50.1459
4599082	30.4599	50.1467
4599106	30.4599	50.2932
4603918	30.4599	50.3411
4605490	30.4599	50.3761
4606639	30.4599	50.6218
4614706	30.4599	50.6596
4615945	30.4599	50.7387
4618543	30.4599	50.858
4622460	30.4599	50.9068
4624062	30.4599	51.2441
4635134	30.4599	51.3051
4637139	30.4599	51.3318
4638013	30.4599	51.4192
4640884	30.4599	51.4452
4641738	30.4599	51.5005
4643552	30.4599	51.7225
4650842	30.4599	51.9618
4658699	30.4599	52.0122
4660352	30.4599	52.077
4662479	30.4599	52.1283
4664164	30.4599	52.1657
4665390	30.4599	52.1698
4665526	30.4599	52.1952
4666359	30.4599	52.3298
4670778	30.4599	52.333
4670885	30.4599	52.3342
4670924	30.4599	52.336
4670981	30.4599	52.3745
4672247	30.4599	52.3852
4672597	30.4599	52.3878
4672682	30.4599	52.4161
4673613	30.4599	52.4297
4674059	30.4599	52.4999
4676364	30.4599	52.5667
4678556	30.4599	52.6574
4681533	30.4599	52.744
4684377	30.4599	52.7593
4684880	30.4599	52.9337
4690604	30.4599	52.9802
4692133	30.4599	53.0183
4693381	30.4599	53.0334
4693879	30.4599	53.0335
4693882	30.4599	53.1256
4696905	30.4599	53.1278
4696976	30.4599	53.2116
4699730	30.4599	53.2588
4701279	30.4599	53.4222
4706643	30.4599	53.5529
4710935	30.4599	53.835
4720196	30.4599	53.943
4723742	30.4599	54.0454
4727102	30.4599	54.1355
4730059	30.4599	54.16
4730863	30.4599	54.1635
4730979	30.4599	54.1639
4730994	30.4599	54.346
4736972	30.4599	54.3696
4737747	30.4599	54.3992
4738718	30.4599	54.5548
4743826	30.4599	54.6694
4747589	30.4599	54.7747
4751044	30.4599	54.8879
4754760	30.4599	55.1441
4763173	30.4599	55.1989
4764973	30.4599	55.2549
4766810	30.4599	55.3335
4769391	30.4599	55.3529
4770026	30.4599	55.3879
4771177	30.4599	55.4385
4772838	30.4599	55.4407
4772909	30.4599	55.4772
4774109	30.4599	55.4967
4774748	30.4599	55.5055
4775038	30.4599	55.5723
4777230	30.4599	55.602
4778204	30.4599	55.6346
4779275	30.4599	55.6907
4781117	30.4599	55.8407
4786041	30.4599	55.8452
4786191	30.4599	56.0273
4792167	30.4599	56.0698
4793563	30.4599	56.0832
4794003	30.4599	56.1821
4797250	30.4599	56.304
4801251	30.4599	56.3161
4801649	30.4599	56.4923
4807433	30.4599	56.5013
4807730	30.4599	56.5816
4810366	30.4599	56.6225
4811708	30.4599	56.6857
4813782	30.4599	56.7929
4817304	30.4599	56.823
4818290	30.4599	56.8827
4820252	30.4599	56.9479
4822393	30.4599	57.0115
4824478	30.4599	57.1173
4827952	30.4599	57.192
4830404	30.4599	57.2835
4833408	30.4599	57.2923
4833698	30.4599	57.4945
4840337	30.4599	57.6101
4844131	30.4599	57.6376
4845034	30.4599	57.6811
4846463	30.4599	57.7045
4847231	30.4599	57.7446
4848546	30.4599	57.8122
4850767	30.4599	58.106
4860412	30.4599	58.2042
4863637	30.4599	58.2666
4865686	30.4599	58.3292
4867740	30.4599	58.4339
4871178	30.4599	58.4678
4872291	30.4599	58.5295
4874317	30.4599	58.6005
4876647	30.4599	58.7788
4882501	30.4599	58.8768
4885718	30.4599	59.0172
4890327	30.4599	59.0769
4892288	30.4599	59.1287
4893989	30.4599	59.2584
4898247	30.4599	59.2785
4898906	30.4599	59.3179
4900198	30.4599	59.3442
4901062	30.4599	59.3816
4902290	30.4599	59.5855
4908983	30.4599	59.5957
4909320	30.4599	59.5987
4909416	30.4599	59.6498
4911094	30.4599	59.9173
4919877	30.4599	59.9654
4921456	30.4599	60.1068
4926097	30.4599	60.3124
4932848	30.4599	60.3594
4934390	30.4599	60.41
4936052	30.4599	60.5645
4941126	30.4599	60.7163
4946110	30.4599	60.8616
4950877	30.4599	60.9079
4952398	30.4599	61.0082
4955691	30.4599	61.1631
4960778	30.4599	61.1804
4961344	30.4599	61.2148
4962474	30.4599	61.2824
4964695	30.4599	61.2986
4965227	30.4599	61.4242
4969349	30.4599	61.4953
4971683	30.4599	61.5138
4972290	30.4599	61.524
4972624	30.4599	61.6906
4978094	30.4599	61.7109
4978762	30.4599	61.7157
4978920	30.4599	61.7647
4980528	30.4599	61.9983
4988195	30.4599	62.0177
4988834	30.4599	62.0877
4991130	30.4599	62.119
4992159	30.4599	62.2608
4996813	30.4599	62.2953
