1018 44.4842 0.157385
4556 44.4842 0.31735
8152 44.4842 0.340126
8664 44.4842 0.362057
9157 44.4842 0.497467
12201 44.4842 0.499513
12247 44.4842 0.828429
19641 44.4842 0.909123
21455 44.4842 0.934212
22019 44.4842 1.14685
26799 44.4842 1.53075
35429 44.4842 1.76638
40726 44.4842 1.7666
40731 44.4842 1.90081
43748 44.4842 1.92012
44182 44.4842 2.07972
47770 44.4842 2.09854
48193 44.4842 2.29614
52635 44.4842 2.30984
52943 44.4842 2.41304
55263 44.4842 2.4602
56323 44.4842 2.52007
57669 44.4842 2.59641
59385 44.4842 3.07012
70034 44.4842 3.16091
72075 44.4842 3.17679
72432 44.4842 3.19561
72855 44.4842 3.28209
74799 44.4842 3.34904
76304 44.4842 3.68293
83810 44.4842 3.70442
84293 44.4842 3.8296
87107 44.4842 4.27849
97198 44.4842 4.30514
97797 44.4842 4.37925
99463 44.4842 4.41728
100318 44.4842 4.63063
105114 44.4842 4.72511
107238 44.4842 4.79606
108833 44.4842 4.81297
109213 44.4842 4.8595
110259 44.4842 5.06853
114958 44.4842 5.30861
120355 44.4842 5.41439
122733 44.4842 5.42934
123069 44.4842 6.08926
137904 44.4842 6.69736
151574 44.4842 6.73531
152427 44.4842 6.79505
153770 44.4842 7.17855
162391 44.4842 7.25453
164099 44.4842 7.26987
164444 44.4842 7.27632
164589 44.4842 7.35568
166373 44.4842 7.39398
167234 44.4842 7.7269
174718 44.4842 7.75546
175360 44.4842 7.76792
175640 44.4842 7.80809
176543 44.4842 7.8685
177901 44.4842 7.99038
180641 44.4842 8.23109
186052 44.4842 8.31285
187890 44.4842 8.47415
191516 44.4842 8.61899
194772 44.4842 8.99506
203226 44.4842 8.99559
203238 44.4842 9.09439
205459 44.4842 9.13389
206347 44.4842 9.275
209519 44.4842 9.32264
210590 44.4842 9.45938
213664 44.4842 9.60494
216936 44.4842 9.6157
217178 44.4842 9.67295
218465 44.4842 9.70058
219086 44.4842 10.0037
225901 44.4842 10.0604
227174 44.4842 10.2545
231538 44.4842 10.4079
234987 44.4842 10.4311
235507 44.4842 10.469
236361 44.4842 10.8396
244690 44.4842 11.0308
248990 44.4842 11.3013
255070 44.4842 11.3061
255177 44.4842 11.3214
255523 44.4842 11.3858
256969 44.4842 11.4001
257290 44.4842 11.4351
258078 44.4842 11.4383
258149 44.4842 11.4656
258764 44.4842 11.558
260841 44.4842 11.9513
269683 44.4842 11.9751
270216 44.4842 12.0082
270960 44.4842 12.3396
278412 44.4842 12.4796
281559 44.4842 12.4837
281650 44.4842 13.041
294179 44.4842 13.1305
296191 44.4842 13.2606
299115 44.4842 13.5479
305573 44.4842 13.7612
310369 44.4842 14.257
321515 44.4842 14.4038
324813 44.4842 14.4575
326020 44.4842 14.5086
327169 44.4842 14.5259
327559 44.4842 14.5274
327593 44.4842 14.5983
329186 44.4842 14.8257
334299 44.4842 14.8295
334383 44.4842 15.0374
339057 44.4842 15.2498
343832 44.4842 15.3888
346957 44.4842 15.3914
347015 44.4842 15.4192
347641 44.4842 15.42
347659 44.4842 15.5823
351306 44.4842 15.6
351704 44.4842 15.6841
353594 44.4842 15.6886
353696 44.4842 15.6894
353715 44.4842 15.7708
355544 44.4842 15.8055
356323 44.4842 16.1221
363441 44.4842 16.1991
365173 44.4842 16.2664
366684 44.4842 16.5351
372725 44.4842 16.6264
374778 44.4842 16.7601
377784 44.4842 17.0506
384314 44.4842 17.107
385582 44.4842 17.2645
389123 44.4842 17.4665
393663 44.4842 17.5796
396205 44.4842 17.6588
397986 44.4842 17.9072
403570 44.4842 18.07
407229 44.4842 18.1196
408345 44.4842 18.3725
414031 44.4842 18.4682
416182 44.4842 18.5454
417917 44.4842 18.6407
420060 44.4842 18.7374
422233 44.4842 18.7449
422401 44.4842 18.9441
426879 44.4842 19.0286
428779 44.4842 19.4621
438524 44.4842 19.5686
440919 44.4842 19.5832
441247 44.4842 19.6607
442988 44.4842 19.7002
443877 44.4842 20.3307
458051 44.4842 20.3773
459098 44.4842 20.4878
461581 44.4842 20.7358
467156 44.4842 20.8419
469541 44.4842 21.0119
473363 44.4842 21.4789
483861 44.4842 21.7477
489905 44.4842 21.9025
493384 44.4842 22.0482
496660 44.4842 22.4525
505747 44.4842 22.5417
507753 44.4842 22.6592
510394 44.4842 22.891
515605 44.4842 23.0613
519433 44.4842 23.1196
520745 44.4842 23.3317
525513 44.4842 23.3661
526285 44.4842 23.6154
531890 44.4842 23.6762
533256 44.4842 23.7252
534357 44.4842 23.7378
534642 44.4842 23.999
540512 44.4842 24.0946
542662 44.4842 24.165
544244 44.4842 24.2702
546609 44.4842 24.2965
547200 44.4842 24.5692
553330 44.4842 24.6361
554835 44.4842 24.9999
563014 44.4842 25.0007
563031 44.4842 25.1176
565660 44.4842 25.3982
571968 44.4842 25.4329
572747 44.4842 25.4424
572961 44.4842 25.6165
576874 44.4842 25.6309
577197 44.4842 25.9447
584253 44.4842 26.0899
587517 44.4842 26.2665
591487 44.4842 26.4548
595719 44.4842 26.5568
598012 44.4842 26.5752
598426 44.4842 26.6708
600574 44.4842 26.6875
600951 44.4842 26.7092
601439 44.4842 27.0759
609681 44.4842 27.0934
610075 44.4842 27.1051
610339 44.4842 27.1094
610435 44.4842 27.2303
613153 44.4842 27.3218
615210 44.4842 27.3396
615610 44.4842 27.4448
617974 44.4842 27.626
622048 44.4842 27.6778
623213 44.4842 28.0505
631591 44.4842 28.3548
638431 44.4842 28.4058
639577 44.4842 28.4999
641693 44.4842 28.6942
646061 44.4842 29.2004
657440 44.4842 29.317
660061 44.4842 29.3993
661911 44.4842 29.587
666130 44.4842 29.6178
666824 44.4842 29.9589
674492 44.4842 29.9963
675331 44.4842 30.021
675887 44.4842 30.0985
677629 44.4842 30.2179
680313 44.4842 30.3468
683211 44.4842 30.6073
689068 44.4842 30.6168
689281 44.4842 30.6816
690737 44.4842 30.687
690858 44.4842 30.7169
691530 44.4842 31.1437
701125 44.4842 31.545
710147 44.4842 31.6276
712004 44.4842 31.6509
712526 44.4842 31.6753
713075 44.4842 31.8193
716312 44.4842 31.859
717204 44.4842 31.9638
719560 44.4842 32.0586
721692 44.4842 32.5213
732094 44.4842 32.5895
733626 44.4842 32.8061
738496 44.4842 32.8437
739341 44.4842 32.857
739640 44.4842 32.9824
742458 44.4842 33.1077
745275 44.4842 33.2627
748761 44.4842 33.3908
751639 44.4842 33.4181
752254 44.4842 33.432
752567 44.4842 33.5468
755147 44.4842 33.7742
760259 44.4842 33.7855
760513 44.4842 33.9332
763832 44.4842 33.9825
764941 44.4842 34.0458
766365 44.4842 34.1042
767678 44.4842 34.6595
780160 44.4842 34.8544
784542 44.4842 34.9368
786393 44.4842 34.9522
786739 44.4842 34.9569
786845 44.4842 35.1639
791499 44.4842 35.1787
791832 44.4842 35.4071
796967 44.4842 35.4591
798134 44.4842 35.759
804877 44.4842 35.8047
805903 44.4842 35.9326
808780 44.4842 35.9916
810105 44.4842 36.4366
820110 44.4842 36.4749
820971 44.4842 36.4813
821113 44.4842 36.5119
821801 44.4842 36.5176
821930 44.4842 36.5573
822822 44.4842 36.7089
826231 44.4842 36.8159
828635 44.4842 36.8579
829579 44.4842 36.9297
831193 44.4842 36.9853
832443 44.4842 37.0126
833057 44.4842 37.0804
834581 44.4842 37.1894
837032 44.4842 37.1976
837216 44.4842 37.3603
840873 44.4842 37.556
845273 44.4842 37.8471
851817 44.4842 37.8655
852230 44.4842 37.9496
854122 44.4842 38.1652
858968 44.4842 38.2133
860048 44.4842 38.524
867034 44.4842 38.5634
867920 44.4842 38.6043
868838 44.4842 38.6899
870763 44.4842 38.7577
872288 44.4842 39.0422
878683 44.4842 39.126
880566 44.4842 39.1865
881926 44.4842 39.2844
884128 44.4842 39.3647
885933 44.4842 39.4438
887711 44.4842 39.5417
889912 44.4842 39.5449
889984 44.4842 39.5606
890336 44.4842 39.6894
893231 44.4842 39.8055
895841 44.4842 40.0895
902225 44.4842 40.1297
903129 44.4842 40.1518
903627 44.4842 40.2022
904760 44.4842 40.267
906217 44.4842 40.3179
907361 44.4842 40.3896
908973 44.4842 40.422
909701 44.4842 40.4923
911280 44.4842 40.6103
913934 44.4842 40.6786
915468 44.4842 40.7335
916704 44.4842 41.0837
924575 44.4842 41.1504
926075 44.4842 41.4906
933722 44.4842 41.6503
937313 44.4842 41.7091
938634 44.4842 41.7913
940482 44.4842 41.9161
943287 44.4842 42.139
948299 44.4842 42.1428
948384 44.4842 42.4472
955226 44.4842 42.4865
956111 44.4842 42.7524
962087 44.4842 42.7908
962950 44.4842 42.9435
966384 44.4842 42.9865
967351 44.4842 43.0659
969134 44.4842 43.09
969676 44.4842 43.1731
971544 44.4842 43.4002
976649 44.4842 43.4017
976683 44.4842 43.48
978444 44.4842 43.7316
984101 44.4842 43.8684
987176 44.4842 44.1101
992608 44.4842 44.4086
999318 44.4842 44.725
1006432 44.4842 45.0092
1012820 44.4842 45.0766
1014335 44.4842 45.0864
1014556 44.4842 45.2168
1017486 44.4842 45.2717
1018721 44.4842 45.6263
1026693 44.4842 45.689
1028102 44.4842 45.8002
1030602 44.4842 46.2387
1040459 44.4842 46.754
1052043 44.4842 46.8396
1053968 44.4842 46.8978
1055276 44.4842 46.9377
1056173 44.4842 47.0154
1057920 44.4842 47.0294
1058233 44.4842 47.1094
1060032 44.4842 47.1757
1061522 44.4842 47.3397
1065209 44.4842 47.3872
1066278 44.4842 47.7985
1075524 44.4842 47.8409
1076476 44.4842 47.8419
1076500 44.4842 48.1645
1083751 44.4842 48.2399
1085447 44.4842 48.736
1096598 44.4842 48.7678
1097314 44.4842 48.9226
1100794 44.4842 49.347
1110334 44.4842 49.5008
1113791 44.4842 49.6428
1116984 44.4842 49.7361
1119080 44.4842 49.7479
1119346 44.4842 49.8455
1121540 44.4842 49.887
1122473 44.4842 49.9173
1123154 44.4842 50.1666
1128759 44.4842 50.3599
1133103 44.4842 50.4118
1134271 44.4842 50.4426
1134963 44.4842 50.5986
1138470 44.4842 50.8121
1143268 44.4842 50.8236
1143527 44.4842 51.5755
1160430 44.4842 51.7811
1165051 44.4842 51.9431
1168694 44.4842 52.1342
1172990 44.4842 52.2056
1174595 44.4842 52.3449
1177726 44.4842 52.5856
1183137 44.4842 52.6844
1185357 44.4842 52.6929
1185548 44.4842 52.809
1188160 44.4842 52.9083
1190391 44.4842 52.9877
1192177 44.4842 53.308
1199376 44.4842 53.3115
1199455 44.4842 53.6478
1207014 44.4842 53.7173
1208578 44.4842 53.8075
1210604 44.4842 53.8694
1211996 44.4842 54.1836
1219059 44.4842 54.2419
1220370 44.4842 54.445
1224936 44.4842 54.5727
1227807 44.4842 54.628
1229049 44.4842 54.6585
1229736 44.4842 54.7755
1232365 44.4842 54.7938
1232778 44.4842 54.8185
1233332 44.4842 54.8695
1234479 44.4842 55.2262
1242497 44.4842 55.3935
1246258 44.4842 55.5463
1249694 44.4842 55.6095
1251113 44.4842 55.6526
1252083 44.4842 55.6543
1252121 44.4842 55.7788
1254920 44.4842 55.8783
1257157 44.4842 55.8958
1257550 44.4842 56.0206
1260356 44.4842 56.1248
1262698 44.4842 56.2148
1264721 44.4842 56.2734
1266038 44.4842 56.5129
1271423 44.4842 56.6939
1275491 44.4842 56.7104
1275863 44.4842 56.8354
1278671 44.4842 57.063
1283788 44.4842 57.285
1288778 44.4842 57.331
1289813 44.4842 57.4134
1291665 44.4842 57.4231
1291883 44.4842 57.4698
1292934 44.4842 57.5063
1293753 44.4842 57.5709
1295205 44.4842 57.5931
1295706 44.4842 57.8066
1300505 44.4842 57.8213
1300835 44.4842 57.858
1301659 44.4842 57.9744
1304277 44.4842 58.1641
1308541 44.4842 58.5435
1317071 44.4842 58.6466
1319387 44.4842 58.7881
1322569 44.4842 59.0348
1328115 44.4842 59.2137
1332135 44.4842 59.284
1333717 44.4842 59.4032
1336396 44.4842 59.4601
1337674 44.4842 59.6883
1342806 44.4842 59.7254
1343638 44.4842 59.7269
1343672 44.4842 59.7814
1344897 44.4842 59.888
1347294 44.4842 59.9437
1348546 44.4842 59.9533
1348761 44.4842 60.5562
1362315 44.4842 60.5956
1363201 44.4842 61.0019
1372335 44.4842 61.3856
1380960 44.4842 61.4939
1383395 44.4842 61.6027
1385841 44.4842 61.6239
1386316 44.4842 61.8371
1391109 44.4842 62.2296
1399933 44.4842 62.2662
1400755 44.4842 62.3193
1401950 44.4842 62.3636
1402945 44.4842 62.735
1411294 44.4842 62.8035
1412834 44.4842 62.8103
1412987 44.4842 63.3844
1425893 44.4842 63.4067
1426395 44.4842 63.4228
1426755 44.4842 63.9435
1438461 44.4842 64.0768
1441457 44.4842 64.293
1446319 44.4842 64.294
1446341 44.4842 64.3524
1447653 44.4842 64.5789
1452745 44.4842 64.6127
1453506 44.4842 64.7098
1455687 44.4842 65.0404
1463119 44.4842 65.0624
1463613 44.4842 65.1534
1465660 44.4842 65.1581
1465765 44.4842 65.4802
1473007 44.4842 65.659
1477025 44.4842 65.6692
1477255 44.4842 65.712
1478216 44.4842 65.7184
1478361 44.4842 65.7368
1478775 44.4842 66.0783
1486451 44.4842 66.1302
1487618 44.4842 66.4438
1494667 44.4842 66.5649
1497391 44.4842 66.5754
1497627 44.4842 66.577
1497663 44.4842 66.7473
1501491 44.4842 66.9135
1505226 44.4842 66.9147
1505253 44.4842 66.9603
1506278 44.4842 67.0194
1507608 44.4842 67.0371
1508005 44.4842 67.2045
1511768 44.4842 67.2508
1512809 44.4842 67.3387
1514784 44.4842 67.4384
1517026 44.4842 67.456
1517423 44.4842 68.0204
1530109 44.4842 68.05
1530776 44.4842 68.0708
1531242 44.4842 68.2416
1535082 44.4842 68.5656
1542366 44.4842 68.6021
1543186 44.4842 68.8129
1547924 44.4842 68.8781
1549390 44.4842 69.1089
1554578 44.4842 69.1272
1554991 44.4842 69.2584
1557939 44.4842 69.3063
1559016 44.4842 69.4798
1562917 44.4842 69.54
1564270 44.4842 69.64
1566517 44.4842 69.6661
1567104 44.4842 69.7741
1569532 44.4842 69.7829
1569731 44.4842 70.038
1575464 44.4842 70.3697
1582922 44.4842 70.3783
1583116 44.4842 70.4662
1585091 44.4842 70.6615
1589482 44.4842 70.7315
1591055 44.4842 71.0416
1598027 44.4842 71.1886
1601331 44.4842 71.3079
1604012 44.4842 71.7058
1612956 44.4842 72.2566
1625340 44.4842 72.2955
1626213 44.4842 72.2992
1626296 44.4842 72.3074
1626482 44.4842 72.6303
1633740 44.4842 72.68
1634857 44.4842 72.7208
1635774 44.4842 73.2131
1646840 44.4842 73.2605
1647907 44.4842 73.3148
1649127 44.4842 73.3338
1649554 44.4842 73.471
1652639 44.4842 73.6515
1656697 44.4842 73.6622
1656936 44.4842 73.7178
1658187 44.4842 73.8099
1660256 44.4842 73.8142
1660354 44.4842 73.8344
1660808 44.4842 73.8386
1660902 44.4842 74.082
1666373 44.4842 74.1452
1667795 44.4842 74.2389
1669902 44.4842 74.3404
1672183 44.4842 74.3992
1673505 44.4842 74.4537
1674730 44.4842 74.4863
1675462 44.4842 74.6841
1679908 44.4842 74.703
1680333 44.4842 74.7055
1680389 44.4842 74.9195
1685200 44.4842 74.9644
1686211 44.4842 74.9969
1686940 44.4842 75.0378
1687861 44.4842 75.0616
1688396 44.4842 75.2329
1692246 44.4842 75.2467
1692556 44.4842 75.5293
1698910 44.4842 75.6503
1701628 44.4842 75.7485
1703837 44.4842 75.785
1704656 44.4842 76.1959
1713893 44.4842 76.2071
1714145 44.4842 76.2144
1714311 44.4842 76.3607
1717599 44.4842 76.4926
1720563 44.4842 76.6366
1723802 44.4842 76.7298
1725896 44.4842 76.73
1725901 44.4842 76.8171
1727859 44.4842 76.9703
1731303 44.4842 77.5395
1744099 44.4842 77.6579
1746759 44.4842 78.0461
1755486 44.4842 78.1328
1757435 44.4842 78.3315
1761902 44.4842 78.4388
1764315 44.4842 78.6712
1769538 44.4842 79.0116
1777191 44.4842 79.0508
1778073 44.4842 79.1077
1779350 44.4842 79.2388
1782299 44.4842 79.3549
1784907 44.4842 79.3957
1785826 44.4842 79.5459
1789201 44.4842 79.6006
1790432 44.4842 79.7604
1794024 44.4842 79.7801
1794467 44.4842 79.8292
1795570 44.4842 79.988
1799140 44.4842 80.4088
1808600 44.4842 80.5747
1812328 44.4842 80.5915
1812707 44.4842 80.8589
1818717 44.4842 80.9581
1820948 44.4842 80.9957
1821792 44.4842 81.2219
1826879 44.4842 81.4132
1831178 44.4842 81.5048
1833238 44.4842 81.5555
1834378 44.4842 81.6612
1836753 44.4842 81.8056
1839999 44.4842 81.8281
1840505 44.4842 81.8485
1840965 44.4842 81.8834
1841749 44.4842 82.278
1850619 44.4842 82.4961
1855523 44.4842 82.5759
1857316 44.4842 82.6732
1859503 44.4842 82.9368
1865428 44.4842 82.959
1865928 44.4842 82.9668
1866104 44.4842 83.0524
1868028 44.4842 83.072
1868469 44.4842 83.0995
1869087 44.4842 83.2416
1872280 44.4842 83.4176
1876236 44.4842 83.6279
1880965 44.4842 83.6308
1881029 44.4842 83.6557
1881589 44.4842 83.7701
1884161 44.4842 83.8046
1884937 44.4842 83.8604
1886191 44.4842 83.9196
1887522 44.4842 83.9411
1888006 44.4842 84.0935
1891432 44.4842 84.2174
1894216 44.4842 84.2965
1895994 44.4842 84.3039
1896162 44.4842 84.5779
1902320 44.4842 84.8704
1908895 44.4842 84.9701
1911138 44.4842 85.4591
1922130 44.4842 85.4925
1922880 44.4842 85.6391
1926176 44.4842 85.7047
1927652 44.4842 85.8499
1930916 44.4842 85.9337
1932798 44.4842 86.0698
1935859 44.4842 86.1579
1937838 44.4842 86.2806
1940596 44.4842 86.314
1941349 44.4842 86.5051
1945644 44.4842 86.5861
1947465 44.4842 86.7461
1951061 44.4842 86.8432
1953245 44.4842 87.055
1958005 44.4842 87.132
1959736 44.4842 87.4205
1966223 44.4842 87.7966
1974677 44.4842 88.2044
1983844 44.4842 88.2058
1983875 44.4842 88.2255
1984318 44.4842 88.4941
1990357 44.4842 88.5074
1990655 44.4842 88.6248
1993295 44.4842 88.7897
1997001 44.4842 88.9601
2000832 44.4842 89.0402
2002632 44.4842 89.1299
2004649 44.4842 89.1605
2005338 44.4842 89.1843
2005871 44.4842 89.3548
2009705 44.4842 89.4333
2011470 44.4842 89.5323
2013695 44.4842 90.0504
2025342 44.4842 90.4923
2035275 44.4842 90.7332
2040691 44.4842 90.8836
2044073 44.4842 91.0372
2047525 44.4842 92.41
2078386 44.4842 92.4243
2078707 44.4842 92.8139
2087464 44.4842 93.0104
2091883 44.4842 93.0276
2092269 44.4842 93.1174
2094287 44.4842 93.1271
2094506 44.4842 93.2538
2097355 44.4842 93.8539
2110843 44.4842 93.8935
2111735 44.4842 94.0732
2115774 44.4842 94.1376
2117222 44.4842 94.5065
2125515 44.4842 94.6143
2127938 44.4842 94.7003
2129871 44.4842 94.8094
2132324 44.4842 94.8454
2133132 44.4842 95.0211
2137082 44.4842 95.1669
2140361 44.4842 95.2543
2142324 44.4842 95.3132
2143650 44.4842 95.3164
2143722 44.4842 95.3584
2144665 44.4842 95.3615
2144735 44.4842 95.3986
2145569 44.4842 95.4444
2146599 44.4842 95.5222
2148348 44.4842 95.6039
2150185 44.4842 95.6944
2152219 44.4842 96.1059
2161469 44.4842 96.3133
2166132 44.4842 96.4025
2168136 44.4842 96.4656
2169555 44.4842 96.6114
2172833 44.4842 96.6844
2174473 44.4842 96.707
2174982 44.4842 96.9322
2180044 44.4842 97.1048
2183923 44.4842 97.1301
2184493 44.4842 97.1866
2185762 44.4842 97.4929
2192649 44.4842 97.5675
2194325 44.4842 97.6872
2197016 44.4842 97.7436
2198284 44.4842 97.7788
2199075 44.4842 97.7886
2199296 44.4842 97.8356
2200352 44.4842 97.9996
2204040 44.4842 98.0203
2204505 44.4842 98.3861
2212727 44.4842 98.3994
2213027 44.4842 98.4211
2213514 44.4842 98.4668
2214541 44.4842 98.6029
2217600 44.4842 98.802
2222076 44.4842 98.8648
2223489 44.4842 98.9013
2224308 44.4842 99.1546
2230003 44.4842 99.2636
2232453 44.4842 99.5306
2238456 44.4842 99.5428
2238731 44.4842 99.5435
2238746 44.4842 99.5673
2239281 44.4842 99.6871
2241974 44.4842 100.099
2251242 44.4842 100.129
2251914 44.4842 100.142
2252197 44.4842 100.24
2254409 44.4842 100.241
2254429 44.4842 100.261
2254864 44.4842 100.332
2256469 44.4842 100.424
2258549 44.4842 100.608
2262671 44.4842 100.658
2263805 44.4842 100.66
2263846 44.4842 100.757
2266024 44.4842 100.83
2267671 44.4842 100.949
2270344 44.4842 101.032
2272201 44.4842 101.135
2274521 44.4842 101.239
2276865 44.4842 101.733
2287955 44.4842 102.095
2296113 44.4842 102.098
2296173 44.4842 102.298
2300667 44.4842 102.317
2301104 44.4842 102.349
2301820 44.4842 102.463
2304381 44.4842 102.496
2305117 44.4842 102.538
2306051 44.4842 102.796
2311871 44.4842 102.985
2316106 44.4842 103.01
2316681 44.4842 103.052
2317623 44.4842 103.145
2319715 44.4842 103.181
2320511 44.4842 103.242
2321895 44.4842 103.449
2326535 44.4842 103.491
2327484 44.4842 103.496
2327597 44.4842 103.647
2330986 44.4842 103.7
2332177 44.4842 103.831
2335128 44.4842 104.069
2340472 44.4842 104.144
2342168 44.4842 104.339
2346538 44.4842 104.587
2352133 44.4842 104.643
2353390 44.4842 105.013
2361707 44.4842 105.046
2362450 44.4842 105.104
2363754 44.4842 105.115
2364002 44.4842 105.183
2365532 44.4842 105.231
2366606 44.4842 105.279
2367670 44.4842 105.592
2374723 44.4842 105.632
2375616 44.4842 106.091
2385941 44.4842 106.123
2386641 44.4842 106.187
2388087 44.4842 106.236
2389189 44.4842 106.331
2391320 44.4842 106.411
2393127 44.4842 106.497
2395063 44.4842 106.534
2395881 44.4842 106.561
2396491 44.4842 106.598
2397331 44.4842 106.704
2399711 44.4842 107.024
2406898 44.4842 107.053
2407562 44.4842 107.271
2412465 44.4842 107.61
2420081 44.4842 107.73
2422774 44.4842 108.213
2433642 44.4842 108.415
2438180 44.4842 108.458
2439141 44.4842 108.542
2441040 44.4842 108.994
2451187 44.4842 109.026
2451915 44.4842 109.355
2459298 44.4842 109.393
2460158 44.4842 109.74
2467973 44.4842 109.891
2471352 44.4842 110.046
2474838 44.4842 110.068
2475325 44.4842 110.102
2476098 44.4842 110.145
2477074 44.4842 110.2
2478300 44.4842 110.293
2480403 44.4842 110.785
2491456 44.4842 110.877
2493516 44.4842 110.897
2493967 44.4842 110.93
2494718 44.4842 110.934
2494814 44.4842 110.949
2495146 44.4842 111.344
2504027 44.4842 111.519
2507961 44.4842 111.552
2508702 44.4842 112.069
2520308 44.4842 112.094
2520880 44.4842 112.233
2523995 44.4842 112.591
2532061 44.4842 112.625
2532826 44.4842 112.647
2533315 44.4842 112.663
2533665 44.4842 112.873
2538385 44.4842 112.919
2539428 44.4842 112.971
2540599 44.4842 112.988
2540969 44.4842 113.12
2543940 44.4842 113.291
2547790 44.4842 113.314
2548316 44.4842 113.546
2553529 44.4842 113.776
2558688 44.4842 113.809
2559428 44.4842 113.892
2561290 44.4842 113.917
2561871 44.4842 114.104
2566075 44.4842 114.107
2566137 44.4842 114.441
2573634 44.4842 114.467
2574224 44.4842 114.706
2579586 44.4842 114.76
2580822 44.4842 114.88
2583516 44.4842 114.929
2584599 44.4842 115.08
2588004 44.4842 115.092
2588278 44.4842 115.299
2592921 44.4842 115.336
2593755 44.4842 115.408
2595377 44.4842 115.462
2596594 44.4842 115.497
2597368 44.4842 115.623
2600220 44.4842 115.871
2605780 44.4842 115.966
2607912 44.4842 116.186
2612870 44.4842 116.241
2614106 44.4842 116.508
2620095 44.4842 116.511
2620168 44.4842 116.545
2620939 44.4842 116.601
2622190 44.4842 116.637
2623014 44.4842 116.765
2625885 44.4842 117.265
2637126 44.4842 117.297
2637832 44.4842 117.315
2638243 44.4842 117.558
2643717 44.4842 117.592
2644472 44.4842 117.656
2645911 44.4842 117.685
2646562 44.4842 117.717
2647279 44.4842 117.737
2647727 44.4842 117.816
2649515 44.4842 117.836
2649966 44.4842 117.848
2650225 44.4842 117.901
2651421 44.4842 118.282
2659981 44.4842 118.317
2660761 44.4842 118.443
2663615 44.4842 118.606
2667269 44.4842 118.606
2667275 44.4842 118.64
2668039 44.4842 118.655
2668381 44.4842 118.659
2668467 44.4842 118.72
2669826 44.4842 118.788
2671365 44.4842 118.859
2672967 44.4842 119.13
2679058 44.4842 119.157
2679665 44.4842 119.162
2679763 44.4842 119.18
2680165 44.4842 119.308
2683058 44.4842 119.432
2685836 44.4842 119.821
2694577 44.4842 119.866
2695595 44.4842 120.052
2699769 44.4842 120.067
2700115 44.4842 120.188
2702828 44.4842 120.197
2703038 44.4842 120.399
2707574 44.4842 120.522
2710334 44.4842 120.566
2711329 44.4842 120.658
2713407 44.4842 120.737
2715183 44.4842 120.861
2717952 44.4842 121.038
2721944 44.4842 121.061
2722462 44.4842 121.113
2723626 44.4842 121.51
2732555 44.4842 121.584
2734212 44.4842 121.635
2735370 44.4842 121.753
2738018 44.4842 121.824
2739604 44.4842 121.84
2739967 44.4842 121.861
2740440 44.4842 121.862
2740471 44.4842 122.383
2752174 44.4842 122.502
2754844 44.4842 122.617
2757428 44.4842 123.396
2774955 44.4842 123.814
2784346 44.4842 123.939
2787164 44.4842 123.966
2787753 44.4842 124.003
2788599 44.4842 124.012
2788806 44.4842 124.021
2788999 44.4842 124.025
2789081 44.4842 124.042
2789471 44.4842 124.061
2789906 44.4842 124.126
2791357 44.4842 124.209
2793227 44.4842 124.515
2800107 44.4842 125.132
2813965 44.4842 125.307
2817916 44.4842 125.315
2818083 44.4842 125.463
2821410 44.4842 125.531
2822946 44.4842 125.566
2823724 44.4842 125.612
2824761 44.4842 125.711
2826992 44.4842 125.786
2828673 44.4842 125.93
2831917 44.4842 126.216
2838339 44.4842 126.231
2838679 44.4842 126.246
2839019 44.4842 126.264
2839431 44.4842 126.274
2839643 44.4842 126.653
2848158 44.4842 126.766
2850702 44.4842 127.105
2858317 44.4842 127.116
2858567 44.4842 127.139
2859090 44.4842 127.163
2859625 44.4842 127.196
2860369 44.4842 127.241
2861381 44.4842 127.263
2861880 44.4842 127.469
2866508 44.4842 127.777
2873422 44.4842 127.787
2873649 44.4842 127.941
2877112 44.4842 127.955
2877443 44.4842 128.026
2879027 44.4842 128.093
2880536 44.4842 128.141
2881613 44.4842 128.209
2883149 44.4842 128.366
2886666 44.4842 128.456
2888691 44.4842 128.467
2888947 44.4842 128.52
2890141 44.4842 128.63
2892615 44.4842 128.643
2892893 44.4842 128.94
2899567 44.4842 128.94
2899571 44.4842 129.066
2902398 44.4842 129.458
2911225 44.4842 129.477
2911644 44.4842 129.613
2914704 44.4842 129.678
2916172 44.4842 129.867
2920418 44.4842 130.023
2923923 44.4842 130.107
2925816 44.4842 130.245
2928905 44.4842 130.407
2932558 44.4842 130.41
2932624 44.4842 130.478
2934153 44.4842 130.714
2939445 44.4842 130.758
2940449 44.4842 130.768
2940679 44.4842 131.01
2946103 44.4842 131.094
2948001 44.4842 131.125
2948688 44.4842 131.186
2950061 44.4842 131.215
2950713 44.4842 131.382
2954477 44.4842 131.439
2955744 44.4842 131.609
2959585 44.4842 131.732
2962346 44.4842 131.789
2963627 44.4842 131.837
2964702 44.4842 132.171
2972215 44.4842 132.982
2990430 44.4842 133.39
2999620 44.4842 133.49
3001865 44.4842 133.614
3004638 44.4842 133.881
3010644 44.4842 134.194
3017686 44.4842 134.3
3020070 44.4842 134.301
3020095 44.4842 134.389
3022069 44.4842 134.404
3022404 44.4842 134.408
3022500 44.4842 134.504
3024650 44.4842 134.567
3026072 44.4842 134.628
3027440 44.4842 134.889
3033318 44.4842 135.435
3045572 44.4842 135.705
3051659 44.4842 135.896
3055947 44.4842 136.334
3065799 44.4842 136.349
3066123 44.4842 136.422
3067776 44.4842 136.435
3068065 44.4842 136.438
3068138 44.4842 136.498
3069479 44.4842 136.547
3070574 44.4842 136.642
3072719 44.4842 136.768
3075556 44.4842 136.959
3079838 44.4842 137.133
3083763 44.4842 137.2
3085265 44.4842 137.433
3090489 44.4842 137.453
3090948 44.4842 137.536
3092821 44.4842 137.587
3093967 44.4842 137.659
3095578 44.4842 137.709
3096693 44.4842 138.049
3104347 44.4842 138.06
3104602 44.4842 138.359
3111317 44.4842 138.429
3112898 44.4842 138.481
3114063 44.4842 138.612
3117011 44.4842 139.006
3125848 44.4842 139.244
3131204 44.4842 139.267
3131718 44.4842 139.43
3135390 44.4842 139.506
3137102 44.4842 139.775
3143146 44.4842 140.201
3152725 44.4842 140.47
3158773 44.4842 140.478
3158944 44.4842 140.614
3162014 44.4842 140.644
3162678 44.4842 140.701
3163961 44.4842 140.806
3166321 44.4842 141.035
3171475 44.4842 141.131
3173620 44.4842 141.179
3174706 44.4842 141.47
3181243 44.4842 141.493
3181766 44.4842 141.74
3187328 44.4842 141.806
3188806 44.4842 141.816
3189034 44.4842 141.994
3193026 44.4842 141.999
3193149 44.4842 142.027
3193776 44.4842 142.287
3199617 44.4842 142.3
3199918 44.4842 142.316
3200277 44.4842 142.328
3200546 44.4842 142.353
3201100 44.4842 142.409
3202356 44.4842 142.759
3210216 44.4842 142.869
3212703 44.4842 142.873
3212791 44.4842 143.167
3219401 44.4842 143.539
3227762 44.4842 143.794
3233483 44.4842 144.031
3238810 44.4842 144.033
3238868 44.4842 144.107
3240539 44.4842 144.215
3242962 44.4842 144.482
3248957 44.4842 144.619
3252034 44.4842 144.706
3253987 44.4842 144.885
3258011 44.4842 144.956
3259622 44.4842 145.068
3262127 44.4842 145.116
3263209 44.4842 145.157
3264128 44.4842 145.175
3264529 44.4842 145.192
3264921 44.4842 145.245
3266107 44.4842 145.418
3269993 44.4842 145.435
3270385 44.4842 145.438
3270458 44.4842 145.503
3271919 44.4842 145.511
3272088 44.4842 145.599
3274060 44.4842 145.782
3278190 44.4842 145.97
3282402 44.4842 146.226
3288154 44.4842 146.346
3290865 44.4842 146.378
3291585 44.4842 146.415
3292415 44.4842 146.47
3293649 44.4842 146.513
3294605 44.4842 146.739
3299694 44.4842 147.02
3306009 44.4842 147.043
3306536 44.4842 147.308
3312481 44.4842 147.449
3315655 44.4842 147.561
3318172 44.4842 147.598
3318995 44.4842 147.621
3319518 44.4842 147.721
3321779 44.4842 147.878
3325290 44.4842 148.268
3334062 44.4842 148.298
3334752 44.4842 148.485
3338954 44.4842 148.691
3343580 44.4842 148.833
3346765 44.4842 148.937
3349114 44.4842 148.937
3349117 44.4842 148.965
3349738 44.4842 149.189
3354776 44.4842 149.352
3358425 44.4842 149.46
3360856 44.4842 149.539
3362636 44.4842 149.791
3368303 44.4842 149.883
3370375 44.4842 150.008
3373188 44.4842 150.05
3374135 44.4842 150.228
3378133 44.4842 150.366
3381227 44.4842 150.368
3381278 44.4842 150.452
3383155 44.4842 150.59
3386273 44.4842 151.214
3400291 44.4842 151.257
3401262 44.4842 151.364
3403659 44.4842 151.396
3404374 44.4842 151.5
3406724 44.4842 151.656
3410219 44.4842 151.714
3411543 44.4842 151.908
3415896 44.4842 152.135
3420994 44.4842 152.203
3422533 44.4842 152.43
3427625 44.4842 152.53
3429872 44.4842 152.534
3429964 44.4842 153.021
3440920 44.4842 153.045
3441458 44.4842 153.115
3443021 44.4842 153.151
3443827 44.4842 153.406
3449560 44.4842 153.511
3451921 44.4842 153.548
3452755 44.4842 153.731
3456885 44.4842 153.799
3458397 44.4842 153.833
3459171 44.4842 153.984
3462556 44.4842 154.067
3464422 44.4842 154.089
3464930 44.4842 154.108
3465342 44.4842 154.241
3468345 44.4842 154.27
3469001 44.4842 154.275
3469108 44.4842 154.349
3470761 44.4842 154.399
3471894 44.4842 154.402
3471957 44.4842 154.44
3472813 44.4842 154.571
3475754 44.4842 154.799
3480894 44.4842 154.862
3482296 44.4842 155.02
3485841 44.4842 155.172
3489259 44.4842 155.326
3492728 44.4842 155.381
3493969 44.4842 155.495
3496524 44.4842 155.53
3497312 44.4842 155.831
3504086 44.4842 155.918
3506038 44.4842 155.979
3507400 44.4842 156.155
3511369 44.4842 156.359
3515952 44.4842 156.369
3516185 44.4842 156.787
3525565 44.4842 156.835
3526655 44.4842 156.876
3527575 44.4842 157.037
3531186 44.4842 157.08
3532168 44.4842 157.146
3533640 44.4842 157.254
3536070 44.4842 157.441
3540286 44.4842 157.574
3543276 44.4842 157.673
3545483 44.4842 157.758
3547403 44.4842 157.848
3549414 44.4842 158.063
3554265 44.4842 158.171
3556676 44.4842 158.246
3558377 44.4842 158.407
3561989 44.4842 158.434
3562596 44.4842 158.474
3563490 44.4842 158.488
3563820 44.4842 158.741
3569499 44.4842 158.783
3570440 44.4842 158.783
3570444 44.4842 159.054
3576525 44.4842 159.059
3576657 44.4842 159.2
3579808 44.4842 159.293
3581902 44.4842 159.607
3588967 44.4842 159.608
3588981 44.4842 159.737
3591890 44.4842 159.828
3593930 44.4842 160.126
3600634 44.4842 160.287
3604257 44.4842 160.47
3608356 44.4842 160.973
3619670 44.4842 161.334
3627791 44.4842 161.347
3628082 44.4842 161.406
3629405 44.4842 161.926
3641087 44.4842 161.948
3641583 44.4842 162.005
3642881 44.4842 162.011
3643000 44.4842 162.345
3650513 44.4842 162.487
3653716 44.4842 163.039
3666113 44.4842 163.089
3667239 44.4842 163.195
3669617 44.4842 163.406
3674364 44.4842 163.46
3675591 44.4842 163.552
3677655 44.4842 163.554
3677700 44.4842 163.618
3679127 44.4842 163.638
3679578 44.4842 163.902
3685513 44.4842 164.05
3688845 44.4842 164.109
3690173 44.4842 164.171
3691569 44.4842 164.267
3693732 44.4842 164.447
3697767 44.4842 164.497
3698892 44.4842 164.826
3706284 44.4842 164.86
3707063 44.4842 164.955
3709196 44.4842 165.183
3714309 44.4842 165.217
3715070 44.4842 165.243
3715653 44.4842 165.277
3716437 44.4842 165.283
3716559 44.4842 165.389
3718954 44.4842 165.674
3725356 44.4842 165.692
3725750 44.4842 165.714
3726251 44.4842 165.872
3729803 44.4842 166.119
3735364 44.4842 166.182
3736767 44.4842 166.282
3739023 44.4842 166.354
3740647 44.4842 166.465
3743129 44.4842 166.516
3744288 44.4842 166.642
3747102 44.4842 166.748
3749503 44.4842 166.943
3753871 44.4842 167.056
3756416 44.4842 167.195
3759535 44.4842 167.339
3762785 44.4842 167.401
3764178 44.4842 167.518
3766796 44.4842 167.541
3767316 44.4842 167.982
3777245 44.4842 168.027
3778257 44.4842 168.038
3778487 44.4842 168.042
3778586 44.4842 168.203
3782200 44.4842 168.223
3782659 44.4842 168.405
3786738 44.4842 168.51
3789110 44.4842 168.546
3789904 44.4842 168.654
3792339 44.4842 169.103
3802437 44.4842 169.112
3802640 44.4842 169.14
3803262 44.4842 169.32
3807304 44.4842 169.636
3814425 44.4842 169.847
3819160 44.4842 169.917
3820728 44.4842 170.004
3822697 44.4842 170.242
3828034 44.4842 170.275
3828791 44.4842 170.322
3829841 44.4842 170.426
3832185 44.4842 170.563
3835259 44.4842 170.641
3836999 44.4842 170.663
3837504 44.4842 170.797
3840523 44.4842 170.873
3842216 44.4842 170.877
3842315 44.4842 171.156
3848588 44.4842 171.59
3858333 44.4842 171.627
3859174 44.4842 171.651
3859709 44.4842 171.747
3861875 44.4842 172.011
3867815 44.4842 172.053
3868753 44.4842 172.215
3872392 44.4842 172.451
3877692 44.4842 172.722
3883787 44.4842 172.852
3886718 44.4842 172.866
3887020 44.4842 172.963
3889202 44.4842 172.963
3889206 44.4842 173.193
3894377 44.4842 173.308
3896956 44.4842 173.343
3897745 44.4842 173.429
3899686 44.4842 173.526
3901871 44.4842 173.704
3905871 44.4842 173.751
3906915 44.4842 174.028
3913153 44.4842 174.264
3918460 44.4842 174.755
3929483 44.4842 174.845
3931506 44.4842 175.095
3937129 44.4842 175.163
3938674 44.4842 175.264
3940935 44.4842 175.325
3942312 44.4842 175.37
3943323 44.4842 175.433
3944744 44.4842 175.843
3953948 44.4842 176.139
3960611 44.4842 176.263
3963396 44.4842 176.268
3963511 44.4842 176.302
3964258 44.4842 176.312
3964488 44.4842 176.635
3971764 44.4842 176.948
3978786 44.4842 177.043
3980932 44.4842 177.113
3982499 44.4842 177.268
3985981 44.4842 177.625
3994020 44.4842 177.833
3998683 44.4842 177.876
3999646 44.4842 177.961
4001557 44.4842 178.191
4006733 44.4842 178.224
4007472 44.4842 178.262
4008326 44.4842 178.275
4008612 44.4842 178.321
4009648 44.4842 178.452
4012611 44.4842 178.472
4013059 44.4842 178.507
4013827 44.4842 178.654
4017139 44.4842 178.891
4022468 44.4842 178.97
4024256 44.4842 179.157
4028459 44.4842 179.158
4028480 44.4842 179.177
4028897 44.4842 179.188
4029150 44.4842 179.603
4038464 44.4842 179.715
4040997 44.4842 180.052
4048562 44.4842 180.095
4049526 44.4842 180.388
4056126 44.4842 180.403
4056467 44.4842 180.411
4056636 44.4842 180.594
4060742 44.4842 180.649
4061978 44.4842 180.73
4063802 44.4842 180.795
4065260 44.4842 180.857
4066668 44.4842 181.161
4073491 44.4842 181.267
4075877 44.4842 181.287
4076337 44.4842 181.321
4077092 44.4842 181.384
4078521 44.4842 181.538
4081965 44.4842 181.543
4082088 44.4842 181.557
4082397 44.4842 181.778
4087360 44.4842 181.779
4087393 44.4842 181.86
4089208 44.4842 181.967
4091625 44.4842 181.986
4092047 44.4842 181.991
4092159 44.4842 182.022
4092846 44.4842 182.179
4096373 44.4842 182.238
4097709 44.4842 182.294
4098971 44.4842 182.329
4099761 44.4842 182.339
4099978 44.4842 182.375
4100781 44.4842 182.398
4101307 44.4842 182.577
4105320 44.4842 182.587
4105551 44.4842 182.746
4109134 44.4842 182.772
4109721 44.4842 182.812
4110615 44.4842 183.06
4116178 44.4842 183.368
4123114 44.4842 183.543
4127050 44.4842 183.599
4128307 44.4842 183.715
4130907 44.4842 183.887
4134776 44.4842 184.029
4137965 44.4842 184.069
4138880 44.4842 184.287
4143771 44.4842 184.646
4151845 44.4842 184.721
4153524 44.4842 184.805
4155426 44.4842 185.035
4160590 44.4842 185.072
4161407 44.4842 185.163
4163467 44.4842 185.431
4169488 44.4842 185.54
4171941 44.4842 185.605
4173393 44.4842 185.968
4181567 44.4842 186.009
4182486 44.4842 186.033
4183031 44.4842 186.322
4189523 44.4842 186.422
4191758 44.4842 186.524
4194068 44.4842 186.61
4195982 44.4842 186.676
4197479 44.4842 186.707
4198165 44.4842 186.711
4198257 44.4842 187.022
4205262 44.4842 187.495
4215876 44.4842 187.598
4218205 44.4842 188.039
4228115 44.4842 188.224
4232277 44.4842 188.262
4233134 44.4842 188.295
4233868 44.4842 188.366
4235456 44.4842 188.4
4236240 44.4842 188.523
4239004 44.4842 188.779
4244752 44.4842 188.835
4246000 44.4842 188.947
4248527 44.4842 189.102
4252007 44.4842 189.176
4253666 44.4842 189.206
4254356 44.4842 189.444
4259694 44.4842 189.61
4263441 44.4842 189.827
4268301 44.4842 189.945
4270970 44.4842 189.953
4271152 44.4842 189.956
4271202 44.4842 189.993
4272047 44.4842 190.088
4274171 44.4842 190.292
4278769 44.4842 190.336
4279747 44.4842 190.847
4291237 44.4842 190.868
4291712 44.4842 190.926
4293009 44.4842 190.929
4293091 44.4842 191.077
4296413 44.4842 191.255
4300400 44.4842 191.573
4307552 44.4842 192.016
4317521 44.4842 192.051
4318294 44.4842 192.077
4318887 44.4842 192.141
4320335 44.4842 192.149
4320505 44.4842 192.154
4320611 44.4842 192.552
4329562 44.4842 192.905
4337509 44.4842 192.995
4339531 44.4842 193.014
4339955 44.4842 193.539
4351753 44.4842 193.728
4356013 44.4842 193.913
4360172 44.4842 193.919
4360295 44.4842 193.931
4360577 44.4842 194.107
4364519 44.4842 194.318
4369261 44.4842 194.438
4371973 44.4842 194.531
4374065 44.4842 194.803
4380169 44.4842 194.838
4380954 44.4842 195.035
4385377 44.4842 195.046
4385631 44.4842 195.141
4387773 44.4842 195.157
4388123 44.4842 195.604
4398169 44.4842 196.011
4407329 44.4842 196.167
4410843 44.4842 196.189
4411326 44.4842 196.209
4411782 44.4842 196.378
4415584 44.4842 196.507
4418479 44.4842 196.605
4420668 44.4842 196.624
4421099 44.4842 196.765
4424283 44.4842 196.843
4426018 44.4842 197.118
4432206 44.4842 197.145
4432807 44.4842 197.164
4433237 44.4842 197.482
4440389 44.4842 197.602
4443100 44.4842 197.635
4443822 44.4842 197.648
4444119 44.4842 197.722
4445795 44.4842 197.89
4449570 44.4842 197.977
4451513 44.4842 198.049
4453133 44.4842 198.121
4454766 44.4842 198.179
4456062 44.4842 198.225
4457105 44.4842 198.352
4459961 44.4842 198.482
4462864 44.4842 198.531
4463970 44.4842 198.56
4464622 44.4842 199.16
4478106 44.4842 199.266
4480503 44.4842 199.291
4481052 44.4842 199.674
4489679 44.4842 199.689
4490000 44.4842 199.755
4491485 44.4842 199.778
4492002 44.4842 200.01
4497215 44.4842 200.196
4501410 44.4842 200.338
4504587 44.4842 200.413
4506289 44.4842 200.429
4506634 44.4842 200.685
4512390 44.4842 200.96
4518586 44.4842 200.977
4518971 44.4842 201.258
4525284 44.4842 201.427
4529076 44.4842 201.453
4529671 44.4842 201.77
4536798 44.4842 201.82
4537920 44.4842 202.163
4545617 44.4842 202.166
4545690 44.4842 202.243
4547416 44.4842 202.555
4554423 44.4842 202.651
4556595 44.4842 202.789
4559702 44.4842 202.847
4560993 44.4842 202.975
4563874 44.4842 203.336
4571992 44.4842 203.603
4577990 44.4842 203.714
4580481 44.4842 203.823
4582944 44.4842 203.825
4582989 44.4842 204.062
4588312 44.4842 204.071
4588520 44.4842 204.441
4596841 44.4842 204.487
4597876 44.4842 204.619
4600832 44.4842 204.724
4603187 44.4842 204.734
4603407 44.4842 204.918
4607557 44.4842 205.266
4615378 44.4842 205.502
4620690 44.4842 205.73
4625815 44.4842 205.904
4629715 44.4842 205.985
4631531 44.4842 206.009
4632072 44.4842 206.211
4636615 44.4842 206.273
4638014 44.4842 206.389
4640628 44.4842 206.492
4642945 44.4842 206.583
4644992 44.4842 206.681
4647185 44.4842 206.724
4648163 44.4842 207.259
4660187 44.4842 207.489
4665352 44.4842 207.787
4672038 44.4842 207.853
4673539 44.4842 207.866
4673833 44.4842 207.94
4675497 44.4842 208.214
4681655 44.4842 208.513
4688364 44.4842 208.698
4692530 44.4842 208.787
4694518 44.4842 209.005
4699431 44.4842 209.04
4700215 44.4842 209.506
4710697 44.4842 209.888
4719270 44.4842 210.267
4727795 44.4842 210.337
4729372 44.4842 210.544
4734028 44.4842 210.595
4735168 44.4842 210.606
4735413 44.4842 210.723
4738055 44.4842 210.787
4739485 44.4842 211.109
4746733 44.4842 211.131
4747214 44.4842 211.137
4747366 44.4842 211.294
4750887 44.4842 211.482
4755106 44.4842 211.669
4759319 44.4842 212.155
4770251 44.4842 212.331
4774199 44.4842 212.371
4775107 44.4842 212.416
4776100 44.4842 212.481
4777569 44.4842 212.595
4780140 44.4842 212.755
4783728 44.4842 213.034
4790009 44.4842 213.154
4792691 44.4842 213.425
4798792 44.4842 213.504
4800571 44.4842 213.603
4802782 44.4842 213.611
4802974 44.4842 213.72
4805426 44.4842 214.001
4811733 44.4842 214.098
4813913 44.4842 214.185
4815866 44.4842 214.257
4817494 44.4842 214.292
4818276 44.4842 214.297
4818397 44.4842 214.508
4823131 44.4842 214.594
4825078 44.4842 214.632
4825928 44.4842 214.884
4831587 44.4842 214.941
4832880 44.4842 214.984
4833844 44.4842 214.996
4834110 44.4842 215.017
4834574 44.4842 215.023
4834709 44.4842 215.026
4834777 44.4842 215.117
4836831 44.4842 215.325
4841510 44.4842 215.335
4841726 44.4842 215.659
4849015 44.4842 215.787
4851883 44.4842 215.901
4854458 44.4842 215.919
4854845 44.4842 216.162
4860311 44.4842 216.217
4861559 44.4842 216.222
4861665 44.4842 216.271
4862763 44.4842 216.489
4867669 44.4842 216.643
4871138 44.4842 217.053
4880344 44.4842 217.092
4881227 44.4842 217.299
4885874 44.4842 217.609
4892845 44.4842 217.672
4894258 44.4842 218.169
4905430 44.4842 218.288
4908113 44.4842 218.372
4910008 44.4842 218.771
4918959 44.4842 218.898
4921819 44.4842 219.022
4924620 44.4842 219.039
4924997 44.4842 219.13
4927027 44.4842 219.187
4928313 44.4842 219.228
4929247 44.4842 219.499
4935335 44.4842 219.675
4939299 44.4842 219.982
4946182 44.4842 220.134
4949615 44.4842 220.272
4952704 44.4842 220.528
4958461 44.4842 220.845
4965601 44.4842 221.064
4970503 44.4842 221.07
4970656 44.4842 221.298
4975764 44.4842 221.329
4976481 44.4842 221.509
4980520 44.4842 221.739
4985677 44.4842 221.94
4990204 44.4842 222.275
4997738 44.4842 222.311
4998544 44.4842 222.343
