298 71.4563 0.00721709
399 71.4563 0.0866765
1511 71.4563 0.119975
1977 71.4563 0.417662
6143 71.4563 0.825821
11855 71.4563 0.9205
13180 71.4563 1.59083
22561 71.4563 1.69087
23961 71.4563 1.94969
27583 71.4563 2.27095
32079 71.4563 2.29139
32365 71.4563 2.58422
36463 71.4563 2.81495
39692 71.4563 2.94929
41572 71.4563 3.33622
46987 71.4563 3.43926
48429 71.4563 3.97647
55947 71.4563 4.5016
63296 71.4563 4.52218
63584 71.4563 4.772
67080 71.4563 4.78371
67244 71.4563 4.8451
68103 71.4563 5.08326
71436 71.4563 5.18173
72814 71.4563 6.33903
89010 71.4563 6.6881
93895 71.4563 6.77642
95131 71.4563 6.87231
96473 71.4563 7.15756
100465 71.4563 7.63804
107189 71.4563 7.81017
109598 71.4563 7.81118
109612 71.4563 8.33131
116891 71.4563 8.51002
119392 71.4563 8.78763
123277 71.4563 8.81749
123695 71.4563 9.54106
133821 71.4563 9.54392
133861 71.4563 9.84939
138136 71.4563 10.1214
141942 71.4563 10.3328
144901 71.4563 10.3664
145371 71.4563 10.4601
146682 71.4563 10.5772
148321 71.4563 10.591
148514 71.4563 10.6313
149079 71.4563 10.7206
150328 71.4563 11.3185
158696 71.4563 11.6652
163547 71.4563 11.6723
163647 71.4563 12.1749
170680 71.4563 12.2274
171415 71.4563 12.2572
171832 71.4563 12.5422
175820 71.4563 13.1403
184191 71.4563 13.3435
187035 71.4563 13.3899
187684 71.4563 13.3923
187717 71.4563 13.8337
193895 71.4563 13.9436
195433 71.4563 14.092
197509 71.4563 14.4852
203012 71.4563 14.9069
208914 71.4563 14.9621
209686 71.4563 15.6093
218744 71.4563 16.0129
224392 71.4563 16.2311
227445 71.4563 16.2404
227576 71.4563 16.6094
232740 71.4563 16.6475
233273 71.4563 16.7113
234165 71.4563 17.0462
238852 71.4563 17.0596
239040 71.4563 17.1982
240980 71.4563 17.3809
243536 71.4563 17.5788
246305 71.4563 17.6433
247209 71.4563 17.7707
248991 71.4563 17.9485
251479 71.4563 18.219
255265 71.4563 18.2427
255596 71.4563 18.451
258512 71.4563 18.6875
261822 71.4563 18.7163
262224 71.4563 18.8517
264119 71.4563 19.2431
269597 71.4563 19.2606
269842 71.4563 19.8987
278772 71.4563 19.9453
279424 71.4563 20.3595
285220 71.4563 20.7496
290679 71.4563 21.0333
294650 71.4563 21.0891
295431 71.4563 22.0081
308292 71.4563 22.1803
310702 71.4563 22.2952
312309 71.4563 22.7668
318909 71.4563 23.0096
322308 71.4563 23.1386
324113 71.4563 23.37
327351 71.4563 23.8513
334086 71.4563 23.9704
335753 71.4563 24.0929
337468 71.4563 24.411
341920 71.4563 24.498
343137 71.4563 24.5073
343267 71.4563 24.545
343795 71.4563 24.7746
347008 71.4563 24.7961
347308 71.4563 25.1747
352607 71.4563 25.2454
353597 71.4563 25.3783
355456 71.4563 25.4672
356701 71.4563 25.7578
360767 71.4563 26.0831
365320 71.4563 26.2399
367514 71.4563 26.2535
367704 71.4563 26.2815
368096 71.4563 27.0356
378650 71.4563 27.0648
379058 71.4563 27.7884
389185 71.4563 27.8407
389917 71.4563 28.2103
395089 71.4563 28.5734
400171 71.4563 28.7752
402995 71.4563 29.1207
407830 71.4563 29.2892
410187 71.4563 29.3469
410995 71.4563 29.4576
412544 71.4563 29.561
413991 71.4563 29.6151
414748 71.4563 29.7647
416842 71.4563 29.9984
420112 71.4563 30.1081
421648 71.4563 30.2944
424255 71.4563 30.4347
426219 71.4563 30.4913
427011 71.4563 30.6034
428579 71.4563 30.855
432100 71.4563 31.4107
439877 71.4563 31.5628
442006 71.4563 32.0727
449142 71.4563 32.2784
452020 71.4563 32.3403
452886 71.4563 32.3432
452927 71.4563 32.3719
453328 71.4563 32.4941
455039 71.4563 32.6694
457492 71.4563 32.7887
459161 71.4563 32.8483
459995 71.4563 32.9117
460883 71.4563 33.2753
465972 71.4563 33.2941
466235 71.4563 33.3843
467497 71.4563 33.3974
467680 71.4563 33.6192
470784 71.4563 33.6874
471739 71.4563 33.8948
474641 71.4563 33.9814
475853 71.4563 34.0315
476554 71.4563 34.0772
477194 71.4563 34.3253
480665 71.4563 34.3853
481505 71.4563 34.4244
482053 71.4563 34.4633
482597 71.4563 34.6438
485123 71.4563 35.0703
491092 71.4563 35.3491
494993 71.4563 35.9596
503537 71.4563 36.1761
506567 71.4563 36.2272
507282 71.4563 36.2363
507409 71.4563 36.4299
510119 71.4563 36.7375
514424 71.4563 36.9391
517244 71.4563 36.9666
517629 71.4563 37.0193
518367 71.4563 37.091
519370 71.4563 37.3306
522724 71.4563 37.6201
526775 71.4563 37.686
527697 71.4563 37.7089
528018 71.4563 37.7473
528555 71.4563 38.1973
534852 71.4563 38.8632
544172 71.4563 39.5889
554328 71.4563 39.8125
557456 71.4563 39.8589
558106 71.4563 39.8867
558495 71.4563 39.9665
559612 71.4563 40.4533
566424 71.4563 40.5505
567784 71.4563 40.924
573012 71.4563 40.9988
574058 71.4563 41.0456
574714 71.4563 41.4647
580578 71.4563 41.6443
583092 71.4563 41.8392
585820 71.4563 41.9965
588021 71.4563 42.1847
590655 71.4563 42.2638
591762 71.4563 42.2828
592027 71.4563 42.3654
593183 71.4563 42.504
595123 71.4563 42.6008
596478 71.4563 42.8456
599904 71.4563 42.9526
601401 71.4563 43.588
610293 71.4563 43.8505
613967 71.4563 43.8763
614328 71.4563 43.9268
615035 71.4563 44.085
617249 71.4563 44.0988
617441 71.4563 44.1837
618629 71.4563 44.4192
621926 71.4563 44.594
624372 71.4563 44.7084
625972 71.4563 44.7098
625992 71.4563 45.0849
631242 71.4563 45.6551
639221 71.4563 46.2022
646878 71.4563 46.2191
647114 71.4563 46.4734
650673 71.4563 46.6305
652872 71.4563 46.7612
654701 71.4563 46.8878
656472 71.4563 46.9036
656693 71.4563 46.9072
656744 71.4563 47.4373
664163 71.4563 47.5864
666249 71.4563 47.6218
666745 71.4563 48.1376
673963 71.4563 48.3225
676551 71.4563 48.3683
677192 71.4563 48.6517
681157 71.4563 48.6521
681163 71.4563 48.6597
681270 71.4563 48.9919
685918 71.4563 49.3625
691105 71.4563 49.4659
692552 71.4563 49.8912
698503 71.4563 50.075
701076 71.4563 50.4558
706405 71.4563 50.5304
707449 71.4563 50.575
708073 71.4563 50.8807
712351 71.4563 51.4961
720964 71.4563 51.5109
721170 71.4563 51.5499
721717 71.4563 51.5883
722254 71.4563 51.7881
725050 71.4563 51.7902
725079 71.4563 51.8693
726187 71.4563 51.9159
726839 71.4563 51.9211
726911 71.4563 51.987
727834 71.4563 52.0986
729395 71.4563 52.9971
741969 71.4563 53.0908
743280 71.4563 53.2199
745087 71.4563 53.5475
749672 71.4563 53.7583
752622 71.4563 54.1666
758336 71.4563 54.2143
759004 71.4563 55.0298
770416 71.4563 55.466
776520 71.4563 55.7836
780965 71.4563 55.9415
783175 71.4563 55.9569
783390 71.4563 56.0269
784370 71.4563 56.2004
786798 71.4563 56.2252
787145 71.4563 56.5965
792342 71.4563 57.1638
800280 71.4563 57.2786
801887 71.4563 57.4867
804800 71.4563 58.0981
813355 71.4563 58.3264
816551 71.4563 58.3356
816680 71.4563 58.5502
819682 71.4563 58.6298
820796 71.4563 58.7403
822343 71.4563 58.8217
823482 71.4563 59.1583
828192 71.4563 59.3277
830563 71.4563 59.3585
830994 71.4563 59.3623
831048 71.4563 59.3899
831434 71.4563 59.5239
833309 71.4563 59.5846
834158 71.4563 59.8859
838375 71.4563 60.0197
840248 71.4563 60.0209
840265 71.4563 60.0762
841038 71.4563 60.1087
841493 71.4563 60.3485
844849 71.4563 60.5019
846996 71.4563 60.5719
847976 71.4563 61.0098
854103 71.4563 61.0966
855318 71.4563 61.2488
857448 71.4563 61.5149
861172 71.4563 61.6142
862562 71.4563 61.6544
863125 71.4563 61.8176
865409 71.4563 61.9142
866761 71.4563 62.2118
870925 71.4563 62.5319
875405 71.4563 62.6048
876425 71.4563 62.6279
876748 71.4563 63.2827
885912 71.4563 63.3503
886858 71.4563 63.7406
892320 71.4563 63.745
892381 71.4563 63.7563
892540 71.4563 63.8158
893372 71.4563 64.0294
896362 71.4563 64.3061
900234 71.4563 64.3578
900957 71.4563 64.6519
905073 71.4563 64.9183
908802 71.4563 64.9791
909652 71.4563 65.2818
913888 71.4563 65.299
914129 71.4563 65.4357
916042 71.4563 65.5567
917735 71.4563 65.6941
919659 71.4563 66.0029
923980 71.4563 66.0134
924127 71.4563 66.8195
935408 71.4563 67.0505
938641 71.4563 67.2474
941396 71.4563 67.2823
941885 71.4563 67.6542
947089 71.4563 67.8373
949652 71.4563 68.0114
952088 71.4563 68.2665
955658 71.4563 68.3372
956647 71.4563 68.6704
961311 71.4563 68.868
964076 71.4563 69.2938
970034 71.4563 69.4794
972632 71.4563 69.66
975159 71.4563 69.7324
976172 71.4563 69.983
979680 71.4563 70.1662
982243 71.4563 70.2777
983804 71.4563 70.2864
983925 71.4563 70.9689
993477 71.4563 71.4549
1000278 71.4563 71.4865
1000720 71.4563 71.5634
1001796 71.4563 71.9152
1006720 71.4563 72.379
1013211 71.4563 72.604
1016359 71.4563 72.7153
1017917 71.4563 72.8928
1020401 71.4563 73.3266
1026472 71.4563 74.2175
1038939 71.4563 74.3181
1040348 71.4563 74.4954
1042829 71.4563 74.5797
1044008 71.4563 74.8282
1047486 71.4563 74.8923
1048383 71.4563 74.9278
1048880 71.4563 75.1583
1052106 71.4563 75.7145
1059890 71.4563 76.3845
1069266 71.4563 76.7576
1074487 71.4563 76.9137
1076672 71.4563 77.035
1078370 71.4563 77.0538
1078632 71.4563 77.1747
1080324 71.4563 77.205
1080749 71.4563 77.4685
1084436 71.4563 77.5305
1085303 71.4563 78.3576
1096879 71.4563 78.4721
1098481 71.4563 78.7586
1102491 71.4563 78.7685
1102629 71.4563 78.9481
1105143 71.4563 79.1745
1108311 71.4563 79.2801
1109789 71.4563 79.3779
1111157 71.4563 79.443
1112068 71.4563 79.491
1112740 71.4563 79.9182
1118719 71.4563 80.0232
1120188 71.4563 80.0534
1120611 71.4563 80.1715
1122263 71.4563 80.2416
1123244 71.4563 80.2429
1123263 71.4563 80.4867
1126674 71.4563 80.786
1130863 71.4563 80.9972
1133818 71.4563 81.4736
1140485 71.4563 81.5336
1141325 71.4563 81.5654
1141770 71.4563 81.8369
1145570 71.4563 81.9087
1146574 71.4563 82.0751
1148904 71.4563 82.1731
1150275 71.4563 82.4762
1154517 71.4563 82.8769
1160124 71.4563 83.0914
1163126 71.4563 83.7678
1172592 71.4563 84.0483
1176517 71.4563 84.287
1179858 71.4563 84.4248
1181787 71.4563 84.6545
1185001 71.4563 84.8801
1188158 71.4563 85.317
1194273 71.4563 85.4714
1196433 71.4563 86.0295
1204244 71.4563 86.1354
1205725 71.4563 86.1508
1205941 71.4563 86.2608
1207480 71.4563 86.4845
1210611 71.4563 86.6057
1212307 71.4563 86.6616
1213090 71.4563 86.7129
1213807 71.4563 86.7322
1214077 71.4563 86.9868
1217641 71.4563 87.9643
1231320 71.4563 87.9672
1231361 71.4563 88.2772
1235699 71.4563 88.8884
1244253 71.4563 88.9612
1245272 71.4563 89.0584
1246632 71.4563 89.1202
1247496 71.4563 89.4361
1251918 71.4563 89.7226
1255927 71.4563 89.7283
1256007 71.4563 89.7684
1256568 71.4563 90.2957
1263947 71.4563 90.4816
1266549 71.4563 90.5314
1267245 71.4563 90.6736
1269235 71.4563 90.8548
1271771 71.4563 91.1584
1276020 71.4563 91.3059
1278085 71.4563 91.344
1278617 71.4563 91.3818
1279146 71.4563 91.5682
1281755 71.4563 91.7433
1284206 71.4563 91.8419
1285585 71.4563 91.9043
1286459 71.4563 91.9482
1287073 71.4563 92.4329
1293856 71.4563 92.5836
1295965 71.4563 93.1949
1304520 71.4563 93.7663
1312516 71.4563 93.9608
1315239 71.4563 93.9779
1315478 71.4563 94.3763
1321053 71.4563 94.5406
1323352 71.4563 94.7907
1326852 71.4563 95.1735
1332210 71.4563 95.3577
1334787 71.4563 95.42
1335659 71.4563 95.547
1337437 71.4563 96.1266
1345548 71.4563 96.2504
1347280 71.4563 96.2677
1347523 71.4563 96.4624
1350248 71.4563 96.5233
1351100 71.4563 96.5911
1352048 71.4563 96.9036
1356422 71.4563 97.2566
1361362 71.4563 97.3676
1362915 71.4563 97.4114
1363528 71.4563 97.4189
1363633 71.4563 97.7067
1367661 71.4563 97.7777
1368655 71.4563 97.9334
1370834 71.4563 98.2812
1375700 71.4563 98.7825
1382716 71.4563 99.1294
1387571 71.4563 99.2082
1388674 71.4563 99.2627
1389437 71.4563 99.3058
1390039 71.4563 99.7296
1395971 71.4563 99.7792
1396665 71.4563 99.9772
1399435 71.4563 100.57
1407725 71.4563 100.572
1407755 71.4563 100.715
1409756 71.4563 100.74
1410106 71.4563 100.798
1410928 71.4563 101.129
1415555 71.4563 101.281
1417687 71.4563 101.392
1419228 71.4563 102.372
1432953 71.4563 102.519
1435008 71.4563 103.191
1444411 71.4563 103.539
1449277 71.4563 103.579
1449839 71.4563 103.849
1453618 71.4563 103.856
1453723 71.4563 104.222
1458836 71.4563 105.506
1476805 71.4563 105.633
1478592 71.4563 105.772
1480533 71.4563 106.03
1484142 71.4563 106.047
1484385 71.4563 106.175
1486176 71.4563 106.493
1490620 71.4563 107.229
1500919 71.4563 107.345
1502543 71.4563 107.748
1508186 71.4563 108.038
1512243 71.4563 108.33
1516331 71.4563 108.789
1522746 71.4563 108.931
1524745 71.4563 109.363
1530790 71.4563 109.523
1533024 71.4563 109.695
1535428 71.4563 109.986
1539510 71.4563 110.517
1546937 71.4563 110.552
1547426 71.4563 110.592
1547983 71.4563 110.627
1548472 71.4563 111.13
1555515 71.4563 111.655
1562861 71.4563 112.048
1568357 71.4563 112.304
1571949 71.4563 112.375
1572934 71.4563 112.391
1573161 71.4563 112.574
1575725 71.4563 112.985
1581472 71.4563 113.094
1583002 71.4563 113.106
1583164 71.4563 113.579
1589793 71.4563 113.853
1593618 71.4563 114.19
1598340 71.4563 114.207
1598571 71.4563 114.274
1599507 71.4563 114.709
1605596 71.4563 115.264
1613363 71.4563 115.328
1614267 71.4563 115.443
1615875 71.4563 115.523
1616998 71.4563 115.616
1618288 71.4563 115.699
1619452 71.4563 115.926
1622635 71.4563 116.129
1625468 71.4563 116.986
1637466 71.4563 117.032
1638109 71.4563 117.384
1643035 71.4563 117.951
1650964 71.4563 118.156
1653834 71.4563 118.224
1654797 71.4563 118.855
1663628 71.4563 119.055
1666419 71.4563 119.488
1672474 71.4563 119.82
1677125 71.4563 120.322
1684151 71.4563 120.413
1685420 71.4563 120.543
1687246 71.4563 120.588
1687877 71.4563 121.17
1696023 71.4563 121.173
1696067 71.4563 121.882
1705980 71.4563 122.334
1712313 71.4563 122.351
1712553 71.4563 122.354
1712592 71.4563 122.375
1712888 71.4563 122.422
1713536 71.4563 123.225
1724780 71.4563 123.579
1729738 71.4563 123.643
1730630 71.4563 123.757
1732217 71.4563 123.851
1733534 71.4563 124.23
1738836 71.4563 124.26
1739263 71.4563 124.419
1741491 71.4563 124.503
1742660 71.4563 124.506
1742709 71.4563 124.518
1742875 71.4563 124.631
1744448 71.4563 125.039
1750169 71.4563 125.391
1755094 71.4563 125.405
1755282 71.4563 125.548
1757292 71.4563 125.641
1758588 71.4563 125.915
1762425 71.4563 126.173
1766032 71.4563 126.259
1767240 71.4563 126.267
1767348 71.4563 126.321
1768110 71.4563 126.338
1768345 71.4563 126.371
1768803 71.4563 126.555
1771387 71.4563 126.82
1775095 71.4563 127.037
1778122 71.4563 127.209
1780530 71.4563 127.494
1784520 71.4563 127.546
1785249 71.4563 127.609
1786134 71.4563 128.124
1793339 71.4563 128.533
1799062 71.4563 128.587
1799812 71.4563 129.066
1806519 71.4563 129.379
1810900 71.4563 129.39
1811051 71.4563 129.509
1812714 71.4563 130.706
1829466 71.4563 130.745
1830013 71.4563 130.801
1830808 71.4563 130.896
1832129 71.4563 131.003
1833623 71.4563 131.534
1841059 71.4563 131.71
1843526 71.4563 131.8
1844785 71.4563 131.916
1846407 71.4563 132.078
1848666 71.4563 132.336
1852279 71.4563 132.494
1854487 71.4563 132.706
1857462 71.4563 132.719
1857641 71.4563 132.836
1859284 71.4563 132.914
1860373 71.4563 133.102
1863004 71.4563 133.345
1866398 71.4563 133.565
1869478 71.4563 133.738
1871907 71.4563 133.944
1874784 71.4563 134.479
1882268 71.4563 134.526
1882924 71.4563 134.775
1886414 71.4563 134.966
1889083 71.4563 135.186
1892172 71.4563 135.409
1895284 71.4563 135.713
1899547 71.4563 135.742
1899948 71.4563 136.631
1912384 71.4563 136.835
1915239 71.4563 136.919
1916414 71.4563 137.171
1919944 71.4563 137.297
1921715 71.4563 137.356
1922538 71.4563 137.471
1924151 71.4563 137.487
1924365 71.4563 137.749
1928032 71.4563 137.778
1928439 71.4563 138.037
1932064 71.4563 138.14
1933501 71.4563 138.168
1933905 71.4563 138.24
1934904 71.4563 138.333
1936210 71.4563 138.492
1938436 71.4563 138.524
1938885 71.4563 138.582
1939690 71.4563 138.792
1942629 71.4563 138.795
1942680 71.4563 138.977
1945214 71.4563 139.171
1947941 71.4563 139.378
1950826 71.4563 139.381
1950871 71.4563 139.509
1952662 71.4563 139.534
1953022 71.4563 139.564
1953433 71.4563 139.982
1959283 71.4563 140.176
1961995 71.4563 140.354
1964491 71.4563 140.497
1966495 71.4563 140.65
1968637 71.4563 140.689
1969181 71.4563 140.746
1969976 71.4563 141.324
1978060 71.4563 141.585
1981721 71.4563 141.613
1982111 71.4563 141.694
1983243 71.4563 141.956
1986911 71.4563 142.107
1989028 71.4563 142.66
1996765 71.4563 142.714
1997520 71.4563 142.946
2000764 71.4563 143.282
2005469 71.4563 143.966
2015042 71.4563 144.33
2020129 71.4563 144.839
2027258 71.4563 145.142
2031500 71.4563 145.445
2035744 71.4563 145.753
2040046 71.4563 145.906
2042189 71.4563 145.957
2042903 71.4563 146.079
2044612 71.4563 146.184
2046077 71.4563 146.269
2047267 71.4563 147.035
2057988 71.4563 147.103
2058943 71.4563 147.166
2059822 71.4563 147.872
2069698 71.4563 148.078
2072586 71.4563 148.977
2085162 71.4563 149.319
2089956 71.4563 149.32
2089962 71.4563 149.72
2095563 71.4563 149.756
2096070 71.4563 149.906
2098165 71.4563 150.1
2100885 71.4563 150.564
2107379 71.4563 150.655
2108650 71.4563 150.848
2111353 71.4563 151.645
2122507 71.4563 152.444
2133684 71.4563 152.629
2136272 71.4563 152.792
2138554 71.4563 152.944
2140686 71.4563 152.97
2141045 71.4563 153.083
2142635 71.4563 153.299
2145650 71.4563 153.488
2148302 71.4563 153.669
2150823 71.4563 154.54
2163020 71.4563 154.93
2168480 71.4563 155.107
2170958 71.4563 155.301
2173665 71.4563 155.758
2180068 71.4563 156.21
2186395 71.4563 156.308
2187760 71.4563 156.435
2189535 71.4563 156.859
2195469 71.4563 156.913
2196224 71.4563 157.593
2205749 71.4563 157.737
2207760 71.4563 157.802
2208671 71.4563 157.861
2209496 71.4563 158.106
2212927 71.4563 158.188
2214071 71.4563 158.201
2214255 71.4563 158.691
2221106 71.4563 158.696
2221182 71.4563 158.701
2221255 71.4563 158.856
2223423 71.4563 159.825
2236982 71.4563 159.894
2237944 71.4563 159.975
2239080 71.4563 161.185
2256014 71.4563 161.263
2257107 71.4563 161.595
2261746 71.4563 161.645
2262456 71.4563 161.947
2266669 71.4563 162.178
2269913 71.4563 162.423
2273344 71.4563 163.188
2284040 71.4563 163.4
2287014 71.4563 163.443
2287612 71.4563 163.548
2289075 71.4563 163.696
2291153 71.4563 163.725
2291564 71.4563 163.775
2292257 71.4563 163.905
2294080 71.4563 163.934
2294480 71.4563 164.13
2297223 71.4563 164.15
2297503 71.4563 164.212
2298373 71.4563 164.441
2301582 71.4563 164.458
2301815 71.4563 164.547
2303064 71.4563 165.023
2309722 71.4563 165.249
2312891 71.4563 165.337
2314116 71.4563 165.949
2322688 71.4563 165.959
2322827 71.4563 166.12
2325080 71.4563 166.333
2328058 71.4563 166.485
2330177 71.4563 166.798
2334567 71.4563 166.912
2336163 71.4563 167.032
2337842 71.4563 167.071
2338385 71.4563 167.142
2339378 71.4563 167.273
2341217 71.4563 167.302
2341621 71.4563 167.57
2345365 71.4563 167.599
2345767 71.4563 167.896
2349924 71.4563 168.138
2353316 71.4563 168.378
2356675 71.4563 168.411
2357132 71.4563 168.928
2364375 71.4563 169.575
2373420 71.4563 169.859
2377406 71.4563 170.429
2385378 71.4563 170.438
2385509 71.4563 170.457
2385764 71.4563 170.564
2387271 71.4563 170.771
2390161 71.4563 170.91
2392114 71.4563 170.943
2392567 71.4563 171.106
2394854 71.4563 171.19
2396021 71.4563 171.4
2398965 71.4563 171.434
2399442 71.4563 171.682
2402909 71.4563 171.928
2406357 71.4563 172.356
2412348 71.4563 172.521
2414650 71.4563 172.719
2417430 71.4563 172.829
2418971 71.4563 173.023
2421678 71.4563 173.063
2422240 71.4563 173.148
2423427 71.4563 173.442
2427542 71.4563 173.476
2428017 71.4563 173.481
2428091 71.4563 174.308
2439662 71.4563 174.468
2441903 71.4563 174.487
2442161 71.4563 174.487
2442168 71.4563 174.819
2446809 71.4563 175.309
2453672 71.4563 175.502
2456368 71.4563 175.989
2463182 71.4563 176.197
2466093 71.4563 176.372
2468543 71.4563 176.551
2471047 71.4563 176.769
2474097 71.4563 176.803
2474578 71.4563 176.837
2475053 71.4563 176.904
2475999 71.4563 177.507
2484434 71.4563 177.761
2487990 71.4563 177.881
2489661 71.4563 177.92
2490208 71.4563 178.252
2494861 71.4563 178.415
2497137 71.4563 178.849
2503209 71.4563 179.143
2507327 71.4563 179.209
2508254 71.4563 179.289
2509370 71.4563 179.559
2513145 71.4563 179.715
2515327 71.4563 180.108
2520829 71.4563 180.343
2524126 71.4563 180.354
2524267 71.4563 180.388
2524752 71.4563 180.92
2532200 71.4563 180.973
2532931 71.4563 181.356
2538296 71.4563 181.498
2540284 71.4563 181.528
2540704 71.4563 181.746
2543755 71.4563 181.812
2544680 71.4563 181.833
2544971 71.4563 181.902
2545934 71.4563 181.905
2545981 71.4563 181.975
2546958 71.4563 182.068
2548264 71.4563 182.372
2552521 71.4563 182.514
2554496 71.4563 182.95
2560603 71.4563 183.33
2565928 71.4563 183.372
2566507 71.4563 183.56
2569139 71.4563 183.683
2570868 71.4563 183.857
2573303 71.4563 184.133
2577166 71.4563 184.919
2588158 71.4563 184.978
2588978 71.4563 185.356
2594281 71.4563 185.366
2594410 71.4563 185.395
2594822 71.4563 185.405
2594954 71.4563 185.434
2595366 71.4563 185.448
2595565 71.4563 185.573
2597315 71.4563 185.903
2601933 71.4563 186.029
2603699 71.4563 186.867
2615418 71.4563 187.222
2620393 71.4563 187.266
2620998 71.4563 187.491
2624156 71.4563 187.566
2625206 71.4563 187.876
2629546 71.4563 188.705
2641136 71.4563 188.772
2642083 71.4563 188.785
2642257 71.4563 188.833
2642927 71.4563 188.891
2643748 71.4563 189.386
2650675 71.4563 189.457
2651661 71.4563 189.529
2652677 71.4563 189.734
2655537 71.4563 189.847
2657130 71.4563 189.892
2657754 71.4563 189.99
2659131 71.4563 190.426
2665230 71.4563 190.857
2671255 71.4563 191.027
2673641 71.4563 191.546
2680905 71.4563 192.775
2698099 71.4563 192.844
2699070 71.4563 193.148
2703325 71.4563 193.217
2704283 71.4563 193.226
2704406 71.4563 193.474
2707888 71.4563 193.528
2708637 71.4563 193.903
2713892 71.4563 194.009
2715376 71.4563 194.349
2720123 71.4563 194.462
2721711 71.4563 194.593
2723545 71.4563 194.832
2726882 71.4563 194.886
2727637 71.4563 194.917
2728079 71.4563 194.936
2728338 71.4563 195.037
2729757 71.4563 195.096
2730580 71.4563 195.104
2730697 71.4563 195.242
2732630 71.4563 195.445
2735467 71.4563 195.48
2735949 71.4563 195.622
2737944 71.4563 195.783
2740196 71.4563 196.651
2752342 71.4563 196.677
2752706 71.4563 196.71
2753162 71.4563 197.051
2757939 71.4563 197.25
2760724 71.4563 197.301
2761436 71.4563 197.937
2770347 71.4563 198.722
2781319 71.4563 198.941
2784386 71.4563 199.283
2789179 71.4563 199.841
2796982 71.4563 200.264
2802904 71.4563 200.562
2807080 71.4563 200.573
2807232 71.4563 200.629
2808008 71.4563 200.774
2810039 71.4563 200.815
2810613 71.4563 201.07
2814188 71.4563 201.263
2816882 71.4563 201.306
2817482 71.4563 201.43
2819217 71.4563 201.474
2819833 71.4563 201.638
2822136 71.4563 201.756
2823787 71.4563 201.866
2825318 71.4563 202.146
2829250 71.4563 202.149
2829284 71.4563 202.171
2829593 71.4563 202.231
2830427 71.4563 202.243
2830601 71.4563 202.326
2831769 71.4563 202.464
2833694 71.4563 203.048
2841871 71.4563 203.169
2843563 71.4563 203.465
2847702 71.4563 203.553
2848933 71.4563 203.856
2853175 71.4563 204.019
2855458 71.4563 204.259
2858819 71.4563 204.549
2862873 71.4563 204.554
2862943 71.4563 204.598
2863563 71.4563 205.34
2873944 71.4563 205.53
2876606 71.4563 205.663
2878469 71.4563 205.75
2879673 71.4563 206.424
2889111 71.4563 206.468
2889731 71.4563 206.468
2889732 71.4563 206.483
2889941 71.4563 206.581
2891309 71.4563 206.63
2891992 71.4563 206.661
2892423 71.4563 206.866
2895297 71.4563 206.959
2896593 71.4563 207.544
2904783 71.4563 207.711
2907118 71.4563 207.938
2910296 71.4563 207.968
2910715 71.4563 208.725
2921308 71.4563 208.898
2923735 71.4563 208.972
2924765 71.4563 209.052
2925895 71.4563 209.11
2926705 71.4563 209.112
2926726 71.4563 209.218
2928217 71.4563 209.311
2929511 71.4563 209.319
2929626 71.4563 209.459
2931590 71.4563 209.589
2933411 71.4563 209.651
2934274 71.4563 209.828
2936744 71.4563 209.871
2937355 71.4563 209.916
2937985 71.4563 210.622
2947856 71.4563 210.949
2952434 71.4563 211.057
2953950 71.4563 211.078
2954237 71.4563 211.164
2955453 71.4563 211.679
2962656 71.4563 211.844
2964956 71.4563 212.177
2969616 71.4563 212.469
2973715 71.4563 212.514
2974334 71.4563 212.86
2979182 71.4563 213.093
2982438 71.4563 213.973
2994761 71.4563 214.063
2996010 71.4563 214.152
2997268 71.4563 214.278
2999019 71.4563 214.599
3003515 71.4563 214.993
3009025 71.4563 215.167
3011460 71.4563 215.635
3018016 71.4563 216.244
3026541 71.4563 216.417
3028959 71.4563 216.58
3031238 71.4563 217.521
3044407 71.4563 217.686
3046719 71.4563 217.936
3050216 71.4563 218.906
3063793 71.4563 218.95
3064406 71.4563 219.19
3067772 71.4563 219.22
3068190 71.4563 219.856
3077092 71.4563 219.975
3078751 71.4563 220.154
3081262 71.4563 220.374
3084339 71.4563 220.777
3089970 71.4563 221.057
3093898 71.4563 221.367
3098235 71.4563 221.516
3100321 71.4563 221.637
3102018 71.4563 222.199
3109872 71.4563 222.496
3114029 71.4563 223.318
3125541 71.4563 223.391
3126557 71.4563 223.59
3129339 71.4563 223.841
3132849 71.4563 224.564
3142974 71.4563 224.623
3143802 71.4563 225.054
3149836 71.4563 225.074
3150107 71.4563 225.439
3155214 71.4563 225.642
3158057 71.4563 225.784
3160047 71.4563 225.855
3161045 71.4563 226.355
3168039 71.4563 226.68
3172588 71.4563 226.847
3174921 71.4563 226.978
3176758 71.4563 227.05
3177761 71.4563 227.215
3180072 71.4563 227.302
3181286 71.4563 227.355
3182030 71.4563 227.539
3184605 71.4563 227.966
3190584 71.4563 228.118
3192709 71.4563 228.449
3197349 71.4563 228.577
3199137 71.4563 228.722
3201167 71.4563 229.276
3208911 71.4563 229.341
3209824 71.4563 229.426
3211013 71.4563 229.825
3216595 71.4563 230.458
3225456 71.4563 230.668
3228399 71.4563 230.816
3230462 71.4563 231.014
3233237 71.4563 231.03
3233464 71.4563 231.463
3239529 71.4563 231.497
3239993 71.4563 231.585
3241227 71.4563 231.896
3245580 71.4563 232.054
3247790 71.4563 232.164
3249331 71.4563 232.164
3249332 71.4563 232.397
3252592 71.4563 232.491
3253910 71.4563 232.521
3254325 71.4563 232.743
3257442 71.4563 232.769
3257805 71.4563 233.231
3264262 71.4563 233.24
3264387 71.4563 233.44
3267194 71.4563 233.541
3268604 71.4563 233.727
3271208 71.4563 233.875
3273283 71.4563 234.002
3275060 71.4563 234.433
3281085 71.4563 234.501
3282040 71.4563 234.573
3283051 71.4563 234.574
3283054 71.4563 234.627
3283797 71.4563 234.71
3284963 71.4563 234.732
3285276 71.4563 234.763
3285707 71.4563 234.795
3286157 71.4563 234.998
3288992 71.4563 235.119
3290685 71.4563 235.317
3293464 71.4563 235.598
3297394 71.4563 235.665
3298327 71.4563 236.175
3305471 71.4563 236.418
3308866 71.4563 236.42
3308887 71.4563 236.503
3310059 71.4563 236.887
3315429 71.4563 237.079
3318114 71.4563 237.294
3321130 71.4563 237.323
3321524 71.4563 237.735
3327295 71.4563 238.36
3336040 71.4563 238.465
3337509 71.4563 238.503
3338044 71.4563 238.707
3340893 71.4563 238.817
3342437 71.4563 238.91
3343745 71.4563 238.912
3343765 71.4563 239.186
3347597 71.4563 239.243
3348402 71.4563 239.773
3355823 71.4563 239.851
3356913 71.4563 240.097
3360352 71.4563 240.393
3364491 71.4563 240.466
3365514 71.4563 240.516
3366219 71.4563 241.026
3373353 71.4563 241.282
3376939 71.4563 241.322
3377496 71.4563 241.327
3377559 71.4563 241.464
3379487 71.4563 241.748
3383456 71.4563 241.782
3383928 71.4563 241.804
3384233 71.4563 242.041
3387557 71.4563 242.208
3389893 71.4563 242.265
3390697 71.4563 242.416
3392810 71.4563 242.748
3397457 71.4563 243.114
3402569 71.4563 243.298
3405145 71.4563 243.565
3408878 71.4563 243.61
3409517 71.4563 243.62
3409654 71.4563 244.404
3420621 71.4563 244.453
3421305 71.4563 244.787
3425983 71.4563 244.912
3427741 71.4563 245.202
3431794 71.4563 245.291
3433035 71.4563 245.411
3434716 71.4563 245.589
3437211 71.4563 245.686
3438571 71.4563 245.839
3440702 71.4563 246.142
3444946 71.4563 246.407
3448661 71.4563 246.864
3455050 71.4563 246.884
3455328 71.4563 246.975
3456610 71.4563 247.181
3459487 71.4563 247.501
3463967 71.4563 247.526
3464319 71.4563 247.835
3468644 71.4563 247.89
3469417 71.4563 248.051
3471658 71.4563 248.094
3472260 71.4563 248.162
3473211 71.4563 248.177
3473431 71.4563 248.247
3474406 71.4563 248.394
3476464 71.4563 248.581
3479077 71.4563 248.647
3480009 71.4563 248.85
3482850 71.4563 249.319
3489405 71.4563 249.573
3492963 71.4563 249.882
3497285 71.4563 249.916
3497758 71.4563 250.793
3510043 71.4563 251.966
3526454 71.4563 252.346
3531769 71.4563 252.602
3535350 71.4563 252.728
3537118 71.4563 252.843
3538726 71.4563 252.987
3540740 71.4563 253.099
3542306 71.4563 253.511
3548071 71.4563 253.811
3552271 71.4563 253.943
3554124 71.4563 254.93
3567926 71.4563 255.825
3580455 71.4563 256.326
3587475 71.4563 256.332
3587552 71.4563 256.927
3595886 71.4563 256.988
3596738 71.4563 256.995
3596828 71.4563 257.007
3596996 71.4563 257.093
3598199 71.4563 257.248
3600366 71.4563 257.591
3605175 71.4563 258.019
3611168 71.4563 258.289
3614939 71.4563 258.596
3619240 71.4563 258.964
3624389 71.4563 258.992
3624776 71.4563 259.128
3626678 71.4563 259.857
3636881 71.4563 260.198
3641661 71.4563 260.922
3651794 71.4563 260.963
3652363 71.4563 261.12
3654563 71.4563 261.523
3660205 71.4563 261.56
3660722 71.4563 261.606
3661359 71.4563 261.624
3661611 71.4563 261.625
3661628 71.4563 262.043
3667476 71.4563 262.335
3671562 71.4563 262.541
3674449 71.4563 262.586
3675078 71.4563 262.647
3675928 71.4563 262.878
3679157 71.4563 262.951
3680188 71.4563 262.957
3680273 71.4563 263.284
3684838 71.4563 263.437
3686985 71.4563 263.475
3687516 71.4563 263.502
3687888 71.4563 263.565
3688776 71.4563 263.671
3690259 71.4563 263.799
3692050 71.4563 264.078
3695960 71.4563 264.126
3696629 71.4563 264.463
3701343 71.4563 264.639
3703810 71.4563 264.977
3708539 71.4563 265.336
3713556 71.4563 265.667
3718197 71.4563 266.412
3728616 71.4563 266.435
3728941 71.4563 266.491
3729720 71.4563 266.493
3729749 71.4563 266.711
3732803 71.4563 266.773
3733669 71.4563 266.818
3734305 71.4563 266.879
3735152 71.4563 266.914
3735643 71.4563 267.484
3743622 71.4563 267.548
3744521 71.4563 267.574
3744876 71.4563 268.247
3754294 71.4563 268.335
3755530 71.4563 268.588
3759074 71.4563 268.595
3759163 71.4563 268.614
3759431 71.4563 268.784
3761814 71.4563 268.91
3763576 71.4563 269.02
3765117 71.4563 269.153
3766983 71.4563 269.168
3767186 71.4563 269.418
3770688 71.4563 269.539
3772380 71.4563 269.586
3773038 71.4563 269.958
3778247 71.4563 270.044
3779448 71.4563 271.339
3797567 71.4563 271.516
3800047 71.4563 271.597
3801175 71.4563 271.966
3806338 71.4563 272.004
3806881 71.4563 272.067
3807762 71.4563 272.444
3813033 71.4563 272.584
3814996 71.4563 272.619
3815477 71.4563 273.01
3820955 71.4563 273.074
3821845 71.4563 273.101
3822228 71.4563 273.118
3822472 71.4563 273.157
3823017 71.4563 273.578
3828903 71.4563 274.04
3835375 71.4563 274.482
3841552 71.4563 274.748
3845280 71.4563 274.796
3845943 71.4563 274.811
3846156 71.4563 274.858
3846818 71.4563 275.091
3850083 71.4563 275.238
3852141 71.4563 275.255
3852371 71.4563 275.262
3852470 71.4563 275.461
3855252 71.4563 275.529
3856212 71.4563 275.809
3860120 71.4563 275.974
3862428 71.4563 276.143
3864803 71.4563 276.243
3866196 71.4563 276.313
3867178 71.4563 276.707
3872690 71.4563 276.731
3873031 71.4563 276.855
3874765 71.4563 277.588
3885025 71.4563 277.619
3885457 71.4563 277.711
3886742 71.4563 277.777
3887663 71.4563 277.878
3889082 71.4563 278.054
3891544 71.4563 278.691
3900461 71.4563 279.253
3908320 71.4563 279.429
3910786 71.4563 279.505
3911855 71.4563 279.545
3912406 71.4563 280.128
3920567 71.4563 280.652
3927906 71.4563 280.713
3928752 71.4563 280.715
3928786 71.4563 280.827
3930343 71.4563 281.202
3935592 71.4563 281.442
3938951 71.4563 281.515
3939985 71.4563 281.705
3942632 71.4563 281.997
3946727 71.4563 282.026
3947123 71.4563 282.604
3955212 71.4563 282.62
3955445 71.4563 282.631
3955599 71.4563 282.712
3956728 71.4563 282.894
3959273 71.4563 283.028
3961158 71.4563 283.945
3973983 71.4563 284.08
3975871 71.4563 284.128
3976540 71.4563 284.642
3983735 71.4563 284.699
3984542 71.4563 284.743
3985152 71.4563 284.952
3988071 71.4563 285.125
3990501 71.4563 285.269
3992508 71.4563 285.312
3993114 71.4563 285.338
3993477 71.4563 285.548
3996423 71.4563 285.896
4001288 71.4563 286.051
4003464 71.4563 286.323
4007267 71.4563 286.507
4009841 71.4563 286.519
4010008 71.4563 286.557
4010542 71.4563 286.894
4015249 71.4563 286.995
4016667 71.4563 287.065
4017652 71.4563 287.093
4018038 71.4563 287.13
4018560 71.4563 287.285
4020730 71.4563 287.326
4021307 71.4563 287.579
4024845 71.4563 287.989
4030581 71.4563 288.43
4036757 71.4563 288.634
4039605 71.4563 288.853
4042665 71.4563 288.929
4043732 71.4563 289.172
4047141 71.4563 289.193
4047428 71.4563 289.507
4051825 71.4563 289.624
4053457 71.4563 289.714
4054725 71.4563 290.154
4060874 71.4563 290.349
4063612 71.4563 290.556
4066503 71.4563 291.155
4074891 71.4563 291.313
4077099 71.4563 291.713
4082691 71.4563 291.81
4084053 71.4563 292.112
4088274 71.4563 292.312
4091083 71.4563 292.774
4097538 71.4563 292.926
4099668 71.4563 292.986
4100515 71.4563 293.053
4101452 71.4563 293.272
4104514 71.4563 293.726
4110872 71.4563 293.761
4111360 71.4563 293.919
4113564 71.4563 294.001
4114714 71.4563 294.47
4121271 71.4563 294.51
4121831 71.4563 294.558
4122505 71.4563 294.605
4123161 71.4563 294.66
4123943 71.4563 295.039
4129247 71.4563 295.045
4129326 71.4563 295.78
4139604 71.4563 296.014
4142885 71.4563 296.374
4147923 71.4563 296.48
4149408 71.4563 296.843
4154491 71.4563 296.919
4155557 71.4563 297.017
4156925 71.4563 297.05
4157382 71.4563 297.791
4167757 71.4563 297.825
4168231 71.4563 297.922
4169583 71.4563 298.699
4180466 71.4563 298.76
4181320 71.4563 299.406
4190354 71.4563 299.663
4193947 71.4563 299.671
4194068 71.4563 299.894
4197180 71.4563 300.673
4208092 71.4563 301.055
4213432 71.4563 301.19
4215317 71.4563 301.442
4218847 71.4563 301.643
4221656 71.4563 301.674
4222100 71.4563 301.816
4224087 71.4563 301.912
4225432 71.4563 302.05
4227352 71.4563 302.573
4234679 71.4563 302.705
4236517 71.4563 302.727
4236835 71.4563 302.895
4239176 71.4563 302.939
4239795 71.4563 302.993
4240554 71.4563 303.106
4242137 71.4563 303.265
4244365 71.4563 303.378
4245942 71.4563 303.502
4247678 71.4563 303.873
4252871 71.4563 303.928
4253635 71.4563 304.079
4255745 71.4563 304.262
4258314 71.4563 304.611
4263198 71.4563 304.839
4266389 71.4563 305.2
4271445 71.4563 305.29
4272694 71.4563 305.314
4273036 71.4563 306.003
4282680 71.4563 306.04
4283192 71.4563 306.464
4289133 71.4563 307.441
4302801 71.4563 307.446
4302873 71.4563 307.456
4303009 71.4563 307.636
4305535 71.4563 307.727
4306799 71.4563 308.186
4313233 71.4563 308.547
4318277 71.4563 308.559
4318444 71.4563 308.67
4320005 71.4563 308.761
4321273 71.4563 309.14
4326573 71.4563 309.217
4327656 71.4563 309.605
4333079 71.4563 309.778
4335501 71.4563 309.789
4335660 71.4563 309.831
4336254 71.4563 310.04
4339173 71.4563 310.888
4351036 71.4563 311.168
4354952 71.4563 311.331
4357234 71.4563 311.416
4358423 71.4563 311.663
4361886 71.4563 311.71
4362542 71.4563 311.727
4362778 71.4563 311.814
4363996 71.4563 312.029
4367011 71.4563 312.206
4369480 71.4563 312.529
4374004 71.4563 312.76
4377235 71.4563 312.806
4377878 71.4563 313.229
4383798 71.4563 313.29
4384653 71.4563 313.888
4393022 71.4563 314.252
4398119 71.4563 314.574
4402625 71.4563 315.168
4410932 71.4563 315.186
4411186 71.4563 316.147
4424643 71.4563 316.253
4426126 71.4563 316.388
4428016 71.4563 316.882
4434918 71.4563 317.276
4440437 71.4563 317.289
4440618 71.4563 317.381
4441914 71.4563 317.479
4443274 71.4563 317.689
4446217 71.4563 317.96
4450014 71.4563 318.81
4461901 71.4563 319.146
4466603 71.4563 319.522
4471868 71.4563 319.895
4477092 71.4563 320.145
4480586 71.4563 320.203
4481406 71.4563 320.822
4490056 71.4563 320.86
4490591 71.4563 320.908
4491271 71.4563 321.03
4492979 71.4563 321.442
4498739 71.4563 321.49
4499415 71.4563 321.877
4504830 71.4563 322.128
4508342 71.4563 322.518
4513797 71.4563 323.337
4525258 71.4563 323.368
4525691 71.4563 323.691
4530218 71.4563 323.755
4531108 71.4563 323.783
4531497 71.4563 323.978
4534233 71.4563 324.024
4534876 71.4563 324.037
4535057 71.4563 324.045
4535166 71.4563 324.07
4535513 71.4563 324.503
4541577 71.4563 324.561
4542392 71.4563 324.802
4545767 71.4563 324.812
4545902 71.4563 325.119
4550192 71.4563 325.135
4550423 71.4563 325.15
4550628 71.4563 325.31
4552872 71.4563 325.794
4559646 71.4563 325.946
4561772 71.4563 326.042
4563117 71.4563 326.058
4563335 71.4563 326.089
4563770 71.4563 326.252
4566049 71.4563 326.662
4571797 71.4563 326.886
4574928 71.4563 326.923
4575440 71.4563 326.95
4575823 71.4563 327.052
4577253 71.4563 327.258
4580129 71.4563 327.358
4581530 71.4563 327.367
4581660 71.4563 327.513
4583700 71.4563 327.723
4586632 71.4563 328.174
4592946 71.4563 328.198
4593282 71.4563 328.85
4602412 71.4563 328.914
4603300 71.4563 329.128
4606303 71.4563 329.247
4607966 71.4563 329.3
4608715 71.4563 329.318
4608963 71.4563 329.548
4612172 71.4563 329.572
4612518 71.4563 329.712
4614481 71.4563 330.344
4623318 71.4563 330.409
4624229 71.4563 330.592
4626791 71.4563 330.656
4627683 71.4563 331.426
4638458 71.4563 331.718
4642543 71.4563 332.035
4646978 71.4563 332.095
4647826 71.4563 332.13
4648318 71.4563 332.279
4650403 71.4563 332.491
4653361 71.4563 332.974
4660129 71.4563 333.013
4660665 71.4563 333.018
4660736 71.4563 333.112
4662053 71.4563 333.722
4670595 71.4563 333.739
4670832 71.4563 333.822
4671985 71.4563 333.866
4672606 71.4563 334.16
4676720 71.4563 334.299
4678670 71.4563 334.425
4680436 71.4563 334.804
4685730 71.4563 334.818
4685924 71.4563 334.96
4687915 71.4563 335.546
4696120 71.4563 335.592
4696764 71.4563 335.749
4698955 71.4563 335.894
4700995 71.4563 336.137
4704389 71.4563 336.888
4714896 71.4563 336.936
4715564 71.4563 336.974
4716105 71.4563 338.025
4730810 71.4563 338.125
4732206 71.4563 338.344
4735274 71.4563 338.476
4737119 71.4563 338.527
4737835 71.4563 338.862
4742528 71.4563 338.951
4743775 71.4563 339.293
4748562 71.4563 339.568
4752407 71.4563 339.865
4756556 71.4563 339.911
4757210 71.4563 340.046
4759088 71.4563 340.991
4772317 71.4563 341.099
4773828 71.4563 341.129
4774257 71.4563 341.583
4780598 71.4563 341.828
4784033 71.4563 342.558
4794242 71.4563 342.65
4795537 71.4563 342.839
4798181 71.4563 343.002
4800461 71.4563 343.13
4802254 71.4563 343.314
4804832 71.4563 343.338
4805167 71.4563 343.377
4805712 71.4563 343.446
4806681 71.4563 343.569
4808398 71.4563 343.789
4811476 71.4563 344.154
4816583 71.4563 344.267
4818160 71.4563 344.668
4823783 71.4563 344.706
4824306 71.4563 345.216
4831452 71.4563 345.269
4832191 71.4563 345.301
4832635 71.4563 345.326
4832989 71.4563 345.489
4835264 71.4563 345.501
4835436 71.4563 345.607
4836919 71.4563 345.765
4839133 71.4563 345.988
4842255 71.4563 346.273
4846242 71.4563 346.393
4847917 71.4563 346.449
4848701 71.4563 346.603
4850861 71.4563 346.622
4851118 71.4563 346.935
4855509 71.4563 347.015
4856628 71.4563 347.418
4862268 71.4563 347.988
4870232 71.4563 348.332
4875047 71.4563 348.462
4876878 71.4563 348.565
4878315 71.4563 348.873
4882618 71.4563 348.905
4883073 71.4563 349.079
4885502 71.4563 349.118
4886051 71.4563 349.205
4887271 71.4563 349.47
4890974 71.4563 349.583
4892554 71.4563 349.685
4893991 71.4563 349.834
4896074 71.4563 349.854
4896359 71.4563 349.892
4896888 71.4563 349.961
4897851 71.4563 350.209
4901315 71.4563 350.244
4901805 71.4563 350.372
4903604 71.4563 350.431
4904427 71.4563 350.583
4906551 71.4563 350.978
4912088 71.4563 351.372
4917603 71.4563 351.449
4918670 71.4563 351.529
4919790 71.4563 351.656
4921569 71.4563 351.754
4922937 71.4563 351.939
4925529 71.4563 352.081
4927514 71.4563 352.311
4930738 71.4563 352.653
4935525 71.4563 353.103
4941816 71.4563 353.645
4949400 71.4563 353.832
4952017 71.4563 353.951
4953682 71.4563 353.994
4954285 71.4563 354.119
4956043 71.4563 354.244
4957784 71.4563 354.344
4959187 71.4563 354.357
4959370 71.4563 354.56
4962216 71.4563 354.608
4962882 71.4563 354.616
4962992 71.4563 355.017
4968611 71.4563 355.15
4970469 71.4563 355.178
4970855 71.4563 355.295
4972494 71.4563 355.348
4973233 71.4563 355.366
4973492 71.4563 355.429
4974377 71.4563 355.433
4974431 71.4563 355.955
4981733 71.4563 356.227
4985542 71.4563 356.283
4986325 71.4563 356.602
4990782 71.4563 356.768
4993107 71.4563 357.217
