336	46.0537	0.0269875
922	46.0537	0.291106
6657	46.0537	0.379575
8578	46.0537	0.403108
9089	46.0537	0.428944
9650	46.0537	0.434241
9765	46.0537	0.459018
10303	46.0537	0.576178
12847	46.0537	0.630798
14033	46.0537	0.633193
14085	46.0537	0.796131
17623	46.0537	0.892383
19713	46.0537	0.916147
20229	46.0537	0.93595
20659	46.0537	1.16171
25561	46.0537	1.20569
26516	46.0537	1.23479
27148	46.0537	1.27532
28028	46.0537	1.39741
30679	46.0537	1.60654
35220	46.0537	1.64241
35999	46.0537	1.76533
38668	46.0537	1.81581
39764	46.0537	1.83045
40082	46.0537	2.03074
44431	46.0537	2.07288
45346	46.0537	2.11746
46314	46.0537	2.13229
46636	46.0537	2.24669
49120	46.0537	2.24696
49126	46.0537	2.62175
57264	46.0537	2.86316
62506	46.0537	3.0243
66005	46.0537	3.28073
71573	46.0537	3.45081
75266	46.0537	3.48254
75955	46.0537	3.50492
76441	46.0537	3.63981
79370	46.0537	3.87754
84532	46.0537	3.93202
85715	46.0537	4.06516
88606	46.0537	4.26287
92899	46.0537	4.26646
92977	46.0537	4.27402
93141	46.0537	4.53975
98911	46.0537	4.68325
102027	46.0537	5.29788
115373	46.0537	5.35204
116549	46.0537	5.40855
117776	46.0537	5.55325
120918	46.0537	5.57107
121305	46.0537	5.77196
125667	46.0537	5.99518
130514	46.0537	6.19142
134775	46.0537	6.36605
138567	46.0537	6.42988
139953	46.0537	6.5178
141862	46.0537	6.62437
144176	46.0537	6.63515
144410	46.0537	6.68327
145455	46.0537	6.80071
148005	46.0537	6.86785
149463	46.0537	7.20138
156705	46.0537	7.24513
157655	46.0537	7.24651
157685	46.0537	7.27958
158403	46.0537	7.32379
159363	46.0537	7.44993
162102	46.0537	7.49571
163096	46.0537	7.57225
164758	46.0537	7.60379
165443	46.0537	7.67278
166941	46.0537	7.74435
168495	46.0537	8.06599
175479	46.0537	8.24546
179376	46.0537	8.28972
180337	46.0537	8.33236
181263	46.0537	8.48558
184590	46.0537	8.54301
185837	46.0537	8.72548
189799	46.0537	8.73916
190096	46.0537	8.83467
192170	46.0537	8.86369
192800	46.0537	9.02593
196323	46.0537	9.10588
198059	46.0537	9.15028
199023	46.0537	9.29111
202081	46.0537	9.34283
203204	46.0537	9.43074
205113	46.0537	9.55025
207708	46.0537	9.85481
214321	46.0537	9.86176
214472	46.0537	10.0287
218097	46.0537	10.1073
219804	46.0537	10.5903
230291	46.0537	11.0353
239955	46.0537	11.5772
251721	46.0537	11.589
251976	46.0537	12.0653
262320	46.0537	12.2417
266149	46.0537	12.3793
269137	46.0537	12.5883
273675	46.0537	12.608
274104	46.0537	12.7279
276706	46.0537	12.7483
277150	46.0537	12.7564
277325	46.0537	12.7748
277726	46.0537	12.9074
280605	46.0537	12.9944
282494	46.0537	13.0215
283082	46.0537	13.0288
283240	46.0537	13.1043
284879	46.0537	13.1809
286544	46.0537	13.3731
290716	46.0537	13.4022
291349	46.0537	13.4626
292660	46.0537	13.4695
292810	46.0537	13.4707
292835	46.0537	13.5271
294061	46.0537	13.603
295708	46.0537	13.7221
298295	46.0537	13.7676
299282	46.0537	13.9594
303448	46.0537	14.1198
306930	46.0537	14.3467
311856	46.0537	14.3471
311866	46.0537	14.4714
314565	46.0537	14.4733
314605	46.0537	14.8275
322296	46.0537	15.0721
327609	46.0537	15.3563
333779	46.0537	15.3647
333961	46.0537	15.5784
338601	46.0537	15.6916
341059	46.0537	16.0111
347997	46.0537	16.1697
351442	46.0537	16.1889
351858	46.0537	16.2006
352111	46.0537	16.2154
352433	46.0537	16.269
353597	46.0537	16.3411
355163	46.0537	16.3495
355346	46.0537	16.4257
356999	46.0537	16.6183
361181	46.0537	17.0464
370478	46.0537	17.1835
373455	46.0537	17.2252
374360	46.0537	17.3357
376759	46.0537	17.3655
377407	46.0537	17.3707
377519	46.0537	17.4003
378161	46.0537	17.4093
378357	46.0537	17.5507
381427	46.0537	17.718
385060	46.0537	18.2251
396072	46.0537	18.4205
400314	46.0537	18.6042
404303	46.0537	18.6133
404501	46.0537	19.0163
413251	46.0537	19.2128
417518	46.0537	19.2135
417533	46.0537	19.4486
422639	46.0537	19.5582
425019	46.0537	19.5706
425287	46.0537	19.6204
426368	46.0537	19.6234
426433	46.0537	19.8548
431458	46.0537	19.8662
431707	46.0537	19.9616
433777	46.0537	20.241
439844	46.0537	20.4013
443325	46.0537	20.5554
446671	46.0537	20.5696
446980	46.0537	20.6662
449078	46.0537	20.8096
452191	46.0537	21.0537
457492	46.0537	21.1103
458721	46.0537	21.2446
461637	46.0537	21.2701
462191	46.0537	21.4027
465070	46.0537	21.5668
468632	46.0537	21.6946
471408	46.0537	21.7269
472108	46.0537	21.7372
472333	46.0537	21.8157
474037	46.0537	21.9963
477958	46.0537	22.2459
483379	46.0537	22.2587
483657	46.0537	22.4855
488581	46.0537	22.985
499426	46.0537	23.1869
503810	46.0537	23.2407
504979	46.0537	23.2529
505243	46.0537	23.3057
506390	46.0537	23.3194
506689	46.0537	23.3528
507414	46.0537	23.3638
507652	46.0537	23.3881
508179	46.0537	23.7643
516348	46.0537	24.0931
523487	46.0537	24.3839
529802	46.0537	24.4744
531768	46.0537	24.502
532367	46.0537	24.6059
534623	46.0537	24.6327
535204	46.0537	24.7017
536702	46.0537	24.8775
540521	46.0537	24.8846
540675	46.0537	24.9141
541314	46.0537	25.0207
543630	46.0537	25.2625
548881	46.0537	25.359
550976	46.0537	25.4564
553091	46.0537	25.5074
554198	46.0537	25.5693
555542	46.0537	25.6838
558028	46.0537	25.6994
558367	46.0537	25.9043
562817	46.0537	26.065
566305	46.0537	26.0812
566657	46.0537	26.3633
572783	46.0537	26.3894
573349	46.0537	26.4303
574238	46.0537	26.4981
575709	46.0537	26.8012
582292	46.0537	26.9634
585812	46.0537	27.0428
587537	46.0537	27.0519
587735	46.0537	27.0932
588632	46.0537	27.1949
590839	46.0537	27.2448
591924	46.0537	27.2512
592062	46.0537	27.2732
592539	46.0537	27.7378
602628	46.0537	27.9099
606366	46.0537	28.0585
609591	46.0537	28.1859
612359	46.0537	28.6134
621641	46.0537	28.8464
626699	46.0537	28.9427
628790	46.0537	29.3276
637148	46.0537	29.4549
639912	46.0537	29.5119
641151	46.0537	30.1892
655858	46.0537	30.1921
655920	46.0537	30.2188
656499	46.0537	30.2332
656812	46.0537	30.2954
658163	46.0537	30.5235
663116	46.0537	30.5849
664450	46.0537	30.6906
666745	46.0537	30.7263
667520	46.0537	30.7373
667759	46.0537	30.8107
669352	46.0537	31.1268
676217	46.0537	31.2601
679111	46.0537	31.5524
685458	46.0537	31.572
685882	46.0537	31.632
687186	46.0537	31.9086
693192	46.0537	32.3143
702002	46.0537	32.4234
704371	46.0537	32.6214
708669	46.0537	32.7015
710409	46.0537	32.7166
710737	46.0537	32.8521
713678	46.0537	32.8727
714126	46.0537	33.0356
717663	46.0537	33.7317
732778	46.0537	33.8913
736243	46.0537	33.9314
737115	46.0537	34.2622
744298	46.0537	34.4005
747301	46.0537	35.0019
760360	46.0537	35.0046
760417	46.0537	35.0293
760955	46.0537	35.0308
760987	46.0537	35.0564
761543	46.0537	35.5903
773136	46.0537	35.6039
773431	46.0537	35.6213
773808	46.0537	35.9457
780853	46.0537	35.9548
781050	46.0537	36.1067
784348	46.0537	36.309
788742	46.0537	36.3831
790351	46.0537	36.6336
795790	46.0537	36.7051
797343	46.0537	36.8215
799869	46.0537	37.1157
806257	46.0537	37.3086
810447	46.0537	37.4453
813414	46.0537	37.5448
815576	46.0537	38.3212
832434	46.0537	38.432
834839	46.0537	38.4405
835025	46.0537	38.5511
837426	46.0537	38.6446
839456	46.0537	38.6888
840416	46.0537	38.7703
842186	46.0537	38.8139
843133	46.0537	38.8813
844595	46.0537	38.9803
846746	46.0537	39.382
855468	46.0537	39.522
858507	46.0537	39.8235
865054	46.0537	39.9313
867396	46.0537	39.9389
867559	46.0537	40.197
873164	46.0537	40.2492
874297	46.0537	40.2806
874979	46.0537	40.2857
875091	46.0537	40.4142
877880	46.0537	40.4511
878682	46.0537	40.5098
879956	46.0537	40.5597
881039	46.0537	41.1314
893453	46.0537	41.2184
895342	46.0537	41.4677
900756	46.0537	41.7074
905961	46.0537	41.8351
908733	46.0537	41.8494
909045	46.0537	41.9561
911362	46.0537	41.9951
912208	46.0537	42.1948
916543	46.0537	42.5066
923315	46.0537	42.7495
928588	46.0537	42.9234
932364	46.0537	43.2853
940224	46.0537	43.4111
942954	46.0537	43.4152
943044	46.0537	43.4308
943383	46.0537	43.4933
944739	46.0537	43.7056
949350	46.0537	43.731
949901	46.0537	43.7759
950876	46.0537	43.7904
951191	46.0537	43.8319
952091	46.0537	43.9691
955070	46.0537	44.1548
959104	46.0537	44.1716
959467	46.0537	44.1739
959518	46.0537	44.1761
959565	46.0537	44.2721
961651	46.0537	44.2897
962033	46.0537	44.788
972853	46.0537	44.8213
973575	46.0537	45.1629
980992	46.0537	45.1673
981088	46.0537	45.1819
981406	46.0537	45.5225
988802	46.0537	45.5885
990234	46.0537	45.8629
996193	46.0537	45.9134
997289	46.0537	45.9697
998511	46.0537	45.9782
998697	46.0537	46.1821
1003123	46.0537	46.2287
1004135	46.0537	46.42
1008289	46.0537	46.4753
1009490	46.0537	46.5457
1011018	46.0537	46.5955
1012099	46.0537	46.624
1012719	46.0537	46.6756
1013840	46.0537	46.7631
1015738	46.0537	46.8485
1017594	46.0537	46.9093
1018914	46.0537	46.9255
1019266	46.0537	46.968
1020189	46.0537	46.9893
1020650	46.0537	47.0337
1021614	46.0537	47.183
1024857	46.0537	47.1973
1025167	46.0537	47.2454
1026211	46.0537	47.278
1026920	46.0537	47.3816
1029169	46.0537	47.4328
1030280	46.0537	47.5393
1032593	46.0537	47.9464
1041432	46.0537	48.3024
1049162	46.0537	48.3381
1049938	46.0537	48.3893
1051049	46.0537	48.9603
1063449	46.0537	49.0116
1064563	46.0537	49.2477
1069690	46.0537	49.4531
1074149	46.0537	49.5174
1075545	46.0537	49.5506
1076267	46.0537	49.6421
1078254	46.0537	50.0651
1087437	46.0537	50.2172
1090740	46.0537	50.2753
1092003	46.0537	50.5136
1097177	46.0537	50.8186
1103799	46.0537	51.0979
1109863	46.0537	51.3248
1114790	46.0537	51.3477
1115289	46.0537	51.42
1116857	46.0537	51.9779
1128972	46.0537	52.0194
1129874	46.0537	52.1252
1132171	46.0537	52.1748
1133248	46.0537	52.4471
1139160	46.0537	52.5704
1141838	46.0537	52.6443
1143441	46.0537	52.7415
1145552	46.0537	52.8729
1148405	46.0537	53.065
1152577	46.0537	53.1291
1153969	46.0537	53.2401
1156380	46.0537	53.2905
1157473	46.0537	53.4751
1161482	46.0537	53.5984
1164160	46.0537	53.7076
1166531	46.0537	53.8469
1169554	46.0537	54.1844
1176884	46.0537	54.2634
1178598	46.0537	54.4714
1183115	46.0537	54.5445
1184703	46.0537	54.9024
1192474	46.0537	55.1441
1197723	46.0537	55.497
1205384	46.0537	55.6383
1208453	46.0537	55.6815
1209392	46.0537	55.6832
1209428	46.0537	55.7951
1211857	46.0537	55.8104
1212189	46.0537	55.8526
1213107	46.0537	55.8631
1213334	46.0537	55.9222
1214617	46.0537	55.9726
1215712	46.0537	56.3256
1223376	46.0537	56.3336
1223550	46.0537	56.3599
1224121	46.0537	56.7216
1231975	46.0537	56.7385
1232343	46.0537	57.0352
1238786	46.0537	57.1156
1240531	46.0537	57.1887
1242119	46.0537	57.2109
1242601	46.0537	57.2614
1243697	46.0537	57.3987
1246679	46.0537	57.4314
1247388	46.0537	57.5828
1250675	46.0537	57.5924
1250885	46.0537	57.6725
1252623	46.0537	57.8487
1256449	46.0537	57.9008
1257580	46.0537	58.0986
1261876	46.0537	58.157
1263144	46.0537	58.2092
1264278	46.0537	58.6119
1273021	46.0537	58.6323
1273465	46.0537	58.6431
1273698	46.0537	59.0903
1283409	46.0537	59.2758
1287436	46.0537	59.3118
1288219	46.0537	59.3217
1288434	46.0537	59.3691
1289463	46.0537	59.4659
1291564	46.0537	59.64
1295346	46.0537	59.6835
1296290	46.0537	60.1725
1306907	46.0537	60.4348
1312603	46.0537	60.5855
1315876	46.0537	60.6023
1316240	46.0537	60.6302
1316846	46.0537	60.7084
1318544	46.0537	60.8879
1322441	46.0537	60.891
1322508	46.0537	61.0001
1324879	46.0537	61.001
1324897	46.0537	61.0229
1325372	46.0537	61.0698
1326392	46.0537	61.7164
1340432	46.0537	61.9799
1346153	46.0537	62.1982
1350894	46.0537	62.2745
1352550	46.0537	62.3358
1353882	46.0537	62.5954
1359517	46.0537	62.6861
1361488	46.0537	62.8393
1364813	46.0537	62.9369
1366934	46.0537	63.0568
1369536	46.0537	63.3854
1376672	46.0537	63.6563
1382555	46.0537	64.0882
1391933	46.0537	64.2144
1394672	46.0537	64.8055
1407508	46.0537	65.2005
1416084	46.0537	65.5487
1423645	46.0537	65.6779
1426451	46.0537	66.4396
1442989	46.0537	66.4573
1443374	46.0537	66.6345
1447221	46.0537	66.7028
1448705	46.0537	66.7092
1448843	46.0537	66.7179
1449034	46.0537	66.8616
1452154	46.0537	66.8873
1452712	46.0537	66.9051
1453098	46.0537	66.911
1453226	46.0537	67.1548
1458520	46.0537	67.4644
1465242	46.0537	67.8348
1473285	46.0537	67.8822
1474315	46.0537	68.0029
1476936	46.0537	68.0622
1478223	46.0537	68.2269
1481798	46.0537	68.4935
1487588	46.0537	68.5274
1488325	46.0537	68.8733
1495834	46.0537	69.0724
1500158	46.0537	69.2365
1503722	46.0537	69.6319
1512307	46.0537	69.7517
1514909	46.0537	70.2594
1525933	46.0537	70.7304
1536160	46.0537	70.8411
1538564	46.0537	71.2687
1547847	46.0537	71.5038
1552953	46.0537	71.5416
1553774	46.0537	71.9088
1561747	46.0537	72.0126
1564000	46.0537	72.1204
1566341	46.0537	72.1275
1566495	46.0537	72.2887
1569995	46.0537	72.3099
1570456	46.0537	72.3214
1570705	46.0537	72.3511
1571352	46.0537	72.3688
1571735	46.0537	72.6304
1577416	46.0537	72.7145
1579241	46.0537	72.8406
1581979	46.0537	73.0113
1585686	46.0537	73.2324
1590487	46.0537	73.6547
1599656	46.0537	73.6928
1600484	46.0537	73.9425
1605907	46.0537	73.9821
1606766	46.0537	74.1577
1610578	46.0537	74.1941
1611370	46.0537	74.2923
1613502	46.0537	74.3002
1613674	46.0537	74.3281
1614278	46.0537	74.5149
1618336	46.0537	74.9381
1627525	46.0537	75.0638
1630253	46.0537	75.1365
1631832	46.0537	75.2296
1633854	46.0537	75.7456
1645058	46.0537	75.8363
1647027	46.0537	75.9648
1649819	46.0537	75.9757
1650055	46.0537	76.0429
1651513	46.0537	76.2426
1655851	46.0537	76.2785
1656630	46.0537	76.3486
1658151	46.0537	76.3909
1659071	46.0537	76.4215
1659735	46.0537	76.4377
1660087	46.0537	76.747
1666802	46.0537	77.1744
1676084	46.0537	77.2086
1676825	46.0537	77.2542
1677815	46.0537	77.4629
1682347	46.0537	77.5263
1683724	46.0537	77.5886
1685076	46.0537	77.6424
1686245	46.0537	77.8083
1689847	46.0537	77.8165
1690025	46.0537	77.8489
1690729	46.0537	77.904
1691925	46.0537	78.0467
1695024	46.0537	78.1595
1697474	46.0537	78.1978
1698304	46.0537	78.3059
1700653	46.0537	78.3618
1701865	46.0537	78.5604
1706178	46.0537	78.5949
1706928	46.0537	78.6338
1707771	46.0537	78.645
1708016	46.0537	78.8736
1712979	46.0537	79.0764
1717382	46.0537	79.4151
1724737	46.0537	79.5564
1727806	46.0537	79.6957
1730829	46.0537	79.7559
1732137	46.0537	79.7876
1732825	46.0537	79.8272
1733685	46.0537	79.9882
1737182	46.0537	80.5055
1748414	46.0537	80.7215
1753103	46.0537	80.7224
1753124	46.0537	81.2329
1764209	46.0537	81.5495
1771083	46.0537	81.5738
1771610	46.0537	81.6983
1774314	46.0537	81.7834
1776162	46.0537	82.1821
1784818	46.0537	82.3665
1788823	46.0537	82.4196
1789975	46.0537	82.4503
1790643	46.0537	82.5226
1792213	46.0537	82.7441
1797022	46.0537	82.8062
1798370	46.0537	82.8805
1799984	46.0537	83.2412
1807816	46.0537	83.3649
1810503	46.0537	83.5063
1813572	46.0537	83.5304
1814096	46.0537	83.6736
1817206	46.0537	83.8459
1820946	46.0537	83.8758
1821596	46.0537	84.0245
1824824	46.0537	84.0417
1825197	46.0537	84.0452
1825274	46.0537	84.0949
1826353	46.0537	84.1204
1826907	46.0537	84.1443
1827425	46.0537	84.1465
1827474	46.0537	84.3131
1831090	46.0537	84.3926
1832817	46.0537	84.4787
1834686	46.0537	84.581
1836908	46.0537	84.586
1837017	46.0537	84.8838
1843482	46.0537	84.9243
1844363	46.0537	84.9953
1845905	46.0537	85.2182
1850745	46.0537	85.2296
1850992	46.0537	85.4878
1856598	46.0537	85.5443
1857824	46.0537	85.6208
1859486	46.0537	85.7177
1861590	46.0537	85.7468
1862223	46.0537	85.7706
1862739	46.0537	85.7885
1863128	46.0537	86.0214
1868184	46.0537	86.1418
1870798	46.0537	86.2013
1872091	46.0537	86.2671
1873520	46.0537	86.4942
1878450	46.0537	86.4985
1878544	46.0537	86.504
1878664	46.0537	86.5641
1879968	46.0537	86.7492
1883988	46.0537	86.7633
1884294	46.0537	86.8132
1885378	46.0537	86.9088
1887454	46.0537	87.3366
1896742	46.0537	87.4941
1900163	46.0537	87.5291
1900923	46.0537	87.8309
1907475	46.0537	87.9147
1909295	46.0537	87.9708
1910514	46.0537	88.1249
1913860	46.0537	88.3949
1919722	46.0537	88.5967
1924105	46.0537	88.6342
1924919	46.0537	88.6779
1925867	46.0537	88.9803
1932434	46.0537	89.1485
1936086	46.0537	89.2024
1937257	46.0537	89.2577
1938458	46.0537	89.2739
1938808	46.0537	89.3358
1940153	46.0537	89.3502
1940465	46.0537	89.517
1944088	46.0537	89.5185
1944120	46.0537	89.5376
1944535	46.0537	89.7231
1948563	46.0537	89.7297
1948705	46.0537	89.7747
1949682	46.0537	89.8884
1952151	46.0537	89.9143
1952715	46.0537	89.9597
1953700	46.0537	90.0156
1954913	46.0537	90.1212
1957207	46.0537	90.2288
1959543	46.0537	90.2404
1959795	46.0537	90.3146
1961406	46.0537	90.4368
1964060	46.0537	90.7315
1970459	46.0537	90.7503
1970867	46.0537	90.7945
1971826	46.0537	91.0647
1977694	46.0537	91.2215
1981099	46.0537	91.2371
1981437	46.0537	91.2449
1981606	46.0537	91.5453
1988129	46.0537	91.9005
1995843	46.0537	91.9382
1996660	46.0537	92.03
1998654	46.0537	92.1205
2000620	46.0537	92.196
2002259	46.0537	92.4126
2006962	46.0537	92.5023
2008910	46.0537	92.5141
2009166	46.0537	92.5263
2009431	46.0537	92.595
2010922	46.0537	93.5207
2031023	46.0537	93.5693
2032078	46.0537	93.7237
2035430	46.0537	93.7912
2036896	46.0537	93.8055
2037206	46.0537	93.8067
2037233	46.0537	93.8707
2038623	46.0537	94.2264
2046347	46.0537	94.2996
2047935	46.0537	94.5432
2053225	46.0537	95.4253
2072379	46.0537	95.614
2076477	46.0537	95.6829
2077972	46.0537	95.6853
2078025	46.0537	96.1616
2088367	46.0537	96.2155
2089536	46.0537	96.3362
2092157	46.0537	96.666
2099318	46.0537	96.8734
2103822	46.0537	96.8903
2104190	46.0537	97.1084
2108925	46.0537	97.3083
2113266	46.0537	97.324
2113607	46.0537	97.3793
2114807	46.0537	97.5652
2118843	46.0537	97.6696
2121110	46.0537	97.7401
2122641	46.0537	97.9115
2126364	46.0537	97.9779
2127805	46.0537	98.0271
2128873	46.0537	98.4686
2138461	46.0537	98.5826
2140936	46.0537	98.6824
2143103	46.0537	98.8787
2147366	46.0537	98.8798
2147388	46.0537	98.9209
2148282	46.0537	98.9419
2148737	46.0537	99.2661
2155778	46.0537	99.3033
2156584	46.0537	99.4156
2159024	46.0537	99.733
2165915	46.0537	99.7748
2166823	46.0537	99.8498
2168452	46.0537	100.32
2178667	46.0537	100.729
2187534	46.0537	100.8
2189075	46.0537	101.058
2194683	46.0537	101.323
2200437	46.0537	101.396
2202033	46.0537	101.406
2202252	46.0537	101.566
2205708	46.0537	101.628
2207064	46.0537	101.64
2207331	46.0537	102.086
2217010	46.0537	102.239
2220320	46.0537	102.267
2220931	46.0537	102.455
2225023	46.0537	102.572
2227570	46.0537	102.572
2227571	46.0537	102.573
2227588	46.0537	102.6
2228171	46.0537	102.823
2233004	46.0537	103.374
2244971	46.0537	103.395
2245440	46.0537	103.578
2249412	46.0537	103.618
2250280	46.0537	103.695
2251947	46.0537	103.753
2253202	46.0537	104.168
2262209	46.0537	104.35
2266160	46.0537	104.611
2271842	46.0537	104.688
2273510	46.0537	104.704
2273852	46.0537	104.805
2276039	46.0537	104.83
2276598	46.0537	104.861
2277269	46.0537	104.892
2277931	46.0537	105.029
2280901	46.0537	105.074
2281883	46.0537	105.129
2283091	46.0537	105.16
2283754	46.0537	105.402
2289007	46.0537	105.531
2291815	46.0537	105.648
2294355	46.0537	105.699
2295451	46.0537	105.911
2300070	46.0537	105.992
2301821	46.0537	106.041
2302878	46.0537	106.052
2303124	46.0537	106.146
2305172	46.0537	106.173
2305742	46.0537	106.637
2315818	46.0537	106.639
2315865	46.0537	107.001
2323729	46.0537	107.187
2327772	46.0537	107.331
2330889	46.0537	107.465
2333796	46.0537	107.478
2334088	46.0537	107.689
2338673	46.0537	107.723
2339401	46.0537	107.857
2342315	46.0537	107.927
2343841	46.0537	108.184
2349425	46.0537	108.595
2358343	46.0537	108.598
2358416	46.0537	108.608
2358625	46.0537	108.651
2359560	46.0537	108.715
2360946	46.0537	108.717
2360986	46.0537	108.761
2361940	46.0537	108.836
2363579	46.0537	108.871
2364334	46.0537	108.973
2366545	46.0537	109.552
2379132	46.0537	109.745
2383307	46.0537	110.063
2390214	46.0537	110.319
2395777	46.0537	110.816
2406566	46.0537	110.962
2409739	46.0537	111.207
2415063	46.0537	111.68
2425319	46.0537	111.715
2426096	46.0537	111.897
2430042	46.0537	111.921
2430566	46.0537	111.937
2430909	46.0537	112.026
2432843	46.0537	112.207
2436780	46.0537	112.297
2438723	46.0537	112.334
2439541	46.0537	112.386
2440666	46.0537	112.401
2440995	46.0537	112.42
2441394	46.0537	112.459
2442254	46.0537	112.538
2443958	46.0537	112.914
2452120	46.0537	112.955
2453006	46.0537	112.992
2453811	46.0537	112.995
2453886	46.0537	113.552
2465974	46.0537	113.702
2469233	46.0537	113.768
2470661	46.0537	114.223
2480556	46.0537	114.393
2484233	46.0537	114.566
2487990	46.0537	114.607
2488894	46.0537	114.628
2489333	46.0537	114.673
2490309	46.0537	114.882
2494847	46.0537	114.917
2495623	46.0537	114.972
2496816	46.0537	115.092
2499421	46.0537	115.106
2499717	46.0537	115.197
2501689	46.0537	115.412
2506373	46.0537	115.49
2508054	46.0537	115.529
2508910	46.0537	115.643
2511392	46.0537	115.726
2513190	46.0537	115.776
2514265	46.0537	115.826
2515353	46.0537	115.883
2516592	46.0537	115.931
2517645	46.0537	116.083
2520929	46.0537	116.187
2523193	46.0537	116.225
2524012	46.0537	116.358
2526901	46.0537	116.427
2528412	46.0537	116.461
2529149	46.0537	116.554
2531154	46.0537	116.769
2535822	46.0537	117.082
2542630	46.0537	117.235
2545951	46.0537	117.28
2546917	46.0537	117.343
2548292	46.0537	117.587
2553597	46.0537	117.819
2558624	46.0537	117.899
2560357	46.0537	117.917
2560760	46.0537	118.199
2566888	46.0537	118.206
2567033	46.0537	118.644
2576538	46.0537	118.717
2578131	46.0537	118.916
2582443	46.0537	118.997
2584209	46.0537	119.297
2590718	46.0537	119.321
2591243	46.0537	119.376
2592434	46.0537	119.383
2592589	46.0537	119.55
2596225	46.0537	119.626
2597859	46.0537	119.922
2604302	46.0537	120.45
2615763	46.0537	120.636
2619801	46.0537	120.7
2621181	46.0537	120.85
2624448	46.0537	121.07
2629215	46.0537	121.074
2629319	46.0537	121.245
2633022	46.0537	121.251
2633158	46.0537	121.395
2636270	46.0537	121.411
2636617	46.0537	121.598
2640681	46.0537	122.078
2651101	46.0537	122.275
2655383	46.0537	122.394
2657964	46.0537	122.41
2658308	46.0537	122.512
2660530	46.0537	122.58
2662000	46.0537	122.593
2662282	46.0537	122.609
2662645	46.0537	122.635
2663205	46.0537	122.766
2666047	46.0537	122.858
2668039	46.0537	123.011
2671360	46.0537	123.333
2678358	46.0537	123.388
2679565	46.0537	123.486
2681681	46.0537	123.721
2686775	46.0537	124.033
2693554	46.0537	124.139
2695851	46.0537	124.231
2697851	46.0537	124.284
2699012	46.0537	124.365
2700760	46.0537	124.499
2703673	46.0537	124.626
2706437	46.0537	124.681
2707622	46.0537	124.975
2714024	46.0537	125.033
2715266	46.0537	125.312
2721338	46.0537	125.506
2725534	46.0537	125.624
2728098	46.0537	125.697
2729698	46.0537	126.048
2737317	46.0537	126.172
2740007	46.0537	126.246
2741623	46.0537	126.533
2747847	46.0537	126.595
2749190	46.0537	126.613
2749571	46.0537	126.66
2750603	46.0537	126.836
2754425	46.0537	126.921
2756259	46.0537	127.009
2758172	46.0537	127.107
2760304	46.0537	127.185
2762011	46.0537	127.283
2764127	46.0537	127.355
2765689	46.0537	127.367
2765956	46.0537	127.587
2770736	46.0537	127.594
2770880	46.0537	127.658
2772265	46.0537	127.847
2776367	46.0537	128.01
2779915	46.0537	128.071
2781239	46.0537	128.147
2782889	46.0537	128.403
2788443	46.0537	128.462
2789721	46.0537	128.591
2792537	46.0537	128.645
2793705	46.0537	128.744
2795854	46.0537	129.245
2806727	46.0537	129.278
2807455	46.0537	129.497
2812198	46.0537	129.567
2813719	46.0537	129.784
2818443	46.0537	129.955
2822140	46.0537	130.136
2826083	46.0537	130.358
2830907	46.0537	130.397
2831747	46.0537	130.442
2832723	46.0537	130.515
2834314	46.0537	130.559
2835271	46.0537	130.579
2835708	46.0537	130.664
2837549	46.0537	130.673
2837746	46.0537	130.925
2843221	46.0537	130.931
2843347	46.0537	131.935
2865140	46.0537	132.114
2869038	46.0537	132.326
2873625	46.0537	132.411
2875482	46.0537	132.448
2876287	46.0537	132.46
2876548	46.0537	132.824
2884438	46.0537	133.065
2889671	46.0537	133.245
2893594	46.0537	133.459
2898235	46.0537	134.148
2913185	46.0537	134.26
2915622	46.0537	134.332
2917185	46.0537	134.584
2922672	46.0537	134.601
2923024	46.0537	134.651
2924112	46.0537	134.687
2924893	46.0537	134.732
2925874	46.0537	135.322
2938684	46.0537	135.343
2939138	46.0537	135.35
2939304	46.0537	135.71
2947120	46.0537	135.744
2947841	46.0537	135.845
2950032	46.0537	135.894
2951098	46.0537	135.957
2952469	46.0537	136.187
2957479	46.0537	136.232
2958456	46.0537	136.288
2959663	46.0537	136.295
2959807	46.0537	136.4
2962103	46.0537	136.606
2966562	46.0537	136.611
2966673	46.0537	136.868
2972255	46.0537	136.937
2973756	46.0537	137.259
2980756	46.0537	137.836
2993279	46.0537	137.962
2996007	46.0537	138.036
2997628	46.0537	138.194
3001041	46.0537	138.209
3001380	46.0537	138.316
3003687	46.0537	138.384
3005182	46.0537	138.519
3008095	46.0537	138.546
3008684	46.0537	138.613
3010140	46.0537	138.792
3014025	46.0537	138.802
3014243	46.0537	138.929
3017000	46.0537	138.967
3017832	46.0537	138.975
3018008	46.0537	139.277
3024555	46.0537	139.295
3024949	46.0537	139.339
3025914	46.0537	139.498
3029365	46.0537	139.54
3030273	46.0537	139.713
3034040	46.0537	139.816
3036270	46.0537	139.828
3036533	46.0537	140.196
3044511	46.0537	140.229
3045235	46.0537	140.235
3045371	46.0537	140.307
3046937	46.0537	140.453
3050105	46.0537	140.766
3056907	46.0537	140.852
3058774	46.0537	141.047
3063006	46.0537	141.296
3068415	46.0537	141.399
3070645	46.0537	141.427
3071244	46.0537	141.703
3077233	46.0537	141.964
3082912	46.0537	141.972
3083073	46.0537	142.082
3085478	46.0537	142.111
3086109	46.0537	142.197
3087961	46.0537	142.341
3091097	46.0537	142.354
3091385	46.0537	142.517
3094911	46.0537	142.61
3096945	46.0537	142.619
3097129	46.0537	142.64
3097577	46.0537	142.88
3102794	46.0537	143.127
3108167	46.0537	143.508
3116444	46.0537	143.536
3117054	46.0537	143.678
3120134	46.0537	143.747
3121617	46.0537	143.835
3123542	46.0537	143.953
3126102	46.0537	144.022
3127590	46.0537	144.022
3127606	46.0537	144.089
3129053	46.0537	144.454
3136974	46.0537	144.744
3143266	46.0537	144.86
3145802	46.0537	144.862
3145832	46.0537	144.884
3146317	46.0537	144.93
3147309	46.0537	145.009
3149024	46.0537	145.073
3150411	46.0537	145.087
3150727	46.0537	145.126
3151564	46.0537	145.166
3152427	46.0537	145.188
3152924	46.0537	145.304
3155427	46.0537	145.442
3158435	46.0537	145.519
3160108	46.0537	146.159
3174004	46.0537	146.873
3189506	46.0537	146.892
3189921	46.0537	146.943
3191032	46.0537	147.328
3199383	46.0537	147.4
3200950	46.0537	147.417
3201321	46.0537	147.482
3202724	46.0537	147.489
3202872	46.0537	147.49
3202890	46.0537	147.663
3206654	46.0537	147.851
3210738	46.0537	147.901
3211824	46.0537	148.492
3224646	46.0537	148.762
3230518	46.0537	148.985
3235351	46.0537	149.067
3237132	46.0537	149.434
3245113	46.0537	149.465
3245787	46.0537	149.552
3247663	46.0537	149.592
3248542	46.0537	149.618
3249102	46.0537	149.618
3249113	46.0537	149.916
3255587	46.0537	150.01
3257623	46.0537	150.061
3258728	46.0537	150.219
3262161	46.0537	150.344
3264870	46.0537	150.507
3268402	46.0537	150.605
3270548	46.0537	150.73
3273246	46.0537	150.733
3273311	46.0537	150.738
3273417	46.0537	151.217
3283832	46.0537	151.234
3284193	46.0537	151.352
3286754	46.0537	151.386
3287486	46.0537	151.95
3299733	46.0537	152.128
3303617	46.0537	152.139
3303855	46.0537	152.601
3313878	46.0537	152.785
3317874	46.0537	152.793
3318053	46.0537	152.965
3321772	46.0537	153.254
3328067	46.0537	153.419
3331632	46.0537	153.531
3334062	46.0537	153.878
3341598	46.0537	154.638
3358109	46.0537	154.783
3361248	46.0537	154.837
3362438	46.0537	155.2
3370307	46.0537	155.259
3371603	46.0537	155.322
3372972	46.0537	155.337
3373283	46.0537	155.365
3373899	46.0537	155.516
3377181	46.0537	155.538
3377662	46.0537	155.657
3380233	46.0537	155.898
3385472	46.0537	156.196
3391932	46.0537	156.342
3395100	46.0537	156.448
3397416	46.0537	156.724
3403405	46.0537	156.75
3403968	46.0537	157.019
3409814	46.0537	157.21
3413958	46.0537	157.512
3420521	46.0537	157.57
3421771	46.0537	157.744
3425562	46.0537	157.964
3430337	46.0537	158.057
3432356	46.0537	158.089
3433054	46.0537	158.091
3433079	46.0537	158.157
3434525	46.0537	158.233
3436174	46.0537	158.239
3436292	46.0537	158.384
3439454	46.0537	158.45
3440881	46.0537	159.113
3455275	46.0537	159.169
3456488	46.0537	159.291
3459152	46.0537	159.333
3460054	46.0537	159.353
3460489	46.0537	159.931
3473050	46.0537	160.142
3477614	46.0537	160.341
3481936	46.0537	160.589
3487334	46.0537	160.711
3489987	46.0537	160.907
3494234	46.0537	160.954
3495264	46.0537	161.134
3499169	46.0537	161.447
3505961	46.0537	161.635
3510044	46.0537	161.645
3510254	46.0537	161.77
3512962	46.0537	161.939
3516642	46.0537	162.101
3520160	46.0537	162.153
3521296	46.0537	162.187
3522019	46.0537	162.207
3522457	46.0537	162.36
3525786	46.0537	162.371
3526030	46.0537	162.69
3532950	46.0537	163.025
3540232	46.0537	163.358
3547457	46.0537	163.391
3548172	46.0537	163.532
3551224	46.0537	163.756
3556096	46.0537	163.887
3558942	46.0537	164.02
3561820	46.0537	164.129
3564190	46.0537	164.13
3564209	46.0537	164.165
3564979	46.0537	164.327
3568487	46.0537	164.621
3574869	46.0537	164.821
3579211	46.0537	165.17
3586795	46.0537	165.499
3593936	46.0537	165.783
3600099	46.0537	166.046
3605814	46.0537	166.071
3606364	46.0537	166.113
3607270	46.0537	166.273
3610749	46.0537	166.316
3611675	46.0537	166.832
3622879	46.0537	167.338
3633877	46.0537	167.377
3634727	46.0537	167.385
3634899	46.0537	167.388
3634952	46.0537	168.03
3648904	46.0537	168.21
3652815	46.0537	168.479
3658649	46.0537	168.661
3662599	46.0537	168.797
3665548	46.0537	168.799
3665603	46.0537	168.867
3667078	46.0537	168.924
3668302	46.0537	169.213
3674586	46.0537	169.374
3678075	46.0537	169.425
3679194	46.0537	169.555
3682003	46.0537	169.558
3682071	46.0537	169.881
3689101	46.0537	170.066
3693111	46.0537	170.166
3695287	46.0537	170.277
3697698	46.0537	170.578
3704226	46.0537	170.581
3704285	46.0537	170.619
3705108	46.0537	170.844
3710012	46.0537	171.232
3718425	46.0537	171.304
3719985	46.0537	171.432
3722776	46.0537	171.614
3726722	46.0537	171.617
3726795	46.0537	171.739
3729430	46.0537	172.057
3736343	46.0537	172.454
3744968	46.0537	172.659
3749424	46.0537	172.776
3751947	46.0537	172.788
3752217	46.0537	173.112
3759247	46.0537	173.158
3760256	46.0537	173.524
3768203	46.0537	173.75
3773099	46.0537	174.566
3790813	46.0537	174.8
3795898	46.0537	174.996
3800161	46.0537	175.081
3802000	46.0537	175.328
3807367	46.0537	175.383
3808561	46.0537	175.592
3813099	46.0537	175.665
3814695	46.0537	175.727
3816032	46.0537	175.759
3816734	46.0537	175.906
3819926	46.0537	175.98
3821521	46.0537	176.064
3823354	46.0537	176.357
3829716	46.0537	176.715
3837484	46.0537	176.927
3842077	46.0537	177.159
3847124	46.0537	177.604
3856796	46.0537	177.735
3859636	46.0537	177.866
3862482	46.0537	178.018
3865767	46.0537	178.159
3868843	46.0537	178.415
3874407	46.0537	178.507
3876397	46.0537	178.57
3877769	46.0537	178.605
3878518	46.0537	178.625
3878953	46.0537	178.654
3879583	46.0537	178.66
3879711	46.0537	178.979
3886652	46.0537	179.058
3888369	46.0537	179.219
3891854	46.0537	179.34
3894493	46.0537	179.535
3898723	46.0537	179.649
3901190	46.0537	180.035
3909579	46.0537	180.315
3915653	46.0537	180.478
3919185	46.0537	180.575
3921297	46.0537	180.59
3921634	46.0537	180.612
3922113	46.0537	180.736
3924789	46.0537	180.842
3927087	46.0537	181.032
3931217	46.0537	181.222
3935354	46.0537	181.301
3937071	46.0537	181.348
3938081	46.0537	181.501
3941416	46.0537	181.527
3941969	46.0537	181.53
3942036	46.0537	181.866
3949324	46.0537	181.877
3949571	46.0537	182.167
3955873	46.0537	182.773
3969026	46.0537	182.804
3969691	46.0537	183.009
3974158	46.0537	183.057
3975183	46.0537	183.058
3975217	46.0537	183.56
3986115	46.0537	183.566
3986247	46.0537	183.708
3989333	46.0537	184.075
3997299	46.0537	184.143
3998767	46.0537	184.169
3999346	46.0537	184.241
4000896	46.0537	184.379
4003893	46.0537	184.387
4004077	46.0537	184.718
4011252	46.0537	184.726
4011441	46.0537	184.934
4015952	46.0537	184.991
4017190	46.0537	185.131
4020234	46.0537	185.252
4022856	46.0537	185.353
4025054	46.0537	185.415
4026403	46.0537	185.477
4027734	46.0537	185.478
4027752	46.0537	185.567
4029687	46.0537	185.651
4031525	46.0537	185.692
4032417	46.0537	185.724
4033108	46.0537	185.82
4035186	46.0537	185.86
4036061	46.0537	185.925
4037470	46.0537	185.996
4039000	46.0537	186.105
4041375	46.0537	186.364
4047004	46.0537	186.516
4050310	46.0537	186.627
4052717	46.0537	186.704
4054379	46.0537	186.784
4056114	46.0537	186.821
4056928	46.0537	186.896
4058548	46.0537	186.928
4059244	46.0537	186.959
4059929	46.0537	186.981
4060396	46.0537	187.129
4063612	46.0537	187.198
4065116	46.0537	187.332
4068016	46.0537	187.341
4068213	46.0537	187.421
4069954	46.0537	187.438
4070329	46.0537	187.448
4070528	46.0537	187.676
4075489	46.0537	187.785
4077847	46.0537	187.887
4080071	46.0537	187.951
4081468	46.0537	188.099
4084672	46.0537	188.116
4085050	46.0537	188.143
4085631	46.0537	188.207
4087014	46.0537	188.283
4088661	46.0537	188.402
4091259	46.0537	188.416
4091554	46.0537	188.529
4094005	46.0537	188.622
4096039	46.0537	188.644
4096504	46.0537	188.734
4098462	46.0537	188.757
4098970	46.0537	188.761
4099044	46.0537	188.777
4099387	46.0537	188.783
4099525	46.0537	189.227
4109170	46.0537	189.351
4111863	46.0537	189.385
4112599	46.0537	189.69
4119224	46.0537	189.769
4120935	46.0537	190.084
4127769	46.0537	190.253
4131455	46.0537	190.306
4132607	46.0537	190.341
4133365	46.0537	190.488
4136544	46.0537	190.635
4139740	46.0537	190.71
4141375	46.0537	190.715
4141476	46.0537	190.796
4143246	46.0537	190.843
4144263	46.0537	190.877
4144993	46.0537	191.237
4152816	46.0537	191.276
4153650	46.0537	191.293
4154034	46.0537	191.564
4159918	46.0537	191.62
4161136	46.0537	191.728
4163478	46.0537	191.729
4163499	46.0537	192.434
4178807	46.0537	192.649
4183470	46.0537	192.694
4184444	46.0537	193.03
4191745	46.0537	193.033
4191806	46.0537	193.077
4192769	46.0537	193.146
4194262	46.0537	193.29
4197392	46.0537	193.527
4202526	46.0537	193.989
4212570	46.0537	194.075
4214442	46.0537	194.238
4217970	46.0537	194.302
4219372	46.0537	194.422
4221964	46.0537	194.471
4223043	46.0537	194.533
4224389	46.0537	194.989
4234275	46.0537	195.073
4236108	46.0537	195.088
4236433	46.0537	195.121
4237146	46.0537	195.282
4240650	46.0537	195.728
4250337	46.0537	196.243
4261512	46.0537	196.463
4266293	46.0537	196.5
4267090	46.0537	196.567
4268552	46.0537	196.624
4269792	46.0537	196.673
4270852	46.0537	196.734
4272169	46.0537	196.795
4273493	46.0537	196.807
4273765	46.0537	196.827
4274193	46.0537	196.845
4274593	46.0537	196.967
4277230	46.0537	197.019
4278371	46.0537	197.031
4278628	46.0537	197.08
4279683	46.0537	197.136
4280901	46.0537	197.294
4284333	46.0537	197.805
4295436	46.0537	197.957
4298727	46.0537	198.098
4301780	46.0537	198.112
4302096	46.0537	198.294
4306049	46.0537	198.3
4306173	46.0537	198.334
4306925	46.0537	198.406
4308467	46.0537	198.431
4309017	46.0537	198.642
4313607	46.0537	198.668
4314157	46.0537	198.713
4315153	46.0537	198.974
4320818	46.0537	199.1
4323551	46.0537	199.116
4323886	46.0537	199.375
4329517	46.0537	199.466
4331500	46.0537	199.587
4334130	46.0537	199.73
4337229	46.0537	199.907
4341076	46.0537	200.258
4348687	46.0537	200.391
4351570	46.0537	200.447
4352794	46.0537	200.473
4353362	46.0537	200.587
4355826	46.0537	200.748
4359321	46.0537	200.75
4359366	46.0537	200.909
4362826	46.0537	200.985
4364468	46.0537	201.054
4365981	46.0537	201.148
4368009	46.0537	201.229
4369777	46.0537	201.33
4371958	46.0537	201.705
4380118	46.0537	202.027
4387107	46.0537	202.113
4388972	46.0537	202.115
4389011	46.0537	202.302
4393073	46.0537	202.373
4394612	46.0537	202.493
4397226	46.0537	202.56
4398669	46.0537	203.136
4411183	46.0537	203.165
4411820	46.0537	203.166
4411832	46.0537	203.397
4416855	46.0537	203.484
4418749	46.0537	203.553
4420241	46.0537	203.679
4422985	46.0537	203.832
4426304	46.0537	204.026
4430504	46.0537	204.113
4432400	46.0537	204.246
4435294	46.0537	204.293
4436312	46.0537	204.43
4439287	46.0537	204.533
4441512	46.0537	204.68
4444714	46.0537	204.883
4449113	46.0537	204.971
4451026	46.0537	205.043
4452596	46.0537	205.175
4455464	46.0537	205.254
4457172	46.0537	205.303
4458231	46.0537	205.506
4462650	46.0537	205.662
4466035	46.0537	205.759
4468130	46.0537	206.008
4473548	46.0537	206.13
4476187	46.0537	206.172
4477110	46.0537	206.282
4479504	46.0537	206.29
4479666	46.0537	206.434
4482793	46.0537	206.763
4489932	46.0537	206.784
4490402	46.0537	206.892
4492738	46.0537	207.27
4500945	46.0537	207.294
4501480	46.0537	207.349
4502674	46.0537	207.353
4502754	46.0537	207.579
4507657	46.0537	207.999
4516780	46.0537	208.212
4521404	46.0537	208.353
4524465	46.0537	208.515
4527972	46.0537	208.747
4533026	46.0537	208.901
4536360	46.0537	209.109
4540875	46.0537	209.167
4542146	46.0537	209.2
4542847	46.0537	209.402
4547250	46.0537	209.459
4548475	46.0537	209.578
4551070	46.0537	209.823
4556381	46.0537	210.046
4561235	46.0537	210.538
4571911	46.0537	210.631
4573936	46.0537	210.872
4579158	46.0537	211.058
4583196	46.0537	211.324
4588976	46.0537	211.437
4591437	46.0537	211.468
4592101	46.0537	211.518
4593195	46.0537	211.521
4593264	46.0537	211.543
4593723	46.0537	211.592
4594789	46.0537	211.774
4598753	46.0537	211.795
4599209	46.0537	211.861
4600635	46.0537	211.989
4603417	46.0537	212.011
4603888	46.0537	212.355
4611353	46.0537	212.408
4612506	46.0537	212.549
4615584	46.0537	212.765
4620275	46.0537	212.83
4621686	46.0537	212.967
4624647	46.0537	213.119
4627945	46.0537	213.172
4629104	46.0537	213.346
4632890	46.0537	213.43
4634713	46.0537	213.571
4637769	46.0537	213.619
4638819	46.0537	213.661
4639724	46.0537	213.666
4639836	46.0537	213.683
4640198	46.0537	214.255
4652612	46.0537	214.438
4656603	46.0537	214.825
4664995	46.0537	214.833
4665159	46.0537	214.854
4665628	46.0537	215.101
4670993	46.0537	215.114
4671263	46.0537	215.268
4674610	46.0537	215.571
4681189	46.0537	215.967
4689798	46.0537	216.239
4695704	46.0537	216.323
4697523	46.0537	216.335
4697790	46.0537	216.572
4702930	46.0537	216.685
4705391	46.0537	216.897
4709978	46.0537	216.998
4712176	46.0537	217
4712233	46.0537	217.07
4713736	46.0537	217.106
4714531	46.0537	217.137
4715201	46.0537	217.149
4715466	46.0537	217.503
4723156	46.0537	217.511
4723310	46.0537	217.579
4724789	46.0537	217.615
4725568	46.0537	217.73
4728084	46.0537	217.838
4730416	46.0537	217.857
4730823	46.0537	217.92
4732200	46.0537	218.117
4736482	46.0537	218.225
4738818	46.0537	218.25
4739359	46.0537	218.318
4740835	46.0537	218.45
4743717	46.0537	218.478
4744309	46.0537	218.512
4745044	46.0537	218.585
4746647	46.0537	218.631
4747636	46.0537	218.667
4748417	46.0537	218.984
4755310	46.0537	219.356
4763390	46.0537	219.4
4764345	46.0537	219.402
4764387	46.0537	220.131
4780220	46.0537	220.18
4781266	46.0537	220.214
4782001	46.0537	220.329
4784502	46.0537	220.348
4784921	46.0537	220.362
4785230	46.0537	220.454
4787219	46.0537	220.652
4791514	46.0537	220.705
4792683	46.0537	220.744
4793524	46.0537	220.887
4796618	46.0537	220.914
4797205	46.0537	220.93
4797558	46.0537	221.007
4799224	46.0537	221.136
4802028	46.0537	221.31
4805811	46.0537	221.531
4810618	46.0537	221.609
4812301	46.0537	221.801
4816468	46.0537	221.93
4819266	46.0537	222.072
4822352	46.0537	222.346
4828312	46.0537	222.389
4829234	46.0537	222.552
4832778	46.0537	222.865
4839573	46.0537	222.965
4841739	46.0537	223.113
4844966	46.0537	223.228
4847449	46.0537	223.251
4847960	46.0537	223.291
4848828	46.0537	223.299
4848990	46.0537	223.313
4849294	46.0537	223.371
4850558	46.0537	223.461
4852519	46.0537	223.515
4853680	46.0537	223.594
4855400	46.0537	223.647
4856558	46.0537	223.675
4857153	46.0537	223.75
4858787	46.0537	223.819
4860298	46.0537	223.856
4861086	46.0537	223.873
4861458	46.0537	224.158
4867654	46.0537	224.207
4868714	46.0537	224.275
4870182	46.0537	224.37
4872249	46.0537	224.453
4874052	46.0537	224.498
4875026	46.0537	224.572
4876644	46.0537	224.593
4877095	46.0537	224.751
4880525	46.0537	224.962
4885110	46.0537	224.978
4885457	46.0537	225.003
4885995	46.0537	225.016
4886275	46.0537	225.058
4887184	46.0537	225.194
4890143	46.0537	225.196
4890189	46.0537	225.23
4890932	46.0537	225.601
4898979	46.0537	226.066
4909072	46.0537	226.23
4912640	46.0537	226.324
4914681	46.0537	226.66
4921969	46.0537	226.721
4923300	46.0537	227.298
4935840	46.0537	227.768
4946044	46.0537	227.925
4949445	46.0537	227.996
4950995	46.0537	228.058
4952339	46.0537	228.071
4952612	46.0537	228.139
4954103	46.0537	228.267
4956877	46.0537	228.342
4958496	46.0537	228.481
4961516	46.0537	228.658
4965371	46.0537	228.843
4969390	46.0537	228.911
4970850	46.0537	229.073
4974382	46.0537	229.188
4976862	46.0537	229.457
4982705	46.0537	229.543
4984569	46.0537	229.873
4991741	46.0537	230.078
4996207	46.0537	230.219
