225	45.8759	0.0255988
783	45.8759	0.211534
4836	45.8759	0.353015
7920	45.8759	0.519637
11552	45.8759	0.558402
12397	45.8759	0.584781
12972	45.8759	0.709792
15697	45.8759	0.980369
21595	45.8759	1.10767
24370	45.8759	1.58699
34818	45.8759	1.78136
39055	45.8759	1.90812
41818	45.8759	2.207
48333	45.8759	2.37436
51981	45.8759	2.55809
55986	45.8759	3.00946
65825	45.8759	3.36913
73665	45.8759	3.38964
74112	45.8759	3.46795
75819	45.8759	3.48208
76127	45.8759	3.52428
77047	45.8759	3.78678
82769	45.8759	3.85165
84183	45.8759	3.86817
84543	45.8759	3.87954
84791	45.8759	3.9913
87227	45.8759	4.12672
90179	45.8759	4.28059
93533	45.8759	4.43877
96981	45.8759	4.48855
98066	45.8759	4.64535
101484	45.8759	4.67045
102031	45.8759	4.74417
103638	45.8759	4.75399
103852	45.8759	4.83487
105615	45.8759	4.83523
105623	45.8759	4.93474
107792	45.8759	5.0175
109596	45.8759	5.16389
112787	45.8759	5.20027
113580	45.8759	5.50906
120311	45.8759	5.72114
124934	45.8759	6.02911
131647	45.8759	6.15976
134495	45.8759	6.19353
135231	45.8759	6.3
137552	45.8759	6.39474
139617	45.8759	6.49801
141868	45.8759	6.5197
142341	45.8759	6.64114
144988	45.8759	6.79097
148254	45.8759	6.89346
150488	45.8759	7.26927
158680	45.8759	7.35561
160562	45.8759	7.35699
160592	45.8759	7.36919
160858	45.8759	7.58426
165546	45.8759	7.86442
171653	45.8759	7.96952
173944	45.8759	8.28414
180802	45.8759	8.37002
182674	45.8759	8.4153
183661	45.8759	9.21469
201086	45.8759	9.39021
204912	45.8759	9.41411
205433	45.8759	9.69285
211509	45.8759	9.82819
214459	45.8759	9.89058
215819	45.8759	9.95577
217240	45.8759	10.0202
218644	45.8759	10.2178
222951	45.8759	10.3868
226636	45.8759	10.5147
229424	45.8759	10.5976
231230	45.8759	10.7547
234656	45.8759	10.7837
235287	45.8759	10.8539
236818	45.8759	10.9585
239098	45.8759	11.0226
240495	45.8759	11.0546
241192	45.8759	11.1227
242676	45.8759	11.2404
245242	45.8759	11.2743
245982	45.8759	11.4639
250115	45.8759	11.6383
253916	45.8759	11.9191
260037	45.8759	11.9905
261593	45.8759	12.1414
264883	45.8759	12.2364
266952	45.8759	12.3528
269491	45.8759	12.4131
270805	45.8759	12.4729
272108	45.8759	12.6546
276069	45.8759	12.7566
278292	45.8759	12.8643
280640	45.8759	12.9473
282450	45.8759	13.002
283641	45.8759	13.0468
284619	45.8759	13.3133
290428	45.8759	13.5402
295374	45.8759	13.6278
297283	45.8759	13.6933
298710	45.8759	13.8713
302591	45.8759	13.9175
303597	45.8759	13.9472
304246	45.8759	14.274
311369	45.8759	14.288
311674	45.8759	14.2963
311854	45.8759	14.3827
313737	45.8759	14.3905
313909	45.8759	14.4692
315624	45.8759	14.4877
316027	45.8759	14.5841
318129	45.8759	14.5912
318283	45.8759	14.6328
319190	45.8759	14.6917
320473	45.8759	14.7837
322478	45.8759	15.0033
327266	45.8759	15.3306
334401	45.8759	15.3801
335479	45.8759	15.6442
341237	45.8759	15.6503
341369	45.8759	15.8078
344803	45.8759	15.8082
344811	45.8759	15.8961
346728	45.8759	15.9728
348398	45.8759	16.0346
349747	45.8759	16.4201
358149	45.8759	16.4436
358661	45.8759	16.5322
360592	45.8759	16.8187
366837	45.8759	17.2632
376526	45.8759	17.3575
378582	45.8759	17.5721
383260	45.8759	17.7412
386947	45.8759	17.9973
392529	45.8759	18.1154
395102	45.8759	18.27
398474	45.8759	18.3224
399616	45.8759	18.4975
403432	45.8759	18.55
404577	45.8759	18.5615
404827	45.8759	18.97
413732	45.8759	19.0527
415535	45.8759	19.1649
417981	45.8759	19.1745
418190	45.8759	19.203
418810	45.8759	19.3948
422992	45.8759	19.4488
424168	45.8759	19.6698
428985	45.8759	19.6796
429199	45.8759	19.9467
435022	45.8759	20.1061
438497	45.8759	20.1166
438724	45.8759	20.1627
439731	45.8759	20.3297
443371	45.8759	20.4822
446695	45.8759	20.6196
449690	45.8759	20.667
450722	45.8759	20.9114
456050	45.8759	20.9164
456158	45.8759	20.9304
456464	45.8759	20.9458
456800	45.8759	21.2979
464475	45.8759	21.3249
465064	45.8759	21.3574
465772	45.8759	21.4787
468415	45.8759	21.6593
472352	45.8759	21.7776
474932	45.8759	21.7805
474994	45.8759	22.0352
480546	45.8759	22.0406
480665	45.8759	22.2331
484861	45.8759	22.3694
487832	45.8759	22.5095
490886	45.8759	22.5161
491029	45.8759	22.5288
491307	45.8759	22.6138
493159	45.8759	22.8269
497803	45.8759	23.0146
501896	45.8759	23.0241
502102	45.8759	23.091
503561	45.8759	23.0919
503580	45.8759	23.17
505283	45.8759	23.5091
512674	45.8759	23.8267
519597	45.8759	23.8727
520600	45.8759	23.8882
520939	45.8759	24.0054
523492	45.8759	24.1014
525586	45.8759	24.305
530023	45.8759	24.436
532878	45.8759	24.4428
533028	45.8759	24.45
533184	45.8759	24.7456
539627	45.8759	24.781
540399	45.8759	24.9123
543262	45.8759	25.0318
545866	45.8759	25.402
553936	45.8759	25.5495
557151	45.8759	25.5671
557535	45.8759	25.689
560191	45.8759	25.7765
562098	45.8759	25.8245
563145	45.8759	25.843
563548	45.8759	25.8652
564033	45.8759	25.8968
564722	45.8759	25.9874
566696	45.8759	26.0801
568718	45.8759	26.1928
571173	45.8759	26.2047
571432	45.8759	26.246
572334	45.8759	26.5966
579975	45.8759	26.6664
581496	45.8759	26.7732
583826	45.8759	26.9105
586817	45.8759	26.9734
588190	45.8759	28.119
613160	45.8759	28.256
616147	45.8759	28.3057
617231	45.8759	28.3474
618140	45.8759	28.3994
619272	45.8759	28.4613
620623	45.8759	28.5193
621887	45.8759	28.5642
622865	45.8759	28.8141
628313	45.8759	29.024
632888	45.8759	29.0347
633120	45.8759	29.1016
634579	45.8759	29.713
647906	45.8759	29.7232
648128	45.8759	30.4804
664635	45.8759	30.5283
665679	45.8759	30.5717
666625	45.8759	30.6369
668046	45.8759	30.8001
671604	45.8759	30.8826
673401	45.8759	30.943
674717	45.8759	30.9863
675662	45.8759	31.1218
678616	45.8759	31.1294
678782	45.8759	31.1516
679264	45.8759	31.1595
679438	45.8759	31.1902
680106	45.8759	31.2554
681528	45.8759	31.3284
683120	45.8759	31.3961
684595	45.8759	31.4294
685321	45.8759	31.5729
688448	45.8759	31.6271
689629	45.8759	31.7634
692602	45.8759	31.815
693726	45.8759	32.0504
698856	45.8759	32.0949
699828	45.8759	32.099
699916	45.8759	32.2546
703308	45.8759	32.2901
704083	45.8759	32.4973
708598	45.8759	32.4979
708611	45.8759	32.5148
708981	45.8759	32.5685
710150	45.8759	32.6147
711157	45.8759	33.0974
721680	45.8759	33.208
724090	45.8759	33.3178
726484	45.8759	33.4604
729593	45.8759	33.5138
730757	45.8759	33.5907
732433	45.8759	33.6517
733761	45.8759	33.7065
734956	45.8759	33.9133
739464	45.8759	34.1155
743871	45.8759	34.1555
744744	45.8759	34.2535
746880	45.8759	34.2913
747704	45.8759	34.3156
748233	45.8759	34.3734
749493	45.8759	34.3858
749764	45.8759	34.3998
750068	45.8759	34.5848
754102	45.8759	34.6377
755254	45.8759	34.7291
757247	45.8759	34.7625
757975	45.8759	34.8404
759674	45.8759	34.9782
762678	45.8759	35.0031
763219	45.8759	35.0248
763693	45.8759	35.0428
764085	45.8759	35.238
768341	45.8759	35.2555
768721	45.8759	35.3422
770612	45.8759	35.4106
772103	45.8759	35.4818
773654	45.8759	35.5999
776228	45.8759	35.6186
776636	45.8759	35.66
777538	45.8759	35.6937
778273	45.8759	35.7761
780069	45.8759	35.8598
781894	45.8759	35.9303
783431	45.8759	36.0293
785589	45.8759	36.3124
791760	45.8759	36.3199
791923	45.8759	36.4278
794276	45.8759	36.4639
795062	45.8759	36.5828
797655	45.8759	36.7637
801598	45.8759	36.9962
806665	45.8759	37.3597
814589	45.8759	37.3988
815442	45.8759	37.4721
817038	45.8759	37.5337
818381	45.8759	37.6331
820549	45.8759	37.7197
822436	45.8759	37.8027
824246	45.8759	37.8409
825078	45.8759	38.099
830704	45.8759	38.151
831838	45.8759	38.2286
833530	45.8759	38.4564
838495	45.8759	38.463
838638	45.8759	38.5372
840255	45.8759	38.5521
840581	45.8759	38.8687
847482	45.8759	38.9356
848939	45.8759	39.147
853548	45.8759	39.2071
854859	45.8759	39.5294
861883	45.8759	39.8206
868231	45.8759	39.9149
870286	45.8759	39.9998
872137	45.8759	40.0058
872269	45.8759	40.2649
877917	45.8759	40.346
879683	45.8759	40.4645
882268	45.8759	40.4795
882593	45.8759	40.8174
889959	45.8759	41.0117
894195	45.8759	41.3255
901036	45.8759	41.5833
906654	45.8759	42.185
919771	45.8759	42.3404
923157	45.8759	42.3983
924420	45.8759	42.4359
925239	45.8759	42.5396
927499	45.8759	42.5937
928679	45.8759	42.6571
930061	45.8759	42.7298
931646	45.8759	42.7929
933022	45.8759	42.8891
935119	45.8759	42.9924
937369	45.8759	42.9956
937440	45.8759	43.0472
938564	45.8759	43.1081
939891	45.8759	43.126
940283	45.8759	43.2105
942125	45.8759	43.2945
943954	45.8759	43.3143
944387	45.8759	43.4106
946485	45.8759	43.5948
950502	45.8759	43.8522
956111	45.8759	43.9938
959199	45.8759	44.0876
961244	45.8759	44.1841
963347	45.8759	44.4039
968137	45.8759	44.5645
971638	45.8759	44.695
974482	45.8759	44.7978
976723	45.8759	45.0774
982819	45.8759	45.0914
983123	45.8759	45.1286
983935	45.8759	45.2053
985607	45.8759	45.2892
987435	45.8759	45.4097
990062	45.8759	45.5313
992713	45.8759	45.7198
996822	45.8759	45.8359
999352	45.8759	45.9151
1001078	0.0946981	45.9155
1005976	0.0946981	45.9158
1008886	0.0946981	45.9159
1009387	0.0898475	45.9159
1010386	0.043079	45.9166
1026345	0.043079	45.9169
1031758	0.043079	45.917
1034503	0.043079	45.9171
1037829	0.043079	45.9172
1039625	0.043079	45.9173
1040696	0.043079	45.9175
1045393	0.043079	45.9175
1046017	0.043079	45.9175
1046084	0.043079	45.9177
1050142	0.043079	45.9177
1050747	0.043079	45.9177
1051952	0.043079	45.9178
1054458	0.043079	45.9179
1055987	0.043079	45.918
1058950	0.043079	45.9182
1062250	0.043079	45.9182
1063791	0.043079	45.9185
1068858	0.043079	45.9187
1073992	0.043079	45.9188
1075962	0.043079	45.9189
1077989	0.043079	45.9189
1078972	0.043079	45.9191
1084753	0.043079	45.9193
1088564	0.043079	45.9194
1091401	0.043079	45.9196
1095445	0.043079	45.9197
1096927	0.043079	45.9197
1098192	0.043079	45.9201
1105765	0.043079	45.9201
1106739	0.043079	45.9202
1108388	0.043079	45.9202
1108575	0.043079	45.9203
1111224	0.043079	45.9203
1112202	0.043079	45.9204
1113199	0.043079	45.9204
1114730	0.043079	45.9205
1115888	0.043079	45.9207
1120101	0.043079	45.9207
1120237	0.043079	45.9207
1121533	0.043079	45.9209
1124693	0.043079	45.921
1127619	0.043079	45.9211
1130883	0.043079	45.9212
1131692	0.043079	45.9212
1132796	0.043079	45.9214
1137690	0.043079	45.9216
1141265	0.043079	45.9217
1143732	0.043079	45.9219
1147520	0.043079	45.9219
1149747	0.043079	45.9221
1152214	0.043079	45.9222
1156292	0.043079	45.9223
1157589	0.043079	45.9225
1163055	0.043079	45.9225
1163139	0.043079	45.9227
1166134	0.043079	45.9228
1169058	0.043079	45.9228
1170563	0.043079	45.923
1172985	0.043079	45.9233
1181679	0.043079	45.9234
1183735	0.043079	45.9234
1183931	0.043079	45.9234
1184432	0.043079	45.9236
1187487	0.043079	45.9239
1194481	0.043079	45.924
1196739	0.043079	45.924
1197464	0.043079	45.924
1198316	0.043079	45.9241
1200674	0.043079	45.9242
1201855	0.043079	45.9243
1203838	0.043079	45.9243
1204313	0.043079	45.9247
1213685	0.043079	45.9247
1213945	0.043079	45.9249
1217107	0.043079	45.9249
1218446	0.043079	45.925
1220305	0.043079	45.9251
1222765	0.043079	45.9251
1222889	0.043079	45.9252
1225692	0.043079	45.9252
1225796	0.043079	45.9256
1235102	0.043079	45.9257
1236413	0.043079	45.9258
1238531	0.043079	45.9258
1239437	0.043079	45.9258
1239738	0.043079	45.9264
1252891	0.043079	45.9264
1253538	0.043079	45.9266
1256734	0.043079	45.9266
1256899	0.043079	45.9268
1261268	0.043079	45.9271
1268772	0.043079	45.9271
1270411	0.043079	45.9272
1270955	0.043079	45.9273
1272885	0.043079	45.9274
1276924	0.043079	45.9276
1280999	0.043079	45.9276
1281032	0.043079	45.928
1290680	0.043079	45.9284
1299499	0.043079	45.9285
1301973	0.043079	45.9287
1306291	0.043079	45.9287
1306572	0.043079	45.929
1313540	0.043079	45.9291
1316743	0.043079	45.9293
1319677	0.043079	45.9293
1319745	0.043079	45.9293
1321118	0.043079	45.9294
1322206	0.043079	45.9294
1323527	0.043079	45.9296
1327911	0.043079	45.9298
1331794	0.043079	45.9299
1334589	0.043079	45.93
1336500	0.043079	45.93
1337769	0.043079	45.93
1337783	0.043079	45.9306
1349920	0.043079	45.9306
1350703	0.043079	45.9308
1355128	0.043079	45.9311
1361444	0.043079	45.9311
1361612	0.043079	45.9311
1362154	0.043079	45.9311
1362791	0.043079	45.9313
1365905	0.043079	45.9313
1365948	0.043079	45.9315
1370315	0.043079	45.9315
1370379	0.043079	45.9315
1371142	0.043079	45.9315
1372540	0.043079	45.9316
1372652	0.043079	45.9319
1380899	0.043079	45.9321
1385631	0.043079	45.9322
1386741	0.043079	45.9322
1388399	0.043079	45.9326
1396726	0.043079	45.9333
1412089	0.043079	45.9333
1413143	0.043079	45.9333
1414106	0.043079	45.9334
1414571	0.043079	45.9336
1419896	0.043079	45.9336
1420116	0.043079	45.9337
1422069	0.043079	45.9338
1424991	0.043079	45.9338
1425478	0.043079	45.934
1428675	0.043079	45.934
1430044	0.043079	45.9341
1431819	0.043079	45.9341
1432850	0.043079	45.9343
1435614	0.043079	45.9345
1440815	0.043079	45.9346
1442407	0.043079	45.9347
1446485	0.043079	45.9348
1449160	0.043079	45.9349
1450169	0.043079	45.9353
1460295	0.043079	45.9354
1461881	0.043079	45.9354
1462337	0.043079	45.9355
1464181	0.043079	45.9355
1464992	0.043079	45.9356
1466407	0.043079	45.936
1475420	0.043079	45.936
1475582	0.043079	45.9362
1481569	0.043079	45.9364
1485154	0.043079	45.9366
1490342	0.043079	45.9371
1502145	0.043079	45.9375
1510297	0.043079	45.9376
1513873	0.043079	45.9376
1514001	0.043079	45.9377
1515699	0.043079	45.9377
1515703	0.043079	45.9378
1518487	0.043079	45.9379
1521164	0.043079	45.938
1522458	0.043079	45.9381
1525171	0.043079	45.9381
1525473	0.043079	45.9382
1527260	0.043079	45.9383
1530358	0.043079	45.9384
1530767	0.043079	45.9384
1531796	0.043079	45.9386
1535414	0.043079	45.9387
1537592	0.043079	45.9387
1539104	0.043079	45.9388
1541893	0.043079	45.9389
1542251	0.043079	45.939
1545151	0.043079	45.9391
1546729	0.043079	45.9392
1549570	0.043079	45.9392
1550696	0.043079	45.9393
1553193	0.043079	45.9394
1555463	0.043079	45.9394
1555509	0.043079	45.9395
1555995	0.043079	45.9395
1558293	0.043079	45.9398
1564348	0.043079	45.9398
1564785	0.043079	45.9399
1566250	0.043079	45.9402
1574094	0.043079	45.9403
1576624	0.043079	45.9404
1577432	0.043079	45.9405
1579627	0.043079	45.9405
1579891	0.043079	45.9409
1590442	0.043079	45.941
1591860	0.043079	45.9411
1593319	0.043079	45.9411
1594202	0.043079	45.9412
1595557	0.043079	45.9412
1596486	0.043079	45.9413
1599373	0.043079	45.9418
1610400	0.043079	45.9419
1613465	0.043079	45.942
1615540	0.043079	45.942
1615730	0.043079	45.9423
1623281	0.043079	45.9424
1623424	0.043079	45.9425
1627951	0.043079	45.9426
1629316	0.043079	45.9427
1632062	0.043079	45.9429
1635007	0.043079	45.9429
1635940	0.043079	45.9431
1641280	0.043079	45.9431
1641424	0.043079	45.9435
1649143	0.043079	45.9435
1649898	0.043079	45.9436
1652059	0.043079	45.9437
1655594	0.043079	45.9438
1656430	0.043079	45.9438
1657918	0.043079	45.9439
1658481	0.043079	45.9439
1659446	0.043079	45.9439
1660149	0.043079	45.9445
1672183	0.043079	45.9445
1674116	0.043079	45.9446
1674847	0.043079	45.9446
1676205	0.043079	45.9447
1677658	0.043079	45.9449
1681605	0.043079	45.9449
1683283	0.043079	45.945
1683717	0.043079	45.945
1683777	0.043079	45.9452
1690537	0.043079	45.9454
1693182	0.043079	45.9454
1695235	0.043079	45.9455
1695782	0.043079	45.9456
1697918	0.043079	45.9457
1701271	0.043079	45.9459
1704929	0.043079	45.9459
1705654	0.043079	45.946
1707827	0.043079	45.9462
1711564	0.043079	45.9465
1719720	0.043079	45.9465
1720275	0.043079	45.9468
1727379	0.043079	45.947
1732233	0.043079	45.9476
1744361	0.043079	45.9477
1748051	0.043079	45.9477
1748414	0.043079	45.948
1753443	0.043079	45.948
1753833	0.043079	45.9488
1773963	0.043079	45.9491
1780069	0.043079	45.9491
1781082	0.043079	45.9492
1782899	0.043079	45.9494
1787859	0.043079	45.9495
1788518	0.043079	45.9495
1788925	0.043079	45.9496
1791720	0.043079	45.9497
1793156	0.043079	45.9497
1793213	0.043079	45.9498
1796301	0.043079	45.9499
1799305	0.043079	45.95
1799879	0.043079	45.9502
1804921	0.043079	45.9504
1810753	0.043079	45.9505
1812970	0.043079	45.9505
1813124	0.043079	45.9506
1814315	0.043079	45.9507
1818116	0.043079	45.9508
1818681	0.043079	45.9509
1821106	0.043079	45.9509
1822816	0.043079	45.951
1824165	0.043079	45.9514
1833450	0.043079	45.9517
1839703	0.043079	45.9517
1840679	0.043079	45.9517
1841375	0.043079	45.9518
1842048	0.043079	45.9518
1842246	0.043079	45.9518
1843124	0.043079	45.9522
1852400	0.043079	45.9522
1852475	0.043079	45.9523
1853597	0.043079	45.9524
1857013	0.043079	45.9524
1857683	0.043079	45.9526
1861924	0.043079	45.953
1871014	0.043079	45.9531
1873269	0.043079	45.9533
1877376	0.043079	45.9533
1878041	0.043079	45.9536
1885119	0.043079	45.9538
1888231	0.043079	45.9538
1888691	0.043079	45.9538
1888723	0.043079	45.954
1892592	0.043079	45.9543
1900553	0.043079	45.9543
1900677	0.043079	45.9545
1904290	0.043079	45.9545
1904302	0.043079	45.9545
1904316	0.043079	45.9545
1905691	0.043079	45.9546
1907989	0.043079	45.9548
1913125	0.043079	45.9551
1919912	0.043079	45.9555
1928046	0.043079	45.9555
1928573	0.043079	45.9556
1930645	0.043079	45.9559
1937963	0.043079	45.9559
1938005	0.043079	45.956
1939666	0.043079	45.9562
1944366	0.043079	45.9562
1945682	0.043079	45.9566
1953699	0.043079	45.9568
1958717	0.043079	45.9568
1959223	0.043079	45.957
1962886	0.043079	45.9571
1966692	0.043079	45.9573
1970944	0.043079	45.9574
1971697	0.043079	45.9575
1973894	0.043079	45.9575
1974325	0.043079	45.9575
1975576	0.043079	45.9576
1978321	0.043079	45.9577
1980216	0.043079	45.9578
1981404	0.043079	45.9579
1985113	0.043079	45.958
1985520	0.043079	45.9583
1994015	0.043079	45.9583
1994414	0.043079	45.9585
1999025	0.043079	45.9586
1999826	0.043079	45.9586
2000343	0.043079	45.9587
2002954	0.043079	45.9589
2006873	0.043079	45.9592
2014646	0.043079	45.9594
2019128	0.043079	45.9597
2026660	0.043079	45.9599
2030705	0.043079	45.96
2032845	0.043079	45.9602
2038576	0.043079	45.9603
2039663	0.043079	45.9606
2045829	0.043079	45.9606
2047730	0.043079	45.9607
2048306	0.043079	45.9609
2052887	0.043079	45.961
2055528	0.043079	45.9612
2061661	0.043079	45.9614
2064452	0.043079	45.9614
2065394	0.043079	45.9614
2065702	0.043079	45.9614
2066260	0.043079	45.9615
2068076	0.043079	45.9619
2077536	0.043079	45.962
2078362	0.043079	45.962
2080184	0.043079	45.9621
2081680	0.043079	45.9621
2082190	0.043079	45.9621
2082401	0.043079	45.9621
2082853	0.043079	45.9622
2083339	0.043079	45.9623
2086500	0.043079	45.9623
2086806	0.043079	45.9624
2087640	0.043079	45.9624
2089482	0.043079	45.9625
2090110	0.043079	45.9627
2095206	0.043079	45.9627
2096394	0.043079	45.9628
2098005	0.043079	45.9629
2099667	0.043079	45.9629
2101226	0.043079	45.9629
2101436	0.043079	45.963
2103637	0.043079	45.963
2103648	0.043079	45.9633
2110580	0.043079	45.9634
2112267	0.043079	45.9635
2113741	0.043079	45.9635
2114140	0.043079	45.9638
2120342	0.043079	45.9638
2121331	0.043079	45.9638
2122291	0.043079	45.9639
2123368	0.043079	45.9641
2129114	0.043079	45.9644
2134344	0.043079	45.9644
2136147	0.043079	45.9647
2142191	0.043079	45.9649
2147295	0.043079	45.965
2148430	0.043079	45.9652
2153773	0.043079	45.9656
2162539	0.043079	45.9656
2163608	0.043079	45.9658
2167224	0.043079	45.966
2171395	0.043079	45.9662
2176190	0.043079	45.9662
2176602	0.043079	45.9663
2178860	0.043079	45.9663
2179757	0.043079	45.9665
2182800	0.043079	45.9665
2184584	0.043079	45.9667
2188973	0.043079	45.9668
2190055	0.043079	45.9668
2191220	0.043079	45.9671
2196754	0.043079	45.9671
2198279	0.043079	45.9672
2199327	0.043079	45.9675
2207086	0.043079	45.9678
2212933	0.043079	45.9678
2213266	0.043079	45.9678
2214901	0.043079	45.968
2218119	0.043079	45.9681
2221788	0.043079	45.9684
2227465	0.043079	45.9684
2228432	0.043079	45.9684
2228584	0.043079	45.9686
2233290	0.043079	45.9687
2234611	0.043079	45.9687
2235361	0.043079	45.9688
2237041	0.043079	45.969
2240787	0.043079	45.9695
2253383	0.043079	45.9695
2253928	0.043079	45.9696
2255066	0.043079	45.9697
2258131	0.043079	45.97
2266182	0.043079	45.9703
2271056	0.043079	45.9703
2273131	0.043079	45.9704
2273982	0.043079	45.9705
2275782	0.043079	45.9707
2280648	0.043079	45.9707
2281730	0.043079	45.9708
2284575	0.043079	45.9709
2287091	0.043079	45.9712
2293228	0.043079	45.9712
2293899	0.043079	45.9714
2296967	0.043079	45.9714
2298709	0.043079	45.9715
2299807	0.043079	45.9717
2303546	0.043079	45.9717
2304117	0.043079	45.9718
2307569	0.043079	45.9719
2309089	0.043079	45.9721
2313301	0.043079	45.9721
2313563	0.043079	45.9722
2315328	0.043079	45.9724
2320826	0.043079	45.9727
2327037	0.043079	45.9727
2327438	0.043079	45.973
2333718	0.043079	45.9733
2341650	0.043079	45.9733
2342196	0.043079	45.9734
2344472	0.043079	45.9738
2352589	0.043079	45.9738
2353996	0.043079	45.974
2357383	0.043079	45.974
2358805	0.043079	45.9741
2360173	0.043079	45.9741
2360967	0.043079	45.9742
2362512	0.043079	45.9743
2365581	0.043079	45.9743
2366127	0.043079	45.9744
2367778	0.043079	45.9746
2370962	0.043079	45.9749
2378023	0.043079	45.9749
2379741	0.043079	45.9753
2388284	0.043079	45.9753
2388755	0.043079	45.9755
2391856	0.043079	45.9756
2395369	0.043079	45.9757
2397069	0.043079	45.9757
2397720	0.043079	45.9758
2399454	0.043079	45.9759
2401092	0.043079	45.9759
2402146	0.043079	45.9762
2408892	0.043079	45.9764
2414120	0.043079	45.9769
2424336	0.043079	45.9773
2435043	0.043079	45.9775
2438791	0.043079	45.9777
2443787	0.043079	45.9777
2444168	0.043079	45.978
2450430	0.043079	45.9782
2455906	0.043079	45.9784
2459208	0.043079	45.9785
2462890	0.043079	45.9786
2465434	0.043079	45.9787
2466162	0.043079	45.9787
2466178	0.043079	45.9787
2466223	0.043079	45.9788
2470260	0.043079	45.9789
2470747	0.043079	45.9792
2477793	0.043079	45.9794
2482413	0.043079	45.9794
2484152	0.043079	45.9795
2486431	0.043079	45.9796
2487267	0.043079	45.9798
2491981	0.043079	45.9801
2499622	0.043079	45.9808
2515545	0.043079	45.9808
2516898	0.043079	45.981
2520186	0.043079	45.981
2520980	0.043079	45.9813
2526541	0.043079	45.9816
2533290	0.043079	45.9817
2537834	0.043079	45.982
2544310	0.043079	45.9824
2551891	0.043079	45.9825
2555283	0.043079	45.9826
2558672	0.043079	45.9827
2560610	0.043079	45.9828
2562811	0.043079	45.983
2567289	0.043079	45.9838
2584615	0.043079	45.984
2591110	0.043079	45.9843
2597863	0.043079	45.9845
2600771	0.043079	45.9846
2604440	0.043079	45.9847
2605232	0.043079	45.9848
2608977	0.043079	45.985
2612883	0.043079	45.9851
2615330	0.043079	45.9852
2618275	0.043079	45.9852
2618540	0.043079	45.9853
2619474	0.043079	45.9853
2620638	0.043079	45.9856
2627904	0.043079	45.9857
2628718	0.043079	45.9857
2629066	0.043079	45.9857
2630536	0.043079	45.9859
2634636	0.043079	45.986
2636169	0.043079	45.9862
2640824	0.043079	45.9863
2644650	0.043079	45.9865
2647920	0.043079	45.9869
2657761	0.043079	45.987
2658734	0.043079	45.987
2659355	0.043079	45.9871
2662517	0.043079	45.9872
2665489	0.043079	45.9873
2667772	0.043079	45.9874
2668063	0.043079	45.9874
2669845	0.043079	45.9875
2671221	0.043079	45.9875
2671432	0.043079	45.9877
2674899	0.043079	45.9877
2675776	0.043079	45.9878
2678207	0.043079	45.9879
2681642	0.043079	45.9881
2686400	0.043079	45.9882
2688288	0.043079	45.9883
2689682	0.043079	45.9884
2692445	0.043079	45.9885
2695263	0.043079	45.9888
2701884	0.043079	45.989
2705797	0.043079	45.989
2706670	0.043079	45.989
2706872	0.043079	45.9894
2715735	0.043079	45.9898
2724610	0.043079	45.99
2728849	0.043079	45.99
2729988	0.043079	45.9905
2739955	0.043079	45.9906
2742577	0.043079	45.9906
2743435	0.043079	45.9907
2746432	0.043079	45.9908
2747701	0.043079	45.9909
2749959	0.043079	45.9909
2750065	0.043079	45.9911
2755469	0.043079	45.9914
2761098	0.043079	45.9915
2763113	0.043079	45.9917
2768416	0.043079	45.9918
2770476	0.043079	45.9918
2772030	0.043079	45.9919
2772430	0.043079	45.9923
2782909	0.043079	45.9924
2786016	0.043079	45.9926
2789238	0.043079	45.9929
2797518	0.043079	45.9931
2801884	0.043079	45.9932
2803058	0.043079	45.9932
2803923	0.043079	45.9933
2805437	0.043079	45.9935
2811249	0.043079	45.9937
2816077	0.043079	45.9937
2816361	0.043079	45.994
2821122	0.043079	45.994
2822348	0.043079	45.9941
2823887	0.043079	45.9941
2824542	0.043079	45.9944
2830541	0.043079	45.9944
2832663	0.043079	45.9946
2835270	0.043079	45.9947
2838063	0.043079	45.9947
2838155	0.043079	45.9947
2839084	0.043079	45.9948
2839809	0.043079	45.9951
2847316	0.043079	45.9951
2848234	0.043079	45.9952
2849663	0.043079	45.9954
2853619	0.043079	45.9954
2854743	0.043079	45.9955
2856238	0.043079	45.9956
2859038	0.043079	45.9957
2861117	0.043079	45.9957
2862656	0.043079	45.9958
2865056	0.043079	45.9959
2865220	0.043079	45.996
2869610	0.043079	45.9961
2870705	0.043079	45.9963
2875541	0.043079	45.9966
2882919	0.043079	45.9968
2887683	0.043079	45.9968
2887857	0.043079	45.997
2890986	0.043079	45.997
2891118	0.043079	45.9971
2894595	0.043079	45.9975
2902391	0.043079	45.9975
2904299	0.043079	45.9976
2906379	0.043079	45.9979
2911662	0.043079	45.9979
2912977	0.043079	45.998
2915937	0.043079	45.9982
2919519	0.043079	45.9983
2922013	0.043079	45.9985
2926711	0.043079	45.9987
2931618	0.043079	45.9988
2933319	0.043079	45.9989
2935828	0.043079	45.999
2937608	0.043079	45.9991
2941643	0.043079	45.9993
2945140	0.043079	45.9994
2947611	0.043079	45.9994
2947683	0.043079	45.9995
2950496	0.043079	45.9996
2951661	0.043079	45.9997
2955722	0.043079	45.9998
2957218	0.043079	45.9998
2957810	0.043079	46
2961938	0.043079	46.0001
2962982	0.043079	46.0002
2966261	0.043079	46.0004
2970798	0.043079	46.0006
2974454	0.043079	46.0007
2977124	0.043079	46.0007
2978706	0.043079	46.0009
2983125	0.043079	46.0015
2995567	0.043079	46.0016
2997876	0.043079	46.0016
2998402	0.043079	46.0016
2998450	0.043079	46.0016
2999185	0.043079	46.0017
3001836	0.043079	46.0019
3005943	0.043079	46.0019
3006221	0.043079	46.0022
3013651	0.043079	46.0024
3016769	0.043079	46.0027
3024406	0.043079	46.0029
3029071	0.043079	46.003
3030707	0.043079	46.003
3030900	0.043079	46.0031
3034410	0.043079	46.0033
3037563	0.043079	46.0034
3040279	0.043079	46.0036
3045607	0.043079	46.0038
3049088	0.043079	46.0042
3059677	0.043079	46.0043
3061194	0.043079	46.0044
3063950	0.043079	46.0044
3064592	0.043079	46.0046
3069324	0.043079	46.0047
3069767	0.043079	46.0048
3072671	0.043079	46.005
3076892	0.043079	46.005
3077858	0.043079	46.0052
3081146	0.043079	46.0053
3084128	0.043079	46.0054
3086853	0.043079	46.0054
3087701	0.043079	46.0055
3088199	0.043079	46.0055
3088777	0.043079	46.0055
3089455	0.043079	46.0055
3089622	0.043079	46.0057
3093149	0.043079	46.0057
3094948	0.043079	46.0058
3096346	0.043079	46.0059
3098324	0.043079	46.006
3099868	0.043079	46.006
3101287	0.043079	46.0061
3103636	0.043079	46.0067
3116187	0.043079	46.0067
3117841	0.043079	46.0068
3119109	0.043079	46.007
3122967	0.043079	46.007
3123956	0.043079	46.007
3124176	0.043079	46.007
3124465	0.043079	46.0073
3131963	0.043079	46.0075
3134582	0.043079	46.0076
3137540	0.043079	46.0077
3139191	0.043079	46.0077
3140677	0.043079	46.0078
3142316	0.043079	46.0084
3156519	0.043079	46.0085
3158976	0.043079	46.0087
3164303	0.043079	46.0088
3166777	0.043079	46.0089
3167961	0.043079	46.0089
3168521	0.043079	46.0091
3172917	0.043079	46.0091
3173127	0.043079	46.0091
3173671	0.043079	46.0092
3174665	0.043079	46.0097
3185895	0.043079	46.0097
3187238	0.043079	46.0098
3188855	0.043079	46.0104
3202545	0.043079	46.0104
3203229	0.043079	46.0104
3203553	0.043079	46.0105
3205094	0.043079	46.0105
3206113	0.043079	46.0107
3208890	0.043079	46.0107
3210768	0.043079	46.0108
3213002	0.043079	46.0111
3219263	0.043079	46.0111
3219473	0.043079	46.0112
3220842	0.043079	46.0113
3224172	0.043079	46.0115
3227401	0.043079	46.0116
3230413	0.043079	46.0119
3237009	0.043079	46.0119
3237220	0.043079	46.0119
3237937	0.043079	46.012
3239147	0.043079	46.0121
3241326	0.043079	46.0124
3249260	0.043079	46.0126
3252923	0.043079	46.0126
3254582	0.043079	46.0127
3257237	0.043079	46.0128
3258625	0.043079	46.0129
3259900	0.043079	46.0129
3262046	0.043079	46.013
3262565	0.043079	46.0134
3272840	0.043079	46.0134
3273206	0.043079	46.0135
3274985	0.043079	46.0139
3283295	0.043079	46.0141
3287773	0.043079	46.0144
3294868	0.043079	46.0145
3298646	0.043079	46.0146
3301523	0.043079	46.0147
3302347	0.043079	46.0148
3304823	0.043079	46.0149
3307830	0.043079	46.0149
3308037	0.043079	46.0149
3308238	0.043079	46.0152
3313840	0.043079	46.0153
3316309	0.043079	46.0155
3320314	0.043079	46.0156
3322816	0.043079	46.0157
3325864	0.043079	46.0159
3330371	0.043079	46.0159
3331553	0.043079	46.016
3332594	0.043079	46.0162
3337087	0.043079	46.0162
3338191	0.043079	46.0163
3339151	0.043079	46.0169
3352908	0.043079	46.0169
3354413	0.043079	46.0169
3354551	0.043079	46.0171
3359398	0.043079	46.0172
3360882	0.043079	46.0174
3364343	0.043079	46.0175
3367212	0.043079	46.0177
3372323	0.043079	46.0178
3374383	0.043079	46.0179
3377349	0.043079	46.018
3380383	0.043079	46.0181
3381826	0.043079	46.0183
3386313	0.043079	46.0184
3387555	0.043079	46.0184
3388496	0.043079	46.0184
3389454	0.043079	46.0185
3391558	0.043079	46.0187
3395244	0.043079	46.0187
3395904	0.043079	46.0188
3398625	0.043079	46.019
3402305	0.043079	46.019
3402574	0.043079	46.0191
3404629	0.043079	46.0193
3410459	0.043079	46.0194
3411671	0.043079	46.0195
3413164	0.043079	46.0196
3415461	0.043079	46.0197
3417986	0.043079	46.0197
3418843	0.043079	46.0199
3424561	0.043079	46.0201
3427582	0.043079	46.0204
3433939	0.043079	46.0204
3434085	0.043079	46.0204
3434699	0.043079	46.0204
3434919	0.043079	46.0204
3435053	0.043079	46.0204
3435474	0.043079	46.0207
3441372	0.043079	46.0207
3442666	0.043079	46.0207
3443113	0.043079	46.0209
3446647	0.043079	46.0209
3446939	0.043079	46.0211
3450448	0.043079	46.0211
3452366	0.043079	46.0212
3454033	0.043079	46.0214
3458010	0.043079	46.0215
3459492	0.043079	46.0216
3462727	0.043079	46.0218
3468683	0.043079	46.022
3471190	0.043079	46.022
3472385	0.043079	46.022
3473197	0.043079	46.0221
3474461	0.043079	46.0224
3480592	0.043079	46.0224
3482312	0.043079	46.0225
3483137	0.043079	46.0225
3483954	0.043079	46.0226
3485946	0.043079	46.0226
3487326	0.043079	46.0228
3490867	0.043079	46.0232
3500878	0.043079	46.0233
3502241	0.043079	46.0236
3510136	0.043079	46.0237
3510617	0.043079	46.0237
3510896	0.043079	46.0237
3512210	0.043079	46.0241
3519847	0.043079	46.0243
3524699	0.043079	46.0244
3527891	0.043079	46.0246
3532143	0.043079	46.0247
3535936	0.043079	46.0248
3537548	0.043079	46.0249
3540211	0.043079	46.0249
3540385	0.043079	46.0253
3549778	0.043079	46.0255
3552743	0.043079	46.0256
3554837	0.043079	46.0256
3555763	0.043079	46.0257
3558064	0.043079	46.0257
3558592	0.043079	46.0258
3560333	0.043079	46.0263
3571317	0.043079	46.0265
3575977	0.043079	46.0265
3576487	0.043079	46.0266
3579726	0.043079	46.0268
3583338	0.043079	46.0268
3583620	0.043079	46.027
3587145	0.043079	46.027
3587360	0.043079	46.027
3587884	0.043079	46.027
3588092	0.043079	46.027
3588355	0.043079	46.0271
3590490	0.043079	46.0271
3591431	0.043079	46.0273
3594384	0.043079	46.0274
3598348	0.043079	46.0275
3599357	0.043079	46.0277
3605624	0.043079	46.0278
3607077	0.043079	46.0278
3607617	0.043079	46.028
3612668	0.043079	46.0283
3619313	0.043079	46.0285
3623656	0.043079	46.0287
3628460	0.043079	46.0289
3631640	0.043079	46.0289
3631817	0.043079	46.029
3633784	0.043079	46.029
3635204	0.043079	46.0291
3636618	0.043079	46.0292
3638378	0.043079	46.0293
3641899	0.043079	46.0294
3644029	0.043079	46.0296
3648183	0.043079	46.0297
3649940	0.043079	46.0299
3655374	0.043079	46.03
3659061	0.043079	46.0301
3660893	0.043079	46.0302
3661726	0.043079	46.0304
3666691	0.043079	46.0304
3668213	0.043079	46.0305
3668544	0.043079	46.0305
3669088	0.043079	46.0305
3670404	0.043079	46.0307
3673980	0.043079	46.0308
3675971	0.043079	46.0312
3684892	0.043079	46.0313
3687811	0.043079	46.0315
3693176	0.043079	46.0316
3694246	0.043079	46.0319
3701007	0.043079	46.032
3704383	0.043079	46.0321
3705540	0.043079	46.0321
3705560	0.043079	46.0322
3710158	0.043079	46.0325
3714945	0.043079	46.0327
3721656	0.043079	46.0328
3721877	0.043079	46.0328
3722975	0.043079	46.0329
3724180	0.043079	46.0329
3724665	0.043079	46.033
3726506	0.043079	46.033
3726861	0.043079	46.0334
3735945	0.043079	46.0334
3736042	0.043079	46.0334
3737146	0.043079	46.0335
3738607	0.043079	46.0336
3740368	0.043079	46.0336
3742658	0.043079	46.0337
3743527	0.043079	46.0337
3744396	0.043079	46.0338
3746231	0.043079	46.0339
3747948	0.043079	46.034
3749902	0.043079	46.0343
3756984	0.043079	46.0344
3760784	0.043079	46.0345
3761926	0.043079	46.0347
3767565	0.043079	46.0349
3770571	0.043079	46.035
3773481	0.043079	46.0351
3775204	0.043079	46.0352
3777623	0.043079	46.0352
3779229	0.043079	46.0353
3781521	0.043079	46.0353
3781639	0.043079	46.0354
3782269	0.043079	46.0356
3786988	0.043079	46.0356
3787942	0.043079	46.0358
3791424	0.043079	46.0359
3795036	0.043079	46.036
3797275	0.043079	46.0361
3799417	0.043079	46.0363
3803265	0.043079	46.0363
3804142	0.043079	46.0364
3806032	0.043079	46.0368
3815929	0.043079	46.0368
3816753	0.043079	46.037
3820768	0.043079	46.0371
3822885	0.043079	46.0371
3823256	0.043079	46.0371
3823428	0.043079	46.0372
3825016	0.043079	46.0373
3828262	0.043079	46.0375
3832728	0.043079	46.038
3843191	0.043079	46.038
3844605	0.043079	46.0381
3845167	0.043079	46.0381
3845365	0.043079	46.0381
3845395	0.043079	46.0381
3846373	0.043079	46.0381
3847055	0.043079	46.0382
3849133	0.043079	46.0383
3849488	0.043079	46.0384
3851944	0.043079	46.0385
3854971	0.043079	46.0387
3860260	0.043079	46.0388
3862863	0.043079	46.039
3867192	0.043079	46.0391
3868809	0.043079	46.0394
3875773	0.043079	46.0395
3877356	0.043079	46.0396
3881441	0.043079	46.0397
3883597	0.043079	46.0397
3883766	0.043079	46.0399
3887400	0.043079	46.0401
3891508	0.043079	46.0401
3893311	0.043079	46.0401
3893527	0.043079	46.0403
3897953	0.043079	46.0405
3901886	0.043079	46.0405
3902476	0.043079	46.0408
3908910	0.043079	46.0408
3908947	0.043079	46.0408
3909356	0.043079	46.0409
3910495	0.043079	46.041
3913501	0.043079	46.0412
3917406	0.043079	46.0415
3924161	0.043079	46.0416
3928174	0.043079	46.0417
3928904	0.043079	46.0417
3929573	0.043079	46.0417
3930455	0.043079	46.0418
3932668	0.043079	46.0419
3934069	0.043079	46.0421
3939339	0.043079	46.0422
3940832	0.043079	46.0425
3948395	0.043079	46.0426
3949668	0.043079	46.0429
3956540	0.043079	46.0429
3956753	0.043079	46.0429
3958060	0.043079	46.0429
3958179	0.043079	46.043
3959240	0.043079	46.043
3960353	0.043079	46.044
3983097	0.043079	46.0442
3987861	0.079755	46.0443
3988352	0.079755	46.0447
3993454	27.7014	46.0509
3993679	27.7014	46.064
3994151	27.7014	46.1786
3998290	30.5626	46.3168
4002811	30.5626	46.3683
4004497	30.5626	46.5471
4010347	30.5626	46.5998
4012070	30.5626	46.6374
4013300	30.5626	46.7998
4018616	30.5626	46.8274
4019517	30.5626	47.0129
4025588	30.5626	47.2164
4032247	30.5626	47.2815
4034377	30.5626	47.531
4042541	30.5626	47.7851
4050855	30.5626	47.8158
4051857	30.5626	47.9226
4055354	30.5626	47.9393
4055900	30.5626	47.9547
4056404	30.5626	47.9566
4056465	30.5626	47.9587
4056533	30.5626	48.0538
4059645	30.5626	48.1692
4063422	30.5626	48.2612
4066431	30.5626	48.3236
4068473	30.5626	48.3395
4068994	30.5626	48.3841
4070453	30.5626	48.3892
4070618	30.5626	48.3923
4070722	30.5626	48.4996
4074232	30.5626	48.5098
4074566	30.5626	48.6269
4078396	30.5626	48.6634
4079591	30.5626	48.7567
4082645	30.5626	48.7782
4083347	30.5626	48.8449
4085529	30.5626	48.8714
4086397	30.5626	48.8809
4086708	30.5626	48.9532
4089074	30.5626	49.0821
4093290	30.5626	49.3655
4102565	30.5626	49.4162
4104223	30.5626	49.4793
4106287	30.5626	49.6108
4110591	30.5626	49.6199
4110889	30.5626	49.9603
4122027	30.5626	50.1102
4126929	30.5626	50.1749
4129047	30.5626	50.2779
4132418	30.5626	50.3023
4133216	30.5626	50.3661
4135302	30.5626	50.378
4135693	30.5626	50.4194
4137046	30.5626	50.4802
4139038	30.5626	50.4938
4139480	30.5626	50.8726
4151877	30.5626	50.9417
4154137	30.5626	50.9944
4155862	30.5626	51.0115
4156422	30.5626	51.0731
4158435	30.5626	51.3152
4166358	30.5626	51.3448
4167327	30.5626	51.3744
4168293	30.5626	51.4984
4172351	30.5626	51.5016
4172455	30.5626	51.548
4173974	30.5626	51.5796
4175009	30.5626	51.8255
4183054	30.5626	51.898
4185427	30.5626	52.0858
4191572	30.5626	52.1112
4192401	30.5626	52.4708
4204168	30.5626	52.5641
4207222	30.5626	52.5818
4207801	30.5626	52.6026
4208481	30.5626	52.7436
4213096	30.5626	52.7655
4213811	30.5626	52.8654
4217079	30.5626	52.9787
4220788	30.5626	52.9912
4221196	30.5626	53.0418
4222851	30.5626	53.1991
4227998	30.5626	53.282
4230710	30.5626	53.3399
4232606	30.5626	53.3409
4232639	30.5626	53.4803
4237198	30.5626	53.826
4248512	30.5626	53.9589
4252860	30.5626	53.98
4253549	30.5626	54.1777
4260018	30.5626	54.2516
4262436	30.5626	54.3839
4266766	30.5626	54.4817
4269965	30.5626	54.5183
4271163	30.5626	54.65
4275470	30.5626	54.6547
4275625	30.5626	54.6833
4276562	30.5626	54.6988
4277068	30.5626	54.8512
4282056	30.5626	55.0778
4289468	30.5626	55.1865
4293026	30.5626	55.2079
4293726	30.5626	55.243
4294873	30.5626	55.3599
4298698	30.5626	55.4302
4300998	30.5626	55.452
4301713	30.5626	55.4895
4302940	30.5626	55.7599
4311787	30.5626	55.7826
4312529	30.5626	55.8995
4316355	30.5626	55.936
4317550	30.5626	55.9611
4318370	30.5626	56.0647
4321759	30.5626	56.1685
4325158	30.5626	56.1981
4326125	30.5626	56.3015
4329507	30.5626	56.3651
4331590	30.5626	56.4623
4334771	30.5626	56.4833
4335458	30.5626	56.5137
4336450	30.5626	56.5559
4337831	30.5626	56.5849
4338782	30.5626	56.6257
4340116	30.5626	56.7132
4342979	30.5626	56.7838
4345288	30.5626	56.7916
4345545	30.5626	56.9512
4350767	30.5626	57.126
4356486	30.5626	57.289
4361820	30.5626	57.332
4363227	30.5626	57.5231
4369478	30.5626	57.6789
4374575	30.5626	57.7181
4375859	30.5626	57.7943
4378352	30.5626	58.4383
4399423	30.5626	58.5624
4403485	30.5626	58.8208
4411939	30.5626	58.9905
4417493	30.5626	58.9949
4417636	30.5626	59.0178
4418384	30.5626	59.0282
4418725	30.5626	59.0438
4419234	30.5626	59.0458
4419301	30.5626	59.0544
4419581	30.5626	59.0651
4419933	30.5626	59.1639
4423165	30.5626	59.4591
4432824	30.5626	59.6428
4438836	30.5626	59.6471
4438977	30.5626	59.682
4440117	30.5626	59.8893
4446899	30.5626	59.9922
4450267	30.5626	59.9927
4450282	30.5626	60.1235
4454563	30.5626	60.2561
4458902	30.5626	60.2647
4459184	30.5626	60.376
4462825	30.5626	60.4487
4465205	30.5626	60.4733
4466008	30.5626	60.4752
4466071	30.5626	60.6545
4471937	30.5626	60.6814
4472819	30.5626	60.7273
4474319	30.5626	60.7763
4475924	30.5626	60.8246
4477502	30.5626	60.8388
4477966	30.5626	60.889
4479609	30.5626	60.9003
4479980	30.5626	60.9889
4482879	30.5626	61.3748
4495504	30.5626	61.439
4497607	30.5626	61.5898
4502540	30.5626	61.7183
4506745	30.5626	61.7489
4507746	30.5626	61.8496
4511042	30.5626	62.1313
4520257	30.5626	62.1532
4520976	30.5626	62.3838
4528519	30.5626	62.4271
4529936	30.5626	62.453
4530784	30.5626	62.5616
4534337	30.5626	62.8779
4544687	30.5626	62.9593
4547350	30.5626	63.1506
4553609	30.5626	63.2093
4555530	30.5626	63.2685
4557467	30.5626	63.29
4558169	30.5626	63.3944
4561585	30.5626	63.4227
4562512	30.5626	63.4798
4564381	30.5626	63.5563
4566883	30.5626	63.575
4567496	30.5626	63.5937
4568106	30.5626	63.6001
4568316	30.5626	63.7534
4573333	30.5626	63.8459
4576359	30.5626	63.9543
4579907	30.5626	63.9972
4581309	30.5626	64.0663
4583572	30.5626	64.0809
4584047	30.5626	64.2635
4590024	30.5626	64.2876
4590811	30.5626	64.3203
4591881	30.5626	64.4377
4595724	30.5626	64.5769
4600278	30.5626	64.6957
4604165	30.5626	64.7059
4604497	30.5626	64.7097
4604621	30.5626	64.713
4604730	30.5626	65.0012
4614159	30.5626	65.0473
4615668	30.5626	65.0759
4616606	30.5626	65.1712
4619721	30.5626	65.1766
4619899	30.5626	65.2561
4622501	30.5626	65.4379
4628449	30.5626	65.5509
4632146	30.5626	65.664
4635848	30.5626	65.8863
4643122	30.5626	65.8947
4643396	30.5626	66.2551
4655186	30.5626	66.4371
4661142	30.5626	66.4614
4661938	30.5626	66.5148
4663685	30.5626	66.6161
4667001	30.5626	66.6294
4667434	30.5626	66.9202
4676948	30.5626	67.1906
4685798	30.5626	67.3547
4691167	30.5626	67.4752
4695108	30.5626	67.5627
4697972	30.5626	67.5881
4698803	30.5626	67.6397
4700490	30.5626	67.691
4702169	30.5626	68.0151
4712775	30.5626	68.0361
4713461	30.5626	68.0931
4715327	30.5626	68.1097
4715869	30.5626	68.2563
4720667	30.5626	68.3844
4724857	30.5626	68.4005
4725386	30.5626	68.4605
4727348	30.5626	68.61
4732240	30.5626	68.9384
4742984	30.5626	69.0264
4745865	30.5626	69.0704
4747305	30.5626	69.073
4747389	30.5626	69.0983
4748218	30.5626	69.2701
4753837	30.5626	69.2869
4754387	30.5626	69.3007
4754838	30.5626	69.321
4755503	30.5626	69.3304
4755812	30.5626	69.5431
4762769	30.5626	69.5914
4764351	30.5626	69.6582
4766536	30.5626	69.8066
4771391	30.5626	69.882
4773859	30.5626	69.9289
4775392	30.5626	69.9383
4775702	30.5626	69.9476
4776006	30.5626	69.9916
4777445	30.5626	69.9917
4777447	30.5626	69.995
4777556	30.5626	70.1882
4783877	30.5626	70.2128
4784683	30.5626	70.2626
4786311	30.5626	70.2911
4787243	30.5626	70.307
4787764	30.5626	70.4529
4792538	30.5626	70.4716
4793152	30.5626	70.4935
4793868	30.5626	70.592
4797091	30.5626	70.6191
4797975	30.5626	70.7272
4801515	30.5626	70.7939
4803697	30.5626	70.8558
4805723	30.5626	70.8938
4806966	30.5626	70.9243
4807962	30.5626	70.9677
4809384	30.5626	71.0253
4811268	30.5626	71.119
4814332	30.5626	71.2661
4819147	30.5626	71.3153
4820755	30.5626	71.3726
4822630	30.5626	71.4408
4824864	30.5626	71.5539
4828564	30.5626	71.5794
4829397	30.5626	71.6008
4830098	30.5626	71.6059
4830265	30.5626	71.6263
4830931	30.5626	71.7125
4833752	30.5626	71.7662
4835508	30.5626	71.8573
4838489	30.5626	71.9232
4840646	30.5626	71.9734
4842290	30.5626	72.025
4843978	30.5626	72.3411
4854320	30.5626	72.3454
4854460	30.5626	72.4147
4856727	30.5626	72.4497
4857873	30.5626	72.4675
4858455	30.5626	72.4747
4858693	30.5626	72.69
4865735	30.5626	73.2304
4883418	30.5626	73.3519
4887394	30.5626	73.3931
4888740	30.5626	73.6086
4895792	30.5626	73.7163
4899316	30.5626	73.8907
4905021	30.5626	73.9795
4907927	30.5626	74.0833
4911323	30.5626	74.2294
4916105	30.5626	74.2433
4916559	30.5626	74.2533
4916886	30.5626	74.299
4918382	30.5626	74.3677
4920629	30.5626	74.4045
4921835	30.5626	74.4132
4922119	30.5626	74.4751
4924145	30.5626	74.5152
4925455	30.5626	74.5314
4925986	30.5626	74.5619
4926983	30.5626	74.5722
4927322	30.5626	74.6129
4928652	30.5626	74.6246
4929034	30.5626	74.7193
4932134	30.5626	74.9161
4938575	30.5626	74.983
4940764	30.5626	75.1402
4945905	30.5626	75.2234
4948628	30.5626	75.3034
4951246	30.5626	75.3112
4951501	30.5626	75.3862
4953954	30.5626	75.7273
4965116	30.5626	75.7848
4966997	30.5626	75.8153
4967996	30.5626	75.824
4968281	30.5626	75.8271
4968381	30.5626	75.8503
4969139	30.5626	75.8842
4970248	30.5626	75.9437
4972195	30.5626	75.9697
4973048	30.5626	75.984
4973516	30.5626	76.0255
4974872	30.5626	76.1026
4977395	30.5626	76.274
4983004	30.5626	76.6436
