model id gen NNin NNout NIin NIout IIin IIout
neutral_neutral 0072 4100  9.375 9.2125 7.26667 9.52632 NA NA 
neutral_OD 0000 4100  9.58333 9.8875 8.39167 8.0375 2 7.3 
neutral_OD 0002 4100  9 9.4875 8.325 9.4625 2 9.2125 
neutral_OD 0009 4100  NA NA 9.45 9.5375 NA NA 
neutral_OD 0015 4100  10.35 9.8125 8.65 11.3375 2 9.2125 
neutral_OD 0023 4100  7.375 10.2625 10.4167 10.6625 2 8.175 
neutral_OD 0027 4100  NA NA 9.83333 8.85 2 8.7625 
neutral_OD 0034 4100  8.01667 9.4875 8.15833 9.75 NA NA 
neutral_OD 0068 4100  9.675 8.35 8.80833 9.2875 2 8.875 
neutral_OD 0069 4100  9.325 8.7625 10.1167 9.675 2 7.4 
neutral_OD 0078 4100  9.15 8.7625 9.15 8.3375 2 8.7375 
neutral_OD 0088 4100  10.05 8.875 11.275 10.1875 NA NA 
neutral_OD 0091 4100  8.83333 8.1 9.89167 9.575 2 6.6 
neutral_OD 0000 4500  9.00833 10.075 9.75 8.525 2.15 8.925 
neutral_OD 0002 4500  9.45833 10.0875 11.9083 9.2625 2 8.6 
neutral_OD 0009 4500  NA NA NA NA 2.26667 10.2625 
neutral_OD 0015 4500  7.75833 9.2875 9.73333 10.1125 2.35 10.725 
neutral_OD 0023 4500  9.73333 10.9625 11.6917 9.1875 2 9.25 
neutral_OD 0027 4500  8.68333 7.75 10.5417 8.575 2.2 8.1125 
neutral_OD 0034 4500  9.43333 7.675 10.05 9.95 2 8.1 
neutral_OD 0068 4500  8.71667 9.6 9.46667 9.0375 2.05833 8.9625 
neutral_OD 0069 4500  10.125 10.325 9.46667 10.0375 2.01667 9.4375 
neutral_OD 0078 4500  8.36667 7.225 11.0417 8.9875 2.54167 9.15 
neutral_OD 0088 4500  NA NA 12.2917 9.6 2.20833 8.7375 
neutral_OD 0091 4500  8.15833 7.8 11.0083 8.4375 2.79167 7.7 
neutral_OD 0000 5000  8.08333 9.5625 11.1833 10.7125 2.51667 10.325 
neutral_OD 0002 5000  7.075 9.6875 13.15 11.0375 2.54167 9.0375 
neutral_OD 0009 5000  7.6 10.325 NA NA 3.15833 11.1375 
neutral_OD 0015 5000  NA NA NA NA 2.55833 9.3875 
neutral_OD 0023 5000  NA NA 12.5333 10.075 2.23333 7.825 
neutral_OD 0027 5000  8.25833 7.4875 NA NA 2.19167 8.1125 
neutral_OD 0034 5000  9.19167 10.125 11.05 9.6 2.4 10.825 
neutral_OD 0068 5000  NA NA 11.9417 9.05 3.68333 7.6625 
neutral_OD 0069 5000  7.81667 9.075 11.6667 9.1625 3.36667 9.325 
neutral_OD 0078 5000  8.10833 8.55 12.6417 9.8375 2.36667 7 
neutral_OD 0088 5000  9.40833 11.225 13.7083 10.7625 2.35 8.275 
neutral_OD 0091 5000  8.575 9.2625 11.8667 9.7625 2.51667 10.0375 
neutral_OD 0000 6000  7.875 8.2 NA NA 3.09167 7.2875 
neutral_OD 0002 6000  7.825 10.925 NA NA 2.625 10.5375 
neutral_OD 0009 6000  7.88333 10.6625 NA NA NA NA 
neutral_OD 0015 6000  NA NA 12.8333 9.475 NA NA 
neutral_OD 0023 6000  8.05833 8.85 14.5667 8.3375 3.15833 7.95 
neutral_OD 0027 6000  7.00833 9.5625 NA NA 3.61667 8.875 
neutral_OD 0034 6000  7.00833 10.85 13.7 9.3875 2.49167 9.8625 
neutral_OD 0068 6000  7.65833 9.675 NA NA 2.98333 9.525 
neutral_OD 0069 6000  NA NA NA NA 2.99167 8.975 
neutral_OD 0078 6000  NA NA 14 8.55 2.95833 7.0625 
neutral_OD 0088 6000  7.375 11.3 14.1333 10.525 2.68333 10 
neutral_OD 0091 6000  7.95 8.0125 13.9 9.95 2.08333 9.675 
neutral_OD 0000 8000  7.73333 9.7625 15.3333 8.575 NA NA 
neutral_OD 0002 8000  NA NA NA NA NA NA 
neutral_OD 0009 8000  10.3083 9.475 NA NA 4.25833 9.2875 
neutral_OD 0015 8000  8.54167 9.45 NA NA 3.06667 10.55 
neutral_OD 0023 8000  NA NA 16.1917 12.775 3.25833 9.075 
neutral_OD 0027 8000  8.075 9.5125 NA NA 2.86667 8.825 
neutral_OD 0034 8000  8.33333 9.1125 15.2833 10.6875 2.13333 9.05 
neutral_OD 0068 8000  NA NA NA NA NA NA 
neutral_OD 0069 8000  NA NA NA NA 3.33333 9.5625 
neutral_OD 0078 8000  NA NA NA NA NA NA 
neutral_OD 0088 8000  6.45 9.775 NA NA 3.2 9.6875 
neutral_OD 0091 8000  10.4 10.3625 15.0667 9.7875 2.98333 8.05 
neutral_FD 0003 4100  8.65 9.075 9.23333 8.825 2.725 5.5125 
neutral_FD 0014 4100  9.275 7.9375 10.7 9.7 2 7.525 
neutral_FD 0017 4100  NA NA NA NA 2 8.6 
neutral_FD 0027 4100  8.99167 9.325 9.75 8.8375 2.6 8.2625 
neutral_FD 0031 4100  9.84167 9.125 8.25833 8.9125 2 7.75 
neutral_FD 0034 4100  9.50833 9.8 10.2583 8.5875 NA NA 
neutral_FD 0036 4100  8.54167 8.7625 9.59167 9.475 2 8.95 
neutral_FD 0041 4100  NA NA NA NA 2 6.35 
neutral_FD 0042 4100  10.5417 7.425 NA NA 2 7.8625 
neutral_FD 0044 4100  9.75833 10.5125 10.8083 10.575 NA NA 
neutral_FD 0045 4100  8.75 8.775 9.375 6.975 2 8.2125 
neutral_FD 0055 4100  8.96667 8.5125 10.0583 9.025 2 7.4125 
neutral_FD 0057 4100  7.475 9.0375 8.96667 9.125 2 10.3375 
neutral_FD 0060 4100  8.75833 8.575 9.35833 8.8375 2 6.15 
neutral_FD 0077 4100  8.675 9.2625 9.14167 10.5375 2 8.18333 
neutral_FD 0084 4100  7.625 10.2625 10.6083 8.9875 2 6.7 
neutral_FD 0090 4100  9.04167 7.8125 9.83333 8.675 2 8.225 
neutral_FD 0095 4100  8.69167 8.075 8.2 9.5625 2 6.85 
neutral_FD 0003 4500  9.21667 7.45 10.275 8.425 2 7.95 
neutral_FD 0014 4500  9.56667 8.9 11.25 9.2125 2.00833 8.9375 
neutral_FD 0017 4500  9.45833 10.6875 11.75 10.775 2 8.25 
neutral_FD 0027 4500  8.8 9.775 10.3833 9.725 2.08333 8.1875 
neutral_FD 0031 4500  9.33333 7.8625 11.0667 8.85 2 8.5 
neutral_FD 0034 4500  11.2083 8.1125 10.8167 10.2625 2.03333 7.1125 
neutral_FD 0036 4500  8.45 9.45 10.8667 9.2375 2.175 9.0875 
neutral_FD 0041 4500  NA NA 10.3917 9.0875 2 7.9625 
neutral_FD 0042 4500  11.1833 8.9875 10.5917 8.4125 2.06667 7.06667 
neutral_FD 0044 4500  8.775 9.7625 11.7333 11.0125 2 8.9625 
neutral_FD 0045 4500  7.975 10.65 9.66667 8.9625 2 9.1375 
neutral_FD 0055 4500  7.36667 7.95 10.7167 11.3125 2.15833 8.9 
neutral_FD 0057 4500  NA NA 11.4083 9.825 2 8.575 
neutral_FD 0060 4500  8.975 8.2625 11.775 9.0125 2.01667 7.775 
neutral_FD 0077 4500  10.6083 9.1375 11.6667 10.3625 2 7.25 
neutral_FD 0084 4500  7.78333 10.0375 10.8833 10.05 2 8.175 
neutral_FD 0090 4500  9.15833 8.8375 10.4833 8.875 2.05 8.225 
neutral_FD 0095 4500  7.45833 8.4 9.93333 8.5875 2 8.075 
neutral_FD 0003 5000  8.35 9.8 11.375 9.975 2 9.1875 
neutral_FD 0014 5000  9.325 8.725 12.8333 9.6125 2 9.7 
neutral_FD 0027 5000  8.78333 8.975 13.05 8.65 2 7.2 
neutral_FD 0031 5000  7.95833 9.3375 12.8833 9.9125 2 9.4125 
neutral_FD 0034 5000  9.25 9.9125 12.675 8.9625 2.49167 9.175 
neutral_FD 0036 5000  9.825 11.8375 12.7417 10.65 2.08333 9.325 
neutral_FD 0041 5000  10.9667 10.25 12.4083 10.2125 2.1 8.2625 
neutral_FD 0042 5000  9.26667 8.1625 12.4333 8.3625 2.01667 8.75 
neutral_FD 0044 5000  8.075 10.625 NA NA 2 8.9 
neutral_FD 0045 5000  8.46667 11.1375 11.625 11.2875 2 7.05 
neutral_FD 0055 5000  NA NA NA NA NA NA 
neutral_FD 0057 5000  8.69167 11.3 11.7667 9.925 2.35833 8.4 
neutral_FD 0060 5000  9.55833 9.375 13.3583 9.975 2 7.5 
neutral_FD 0077 5000  8.675 9.5625 12.3083 10.8 2.05 9.475 
neutral_FD 0084 5000  7.575 8.7125 11.9667 10.7125 2.08333 9.4875 
neutral_FD 0090 5000  8.21667 9.6875 11.3417 9.525 2.03333 10.3 
neutral_FD 0095 5000  6.64167 10.425 11.9667 8.7 3.1 9.9 
neutral_FD 0003 6000  8.84167 8.8875 13.6917 7.725 2.20833 9.3125 
neutral_FD 0014 6000  NA NA 14.4167 9.475 2.25833 6.825 
neutral_FD 0027 6000  7.89167 9.925 13.7167 11.4 2.05833 9.7625 
neutral_FD 0031 6000  9.525 9.3875 14.075 9.425 2 6.65 
neutral_FD 0034 6000  8.675 10.225 NA NA 2 8.425 
neutral_FD 0036 6000  NA NA NA NA 2.425 8.3875 
neutral_FD 0041 6000  7.45833 9.4125 14.0167 7.475 2.4 8.0375 
neutral_FD 0042 6000  7.575 8.4875 13.6833 11.55 2 10.025 
neutral_FD 0044 6000  9.625 9.5625 14.5667 10.3625 2.20833 9.55 
neutral_FD 0045 6000  7.83333 10.1625 NA NA 2 8.3375 
neutral_FD 0055 6000  9.25833 9.1125 13.8667 8.7 2.60833 8.375 
neutral_FD 0057 6000  8.18333 9.5625 14.225 11.4 2 9.2 
neutral_FD 0060 6000  9.175 9.25 14.5167 9.275 2 8.1125 
neutral_FD 0077 6000  9.775 10.3375 13.9333 8.5375 2 8.7625 
neutral_FD 0084 6000  7.94167 9.4875 14.675 9.7375 2.1 10.15 
neutral_FD 0090 6000  7.025 9.0375 NA NA 2.39167 7.725 
neutral_FD 0095 6000  NA NA 13.7917 10.975 NA NA 
neutral_FD 0003 8000  8.66667 9.6375 15.0667 10.7625 2.04167 10.0125 
neutral_FD 0014 8000  7.925 7.8625 16.55 9.6 2.13333 9.3375 
neutral_FD 0027 8000  NA NA 15.6 10.6875 2.55833 7.3125 
neutral_FD 0031 8000  9.31667 9.6625 16.125 10.1375 2 9.025 
neutral_FD 0034 8000  NA NA NA NA 2.05833 9.9875 
neutral_FD 0036 8000  NA NA NA NA 2.05 10.45 
neutral_FD 0041 8000  7.74167 7.425 15.2917 9.7375 2.01667 7.75 
neutral_FD 0042 8000  10.025 11.1375 NA NA 2.15833 9.6125 
neutral_FD 0044 8000  9.54167 10.175 15.7083 10.325 2.05 9.3375 
neutral_FD 0045 8000  9.08333 10.3 NA NA 2 7.6625 
neutral_FD 0055 8000  9.03333 10.375 15.7917 8.3875 2.16667 8.0375 
neutral_FD 0057 8000  9.95 10.625 16.4833 9.6625 2 8.7625 
neutral_FD 0060 8000  9.09167 9.35 NA NA 2.05 10.175 
neutral_FD 0077 8000  7.325 7.35 16.125 11.8875 2 6.25 
neutral_FD 0084 8000  8.525 9.325 16.2583 10.825 2 8.5125 
neutral_FD 0090 8000  9.4 9.2 15.3083 9.725 2.175 9.3125 
neutral_FD 0095 8000  7.90833 10.375 NA NA 2.26667 7.8875 
mixed_neutral 0001 4100  8.50833 9.05 8.13333 6.725 2 7.4 
mixed_neutral 0064 4100  7.90833 6.2 7.25 6.425 NA 6.9 
mixed_neutral 0078 4100  7.49167 7.9 6.68333 9.275 2 7.85 
mixed_OD 0003 4100  7.74167 7.725 7.175 8.35 2 5.875 
mixed_OD 0005 4100  NA NA NA NA 2 5.8 
mixed_OD 0009 4100  7.88333 8.0625 7.3 8.5375 2 7.5125 
mixed_OD 0023 4100  7.48333 9.7125 NA NA 2.5 8.95 
mixed_OD 0050 4100  8.525 7.9375 9.35833 8.5625 2 6.7875 
mixed_OD 0055 4100  7.575 9.1 9.75 8.175 NA NA 
mixed_OD 0064 4100  6.99167 8.0875 6.125 8.5875 NA NA 
mixed_OD 0074 4100  6.39167 7.6375 7.84167 7.5125 2 4.8 
mixed_OD 0090 4100  6.25 7.9875 8.23333 8.3125 2 6.55 
mixed_OD 0003 4500  6.9 7.875 9.4 8.225 2.23333 6.975 
mixed_OD 0005 4500  5.3 6.3875 NA NA 2.23333 5.18334 
mixed_OD 0009 4500  7.21667 9.0625 8.04167 8.9 2.31667 8.5875 
mixed_OD 0023 4500  7.10833 8.35 8.38333 8.9875 2.25833 6.825 
mixed_OD 0050 4500  7.925 8.4875 11.0583 7.6875 2.1 7.2125 
mixed_OD 0064 4500  8.025 7.425 7.75 8.9 2.425 8.425 
mixed_OD 0074 4500  6.65 7.5875 8.59167 7.9375 2.1 7.6375 
mixed_OD 0090 4500  7 9.275 9.575 8.1375 2 8.6125 
mixed_OD 0003 5000  6.28333 8.4125 11.1417 8.375 2.2 5.675 
mixed_OD 0009 5000  7.16667 8.3125 10.2167 8.3 NA NA 
mixed_OD 0023 5000  5.975 9.075 10.375 8.125 2.75833 7.175 
mixed_OD 0050 5000  NA NA 11.2583 9.1 2 9.1625 
mixed_OD 0064 5000  6.80833 7.4625 12.4583 7.6625 2.34167 7.1875 
mixed_OD 0074 5000  8.91667 9.175 11.5083 6.8125 2.63333 8.8875 
mixed_OD 0090 5000  6.10833 9.6625 10.2667 10.925 2 9.4125 
mixed_OD 0023 6000  6.55833 7.4 NA NA 2.90833 7.0625 
mixed_OD 0050 6000  NA NA NA NA NA NA 
mixed_OD 0064 6000  6.8 6.9 12.575 9.3625 2.14167 6.4 
mixed_OD 0074 6000  7.15833 8.725 13.2 9.45 2.275 8.475 
mixed_OD 0090 6000  6.76667 8.775 13.1917 9.25 2.24167 8.6 
mixed_OD 0023 8000  5.725 8.575 14.9083 8.225 2.84167 9.4625 
mixed_OD 0064 8000  5.85 7.975 15.1917 8.925 2.78333 8 
mixed_OD 0074 8000  5.14167 7.3625 15.5417 8.8625 2.23333 6.7625 
mixed_FD 0003 4100  7.725 7.0375 7.83333 7.5125 2 6.95 
mixed_FD 0007 4100  7.83333 7.7 9.5 7.3875 2 6.625 
mixed_FD 0009 4100  7.41667 8.3125 6.6 9.6125 2 6.825 
mixed_FD 0011 4100  NA NA NA NA 2 6.45 
mixed_FD 0014 4100  7.425 7.525 8.69167 7.25 2 4.6 
mixed_FD 0023 4100  6.5 7.5375 7.49167 7.95 2 6.85 
mixed_FD 0029 4100  6.85 7.5625 7.875 7.925 2 8.1125 
mixed_FD 0040 4100  8.54167 6.65 NA NA 2 7.65 
mixed_FD 0046 4100  8.40833 8.375 7.58333 7.5375 2 7.4 
mixed_FD 0047 4100  6.85 7.3875 9.48333 7.8875 2 5.875 
mixed_FD 0058 4100  NA NA NA NA 2 7.475 
mixed_FD 0065 4100  NA NA NA NA 2 5.725 
mixed_FD 0071 4100  6.225 9.0875 7.71667 9.1375 2 6.4 
mixed_FD 0075 4100  8.15 7.1125 9.55833 7.2875 NA NA 
mixed_FD 0083 4100  6.925 7.25 NA NA 2 7.8 
mixed_FD 0087 4100  7.39167 6.975 9.03333 8.25 6.48333 8.4875 
mixed_FD 0090 4100  5.8 8.175 7.60833 7.675 2 6.6875 
mixed_FD 0003 4500  7.51667 7.6375 9.05833 8.2375 2 7.7 
mixed_FD 0007 4500  7.03333 7.7875 10.3833 7.6 2 7.2375 
mixed_FD 0009 4500  6.69167 8.325 9.58333 7.175 2.125 8.175 
mixed_FD 0011 4500  NA NA NA NA 2 7.675 
mixed_FD 0014 4500  6.675 7.8375 9.875 6.7625 2 5.925 
mixed_FD 0023 4500  7.59167 6.6875 9.35833 7.575 2.125 7.2875 
mixed_FD 0029 4500  7.78333 7.125 10.8167 7.9125 2 7.5125 
mixed_FD 0040 4500  NA NA NA NA 2 8.1125 
mixed_FD 0046 4500  8.71667 8.8125 9.525 8.6625 2.10833 7.35 
mixed_FD 0047 4500  9.08333 7.225 9.49167 6.05 2 8.1 
mixed_FD 0058 4500  NA NA NA NA NA NA 
mixed_FD 0065 4500  NA NA NA NA 2.08333 6.225 
mixed_FD 0071 4500  7.13333 6.8 10 7.925 2 4.31579 
mixed_FD 0083 4500  5.575 7.3125 9.35 7.95 2 8.0125 
mixed_FD 0087 4500  7.85 7.725 10.05 8.0375 2 7.1375 
mixed_FD 0090 4500  6.625 7.8875 8.51667 8.7625 2 5.65 
mixed_FD 0003 5000  7.59167 7.275 11.5417 8.1625 2 7.175 
mixed_FD 0009 5000  6.91667 8.7875 10.9833 8.6125 2.19167 7.2375 
mixed_FD 0011 5000  NA NA NA NA 2 6.7125 
mixed_FD 0014 5000  NA NA 10.9083 7.9875 2.26667 8 
mixed_FD 0023 5000  7.475 6.925 9.86667 6.1625 2 7.2125 
mixed_FD 0029 5000  NA NA 10.5 8.4875 2 6.9375 
mixed_FD 0040 5000  NA NA NA NA 2 7.3375 
mixed_FD 0046 5000  7.65833 6.4375 9.64167 8.2625 2 7.4625 
mixed_FD 0071 5000  7.8 7.8375 11.6833 6.8 2 7.6 
mixed_FD 0083 5000  7.51667 7.5375 10.0917 7.8625 2.425 7.9625 
mixed_FD 0087 5000  8.225 8.5 11.4583 7.6375 NA NA 
mixed_FD 0090 5000  7.41667 9.8 10.6333 8.5375 2 8.025 
mixed_FD 0003 6000  9.15833 7.85 NA NA 2 6.2 
mixed_FD 0009 6000  7.08333 7.3375 12.725 8.35 NA NA 
mixed_FD 0029 6000  7.14167 6.7375 NA NA 2 8.2875 
mixed_FD 0040 6000  7.225 9.0875 NA NA 2.14167 8.775 
mixed_FD 0083 6000  6.8 5.2375 12.0667 7.925 2 8.51316 
mixed_FD 0090 6000  7.33333 9.2 12.1917 9.275 2.05 8.975 
mixed_FD 0083 8000  8.175 9.075 13.35 9.9875 2 8.64474 
deleterious_neutral 0003 4100  2 2.23684 2 2.17105 NA NA 
deleterious_neutral 0005 4100  2 2.225 2 2 2 2 
deleterious_neutral 0021 4100  2 2 2 2 NA NA 
deleterious_neutral 0029 4100  2 2.4375 2 2.225 2 2 
deleterious_neutral 0036 4100  2 2.225 2 2 NA NA 
deleterious_OD 0002 4100  2 2 2 2.25 NA NA 
deleterious_OD 0004 4100  2 2 2 2 NA NA 
deleterious_OD 0005 4100  2 2 2 2 2 3.05882 
deleterious_OD 0013 4100  2 2 2 2 NA NA 
deleterious_OD 0041 4100  2 2.25 2 2 2 2 
deleterious_OD 0060 4100  2 2 2.05 2 NA NA 
deleterious_OD 0062 4100  2 2 2 2 2 2 
deleterious_OD 0069 4100  2 2 2 2 2 2.225 
deleterious_OD 0070 4100  2 2.23684 2 2 2 2 
deleterious_OD 0082 4100  2 2 2 2.23684 2 2 
deleterious_OD 0099 4100  2 2.23684 2 2.225 2 2 
deleterious_OD 0041 4500  2 2.225 2 2 2 2 
deleterious_OD 0070 4500  2 2 2 2.225 2 2.28125 
deleterious_OD 0099 4500  2 2 2 2.225 NA NA 
deleterious_OD 0041 5000  2 2.25 2 2.23684 2 2 
deleterious_FD 0002 4100  2 2 2 2 2 2 
deleterious_FD 0004 4100  2 2 2 2 2 2 
deleterious_FD 0013 4100  2 2.25 2 2 2 2 
deleterious_FD 0019 4100  2 2 2 2.225 2 2 
deleterious_FD 0023 4100  2 2.225 2 2 2 2 
deleterious_FD 0030 4100  2 2 2 2 2 2.5 
deleterious_FD 0042 4100  2 2.3375 2 2 2 2.0625 
deleterious_FD 0047 4100  2 2.23684 2.14167 2.21053 2 2 
deleterious_FD 0053 4100  2 2 2 2.01389 2 2 
deleterious_FD 0061 4100  2 2 2 2 NA NA 
deleterious_FD 0069 4100  2 2 2 2 2 2.2375 
deleterious_FD 0085 4100  2 2 2 2.2625 NA NA 
deleterious_FD 0087 4100  2 2 2 2 NA NA 
deleterious_FD 0090 4100  2 2 2 2 NA NA 
deleterious_FD 0094 4100  2 2.23684 2 2 2 2.31373 
deleterious_FD 0004 4500  2 2.225 2 2.25 NA NA 
deleterious_FD 0013 4500  2 2 2.19167 2 2 2 
deleterious_FD 0019 4500  2 2 2 2 2 2 
deleterious_FD 0042 4500  2 2 2 2 NA NA 
