chr pos posright MDS1 MDS2 MDS3
chr_20 43 14758 -0.0585889981621542 -0.0367870101379097 -0.0238915903832382
chr_20 14759 31381 -0.226199763762671 -0.00290509063613606 -0.0844880062195366
chr_20 31416 48779 -0.445321769097356 -0.00638400905551051 -0.206472688159289
chr_20 48780 71158 -0.604362967367332 0.0361292882584632 -0.291254864424723
chr_20 71168 91000 -0.638199119328938 0.044492030467418 -0.307623124230521
chr_20 91033 107931 -0.710430990482671 0.038677679837133 -0.340736995196571
chr_20 107955 126748 -0.649755646943364 0.0284590294182965 -0.357320794767478
chr_20 126753 143788 -0.391221029843996 0.00401831750984228 -0.169142962074758
chr_20 143809 163661 -0.589329822931049 0.0136909486524977 -0.315038730335556
chr_20 163715 179929 -0.553953957661035 0.01635046105929 -0.190991384375626
chr_20 179946 196483 -0.611103694086799 0.0447762992102659 0.162421950062831
chr_20 196488 212649 -0.522497605455482 0.0589045996154353 0.349799496883841
chr_20 212651 229538 -0.585999092822297 0.0430355915728382 0.246166925927606
chr_20 229543 246814 -0.589135830372192 0.0567634438448944 0.37038567539269
chr_20 246818 264250 -0.595063212953747 0.0574169267722905 0.39401518960398
chr_20 264253 283547 -0.447800552548342 0.0301122395132004 0.309613831779862
chr_20 283551 299709 -0.443043731529606 0.0121531060600765 0.186587147560599
chr_20 299743 315126 -0.356764759289381 -0.0087458683377255 0.127885061101123
chr_20 315130 331288 -0.314373411023171 -0.0243589764261562 0.130166357057218
chr_20 331289 346974 -0.337251772254198 -0.0169354011321601 0.118098585866216
chr_20 347005 362196 -0.251094949539396 -0.0108140975946804 0.114952183572135
chr_20 362204 376995 -0.134079186566539 -0.0482296114863148 0.100847888423477
chr_20 376997 391251 -0.126717602142177 -0.0432829812356394 0.0396679392554233
chr_20 391271 405360 -0.0579096310653367 0.00323979561450761 0.041320466376664
chr_20 405377 420940 -0.159755680841105 -0.0320584826433018 0.0612532096717926
chr_20 420941 435900 -0.212352939354398 -0.0224025748886088 0.0558830191400798
chr_20 435904 453423 -0.0867102540762932 -0.0356439668308279 0.0532943382613799
chr_20 453424 468558 -0.0526904315356592 -0.0463671322090513 0.0396911122599336
chr_20 468565 484549 -0.0687236012374381 -0.0473134049643185 0.0500620739686966
chr_20 484573 500015 -0.020005862144853 -0.0521156692216345 0.0161903366574827
chr_20 500020 515248 -0.0362836550516841 -0.0577632056710942 0.015404818536775
chr_20 515271 531280 -0.0170482547708631 -0.05565300704427 -0.0173014737444008
chr_20 531295 543325 -0.0163287340915398 -0.060691141828038 -0.0095193230868654
chr_20 543343 556458 -0.0138663284761873 -0.0522080503193464 -0.0175264258580348
chr_20 556460 568969 -0.001955375358944 -0.0460281470036138 0.00234403605338325
chr_20 568971 581641 0.00273560433574994 -0.0508389217542851 0.00120826010804288
chr_20 581642 594331 0.00342121042474536 -0.0511676857140428 -0.00222773049592959
chr_20 594345 607398 0.00109906357701814 -0.052094127425183 0.00347482408654968
chr_20 607406 619559 0.00555532982628572 -0.0467718359486828 0.000201889925200783
chr_20 619567 631609 0.00792744641701318 -0.0406349017551505 -0.00117766242922715
chr_20 631626 642049 -0.0140743975803157 -0.0496076086908924 -0.0256353934368065
chr_20 642050 653911 -0.0173671274453064 -0.0406029362096892 -0.0227790644444947
chr_20 653913 665818 -0.000653326652350896 -0.0250520978543095 -0.0131400657350887
chr_20 665843 676425 -0.0122531392162256 -0.0202218464150233 0.00345787199087636
chr_20 676456 688766 -0.00681995387200859 -0.0475352189444085 -0.00094868574190589
chr_20 688768 700095 0.00159242011297234 -0.0313978588719044 -0.000720927981580465
chr_20 700111 710623 0.00379307986157157 -0.0516807257132192 -0.00409565083987454
chr_20 710642 727984 0.00982309455958647 -0.0128641975723071 -0.0112823325398593
chr_20 727987 741654 -0.0081691030564231 0.0105273504065928 -0.00631569060597488
chr_20 741658 751904 0.0117396591866937 0.012294210647569 -0.00413210897042765
chr_20 751907 761786 0.00154838325620341 -0.0587399041248106 -0.0100052593751979
chr_20 761787 771381 0.0026361434013623 -0.0590255001977298 0.000173439288561109
chr_20 771389 780607 0.00727036427318713 -0.0480714393586724 0.00214803774613385
chr_20 780615 788819 0.00522891256529224 -0.052866904619526 -0.00885590842769849
chr_20 788830 798397 0.00721975336925642 0.00679913226076936 -0.00221065132594793
chr_20 798402 806854 0.00941389474598174 -0.0413694096239988 -0.000863033324497318
chr_20 806855 816137 0.014631371423078 -0.0349709598200069 -0.00235290082022813
chr_20 816139 825703 0.00727155925245612 -0.0640650794749334 0.011341204467701
chr_20 825708 835244 0.00345666822791727 -0.0674991026615917 0.0087429324502595
chr_20 835252 844491 -0.00137440006509364 -0.0543886984851525 -0.00387512315142016
chr_20 844513 853319 -0.00961779552622242 -0.0656206909066662 0.00575161291217856
chr_20 853324 861945 0.000644784338529802 -0.00398502953930675 -0.00163799334227627
chr_20 861946 869924 0.0127324298336845 0.029276646611867 0.00364761492952014
chr_20 869928 878109 -0.0055178169922376 -0.00276128564586072 -0.0127139216302239
chr_20 878116 886021 -0.00385137236291993 -0.0406361221332052 -0.00447078634104362
chr_20 886023 895067 -0.00816387187459303 -0.0474069994512325 0.00108342996581047
chr_20 895073 904218 -0.0026259310109365 -0.0462983548029781 -0.00884031268605397
chr_20 904223 913143 -0.00178358735735349 -0.0260662895659342 -0.0018118816079296
chr_20 913149 924766 -0.00119874803473593 -0.0392925278811026 -0.0166082994131229
chr_20 924782 935041 0.00106855469042489 -0.0458131966252677 -0.00130675914816603
chr_20 935042 946158 0.00818323479489705 -0.0400451437122389 -0.00907922975241391
chr_20 946167 956182 0.00522212239312405 -0.0351253910932596 -0.0013422209246892
chr_20 956199 966142 0.00968266051336563 -0.0154748607408779 -0.00813279165076372
chr_20 966144 975355 0.00113927973544258 -0.0469569219287096 -0.0067326658119809
chr_20 975359 983891 0.00761497782354047 -0.00908423994413338 0.00675959323769479
chr_20 983892 993874 0.0168654603209719 -0.000160961524126446 0.000295107814325277
chr_20 993882 1003006 0.0217590275200336 0.0292832312544868 -0.00235235870001017
chr_20 1003008 1012972 0.0127094313170966 -0.0351176750107484 -0.00507025539742885
chr_20 1012974 1022656 0.00971422798271531 -0.00599024484146363 0.00329875114013006
chr_20 1022659 1031401 0.0042933082860888 -0.0416474113571902 -0.0010227157982029
chr_20 1031411 1041372 0.00823441528303363 -0.0485735600124947 -0.0136214605525888
chr_20 1041380 1050048 0.0114163496222161 -0.0520153558340891 -0.00493300949331291
chr_20 1050053 1058617 0.0153082136784315 -0.00802641793642057 -0.00835301581636758
chr_20 1058623 1068534 0.010638866422616 -0.0108072557375482 -0.00357791988980055
chr_20 1068535 1077337 0.0103893726490756 -0.0100600848730003 -0.00852422787682708
chr_20 1077342 1087102 0.0128172226718142 -0.00103555282757615 -0.00289727593129336
chr_20 1087127 1095621 0.0115394941515035 -0.018220361374139 -0.00458300441927405
chr_20 1095622 1103649 0.0111361804790009 0.000991161277065652 0.00347757980772982
chr_20 1103659 1112663 -0.000325917194522745 -0.0152102701138941 -0.0116604988952689
chr_20 1112691 1121744 0.0178557765184264 0.0275354900810656 0.00218334982955285
chr_20 1121750 1130843 0.0111821046754567 0.00737435752948334 -0.012714250522959
chr_20 1130856 1139548 0.0216802291023522 -0.000345260612569355 -0.00111219953455414
chr_20 1139550 1148353 -0.001250977741688 -0.00782914942563084 -0.00568601310532391
chr_20 1148362 1156500 0.0117068110593652 -0.0171865690691852 -0.00957990874850435
chr_20 1156501 1166723 0.00920717474164783 -0.0203419661452891 -0.0123681562641756
chr_20 1166730 1175218 -0.000407978299484692 -0.0177090437199316 -0.0236426945334888
chr_20 1175223 1183927 0.0121546411292485 -0.0318106796833948 -0.0093155651749833
chr_20 1183991 1192528 0.00241698842006607 -0.021623849201085 0.0102573140366117
chr_20 1192531 1201180 0.00828715509926506 -0.0447308551815014 0.00453964076453936
chr_20 1201191 1209256 0.00920608202489577 -0.0466675857378133 -0.00682295459782654
chr_20 1209276 1219329 0.0148670007956868 0.0217700296289294 0.00484576557670793
chr_20 1219335 1227909 0.00621770022286303 -0.0161084657529201 -0.00378382569574708
chr_20 1227914 1236131 0.017905156615856 -0.00857886733974553 0.00305962876590436
chr_20 1236135 1243967 0.0238002668997885 0.0398006917334323 0.00274294360368068
chr_20 1243969 1251644 0.00923210105870769 -0.0119487276351038 -0.00322231380324594
chr_20 1251647 1259593 -0.0076529621362318 -0.0367757824496208 0.0135194294665731
chr_20 1259602 1269299 0.0112619287201238 -0.0316664021973172 -0.00246886016085988
chr_20 1269303 1279796 0.0145979492442415 -0.0186588328446594 -0.00495166312564462
chr_20 1279797 1289531 0.00884787227241994 -0.0206410829165922 -0.0190846891116467
chr_20 1289533 1299355 0.00960924487082339 0.0387652688474309 0.0153618096362371
chr_20 1299358 1308761 0.0126534321115348 -0.0262531233372533 -0.00861042137298262
chr_20 1308776 1318329 0.0118504377809549 -0.0390399587183598 -0.0070771474131005
chr_20 1318330 1328448 0.012013559953336 -0.0248631888013641 -0.00564939613761816
chr_20 1328451 1338345 0.00758485264508365 -0.0351502557537892 0.000919561696636287
chr_20 1338348 1348500 0.0210194386086476 0.0900942773066095 0.0129777916463084
chr_20 1348507 1358827 0.00756321942012997 -0.0231150126184015 0.003174115674445
chr_20 1358832 1368978 0.00674165336630528 -0.0153289434106672 -0.00297854029734333
chr_20 1368979 1377974 0.0011619478199145 -0.00175254710946093 0.00556556317119039
chr_20 1377982 1386912 0.00315075337279359 -0.0256628535725042 -0.00119464514041587
chr_20 1386913 1395460 0.0132063959663081 -0.022567335177037 0.00386260650889856
chr_20 1395465 1404121 0.0245807480184028 0.0648739386272242 0.00444936144314126
chr_20 1404157 1414413 0.0265644411165989 0.0564712246192718 -0.00445048983661882
chr_20 1414419 1426796 0.0110753814989186 -0.0269903456608944 0.00410049096913124
chr_20 1426799 1436222 0.010340834146749 0.0737508588188565 0.0322225840122493
chr_20 1436224 1445632 0.0142915871440761 0.046795531389989 0.014585550539313
chr_20 1445636 1455934 0.0165881807810107 0.0627484330033593 0.0172456601779975
chr_20 1455944 1467040 0.021284616995975 0.0478568347230433 0.00444632307439666
chr_20 1467041 1477172 0.0240129835329408 0.113156190535002 0.0196112979554336
chr_20 1477173 1489153 0.0256927617358251 0.120560533607181 0.025893600044076
chr_20 1489164 1501261 0.0215797986827998 0.133461547312348 0.0236827283010379
chr_20 1501262 1512390 0.0270660170718322 0.21021633952615 0.0367854962812819
chr_20 1512419 1524691 0.0296288244975734 0.182058724931789 0.0221812146807336
chr_20 1524692 1535330 0.0276513364415102 0.140547624745926 0.0165212814688158
chr_20 1535335 1544921 0.0293672528315191 0.16093064851798 0.0364704994956339
chr_20 1544922 1556258 0.0267508709253323 0.163160153674353 0.0201118020117357
chr_20 1556323 1566566 0.0340792450059033 0.212036985871326 0.027948330130637
chr_20 1566568 1577812 0.0173686491645193 0.124926184918393 0.0200445460625322
chr_20 1577822 1587906 0.0183491470915628 0.0801866287254665 0.00331512306401787
chr_20 1587934 1599820 0.0326204377805049 0.152709506855257 0.00863438443833533
chr_20 1599823 1610454 0.029558924456162 0.152186705440649 0.0119026359093927
chr_20 1610468 1620736 0.0353904238724288 0.175225845771953 0.00527260227953593
chr_20 1620737 1631133 0.0245621976606457 0.0475659835924204 -0.00280531731935291
chr_20 1631146 1641391 0.0315399176222143 0.0912384650282767 -0.00517039854412339
chr_20 1641397 1651357 0.0161448372825425 0.0297476544746721 -0.00297327994553431
chr_20 1651360 1660325 0.0120371732595517 -0.0164247766319722 -0.0104808474222722
chr_20 1660346 1670119 0.0301326182649738 0.119769532329278 -0.00642129177134334
chr_20 1670123 1680200 0.0228757341278204 0.073999697407596 0.00910860084173094
chr_20 1680208 1690509 0.0156727518801897 0.025745257735389 0.00557667532524
chr_20 1690512 1700482 0.0212468432544114 0.0639704153034141 -0.00180460471685432
chr_20 1700487 1709632 0.0118234989552572 0.00548532718169545 -0.0169314644440271
chr_20 1709636 1720116 0.00701541068989255 0.000303533043466507 0.00596907851616818
chr_20 1720129 1731089 0.00285734107434661 0.032672954204285 0.0242498239361639
chr_20 1731111 1740796 -0.00912195509038152 0.00144598491566519 7.43841966474463e-05
chr_20 1740803 1750677 0.0188895280629121 -0.0230273721671951 -3.52114859591629e-05
chr_20 1750720 1760019 0.0154951602757361 0.00928674031187262 1.40551418045202e-05
chr_20 1760026 1772457 0.0105185286274018 0.00614985510490347 0.0101732707815617
chr_20 1772458 1783167 0.0152732758467856 0.0163167773286632 -0.00551770375326995
chr_20 1783172 1792689 -0.0036816515639456 -0.0118364617841198 -0.00280322316819476
chr_20 1792690 1801777 0.0121447684627649 -0.00106368958629789 -0.0101835615757169
chr_20 1801784 1811547 0.00658834270056139 -0.012092047836838 -0.011159533567766
chr_20 1811555 1822774 0.0180929748784875 0.0629076740403817 0.0103446924799189
chr_20 1822809 1832810 0.0221595149338917 0.0531919228410904 0.00343787853454672
chr_20 1832826 1842172 0.0256563907067235 0.124308326834918 0.0125064570266087
chr_20 1842177 1851852 0.0238604613364989 0.0692172266685769 0.00227932347388409
chr_20 1851898 1861295 0.0177981528936958 0.0516055664723598 -0.00285237677856402
chr_20 1861296 1871433 0.0126262929715006 0.0548600041627106 0.00732576186741603
chr_20 1871434 1881523 0.0219619843850867 0.0467434169093821 0.0119100066245104
chr_20 1881533 1890875 0.011898042119628 0.0212352632816101 0.00939215414239844
chr_20 1890878 1900512 0.0252301644447184 0.0510675094713832 0.00352296464012034
chr_20 1900516 1911204 -0.0203395342797752 0.0211447248489002 0.00740707470522083
chr_20 1911218 1920309 0.00369296238626147 0.0624724415653189 -0.0158888895718148
chr_20 1920352 1929672 0.0151740720440883 0.0452027576214213 0.0158580947479105
chr_20 1929673 1938741 0.0174825052603705 0.0169252930648061 0.00066527677657428
chr_20 1938743 1947827 0.00741502888382489 0.0250746975647117 0.0218210262418789
chr_20 1947834 1957932 0.0162401793024076 -0.00474219568687211 -0.00518522702933233
chr_20 1957954 1968237 0.0289017835588447 0.0797448666051914 -0.00992631327473232
chr_20 1968238 1979275 0.00345513010223653 -0.0116839374364112 -0.00605437302814321
chr_20 1979277 1988403 0.0173771641149582 -0.0128162726445816 -0.00122781948249047
chr_20 1988417 1996850 0.0201754806837231 0.0241852907957337 -0.0110295624856344
chr_20 1996864 2007631 0.0084770297886945 -0.0477666436623914 0.00285529835053087
chr_20 2007637 2017175 0.0035583010338729 0.00645324264442886 0.013798958890285
chr_20 2017184 2027054 0.0140970861077785 0.00440812965385904 0.00308385662871732
chr_20 2027056 2036580 0.0180276868678438 0.0569732259347454 0.00415409653642808
chr_20 2036588 2045800 0.0231714685050574 0.00787865173062258 -0.00694322474858285
chr_20 2045801 2054713 0.0185676620982031 0.0266813067454293 -0.00657002604666094
chr_20 2054720 2064178 0.00912598816879958 0.0279000383498684 0.0157777930700118
chr_20 2064180 2073187 0.0120133956121367 -0.00745311610288177 -0.00624087888215939
chr_20 2073205 2083959 0.00395327616324079 -0.0373763821328705 -0.0006163329641801
chr_20 2083975 2093673 0.0205220789015156 -0.0101233636063807 -0.0032464469635856
chr_20 2093686 2103723 0.0105323747972714 -0.0413718206437073 -0.00255325991335082
chr_20 2103737 2113726 0.010761758156115 -0.0157243583650221 -0.0111865984253228
chr_20 2113748 2127020 0.0131198031487773 -0.00134929379792179 -0.00300291655452104
chr_20 2127024 2136135 0.00624886570863311 -0.0412882844879154 -0.0155469187833513
chr_20 2136143 2145740 0.0181712355297323 0.0342384492084449 -0.00952690266955236
chr_20 2145749 2154957 0.00162068268153365 -0.0587291739693939 -0.00664403079859423
chr_20 2154970 2164601 0.00585585435261475 -0.00338208095360995 0.00851708525228808
chr_20 2164602 2172844 0.0110903832632792 -0.0378478253332255 -0.00310255291599785
chr_20 2172850 2182211 0.02126611094988 0.0663188316275348 -0.00720756330615673
chr_20 2182220 2189918 0.0149754440342988 0.00186969061933014 -0.00506473670168267
chr_20 2189919 2197599 0.00272677529901804 0.025183839885458 -0.00796832573131993
chr_20 2197600 2206674 0.0143609531130363 0.0570395575487419 0.00837321169315715
chr_20 2206680 2215139 0.00990913084195019 -0.0191385834295854 -0.00383086619564136
chr_20 2215146 2224206 0.00470776667710514 -0.0162924758585339 0.000432611985160733
chr_20 2224209 2231721 0.00689689618960928 -0.0315451020474169 -0.00296581867603363
chr_20 2231724 2239432 0.00588429480932608 -0.0378340309191641 0.00491134718209719
chr_20 2239437 2247662 0.0253279082345243 0.0269118846328482 -0.00793878465965372
chr_20 2247666 2254952 0.0135868212199937 -0.0423523721588346 -0.00870317543982548
chr_20 2254958 2263177 0.024461519888793 0.0191664039597459 -0.0111444522415355
chr_20 2263180 2271261 0.0160439211318895 -0.00601801245235346 -0.00919634178764457
chr_20 2271294 2279185 0.00648023755610885 -0.0392028517214092 -0.00477274098037993
chr_20 2279192 2287486 0.022949354560699 0.0322053348223512 -0.0100104086724226
chr_20 2287487 2296304 0.0139731262526418 0.0336415328703506 0.00829837081860313
chr_20 2296325 2304634 0.000721437606082532 -0.0351625997923018 -0.0015247823603893
chr_20 2304638 2313099 0.00519243255305261 -0.0263827944724052 0.011128967832344
chr_20 2313107 2321544 0.00923617552994413 -0.0463753515721316 0.00248125641866541
chr_20 2321547 2329762 0.0137520612697533 -0.00493444718366343 -0.000896155452158783
chr_20 2329764 2338625 0.0116530554022937 -0.0270881668896776 -0.00586426183463528
chr_20 2338630 2347763 0.011320969033084 -0.047100878168292 0.00360894353150198
chr_20 2347773 2355148 -0.00178395786087523 -0.0204401520969089 -0.0143311432338655
chr_20 2355156 2363100 -0.00733943431618561 -0.0431466982668411 -0.0188273623083986
chr_20 2363112 2370337 0.00615955490470455 -0.0413800097640107 0.00569177656217204
chr_20 2370347 2378731 -6.83120809565362e-05 -0.0180842192595457 0.0116983862546469
chr_20 2378757 2386751 0.0195453592228739 -0.0076828734818966 -0.00335968631548721
chr_20 2386755 2394574 0.00327938495846386 -0.0578938813960394 0.000968268651030291
chr_20 2394576 2402714 0.0105948184986775 -0.0194890556396441 0.00310733320405812
chr_20 2402731 2410301 0.0168635078330015 -0.00355697297218217 -0.00859192893193663
chr_20 2410312 2418096 0.00739706365197659 0.0341242152494981 0.0142341271413496
chr_20 2418098 2425116 0.00323995494208715 -0.0204851219485719 -0.000148758159068862
chr_20 2425151 2433152 0.0162143635653254 -0.0221026400100575 -0.0059951508220359
chr_20 2433153 2440734 -0.00276004383158856 -0.0143439484749112 -0.00881049169445262
chr_20 2440743 2447473 0.00797130249246719 -0.0156355125800944 -0.00853126267701336
chr_20 2447475 2455654 0.0275261036850098 0.0602322022136306 -0.0024286251920049
chr_20 2455663 2463534 0.00208832159861177 -0.0420643758518366 0.000464382807815636
chr_20 2463535 2471029 0.018583921012426 0.0236814585903608 0.00391955825743692
chr_20 2471033 2478631 0.0201006580210941 0.0806689939780043 0.00511031454241831
chr_20 2478634 2486495 0.010618447653862 0.0371593571859887 0.000599218708628165
chr_20 2486498 2494275 0.00948236351410571 0.0376884177840819 0.00146035135172015
chr_20 2494283 2501708 0.0146522984088356 0.0684236190386195 0.00326364788028609
chr_20 2501710 2508889 0.00963679060596489 0.0929913909870553 0.00491732313378096
chr_20 2508897 2517900 0.0199496115696022 0.0476232911010396 -0.00612756793747457
chr_20 2517906 2525645 0.00584985555191088 0.0348195456878713 -0.00942923916913818
chr_20 2525649 2533060 -0.00409390433405551 -0.0186197820592072 0.0216182636711513
chr_20 2533062 2541122 0.0142257661556145 0.0176346117124617 -0.00591078315796265
chr_20 2541125 2549141 0.0140412950987716 -0.0133861873152957 0.00577273609977428
chr_20 2549147 2556490 0.00386442083157211 -0.0350936721730015 -0.0146744571205217
chr_20 2556491 2564863 0.00944154765347731 -0.00987048390553528 0.00769036142767549
chr_20 2564865 2572273 0.0199369943058823 0.0310493814545402 -0.000137154468209516
chr_20 2572274 2579612 0.00804410863393167 -0.0395319048735081 0.00208202501852266
chr_20 2579620 2588585 0.0125128128849425 0.000362871704577614 0.00689605872952584
chr_20 2588598 2596104 0.0189638989608442 0.0346871255870729 -0.0104069714143131
chr_20 2596110 2603455 0.00338386821992933 -0.0441004450524702 -0.00385709698259237
chr_20 2603462 2610999 0.00648268074101861 -0.0195779497515649 0.00397319749072453
chr_20 2611006 2618743 -0.00487428796070154 0.00544652935767322 -0.0029538747398059
chr_20 2618749 2627661 0.0117507859666864 -0.0247941041818772 -0.0114592197324877
chr_20 2627675 2635008 0.00489721863638632 -0.0431738495567645 -0.000627664599775209
chr_20 2635014 2642972 0.0110481906027852 -0.0205134702717952 0.000540780482367508
chr_20 2642981 2650718 0.00623150987070328 -0.0286197213470713 -0.0144742260383402
chr_20 2650725 2659719 -0.0101341935718135 -0.014182710461732 -0.0141561104730267
chr_20 2659739 2668113 0.0131565248240134 0.0703956887778427 0.00421318007202459
chr_20 2668114 2676262 0.00348173331476859 0.00170521398669293 0.0244542999046899
chr_20 2676272 2684245 0.0104483858927148 -0.0366267678830901 -0.00855292579234976
chr_20 2684248 2691683 0.0253278911973864 0.066827666932568 0.0021924897119709
chr_20 2691700 2699512 0.0139767470134246 -0.000295358669616301 -0.00308154712153605
chr_20 2699514 2707303 0.0202406051496748 0.0583203065853155 0.0055461849445404
chr_20 2707308 2714851 0.013481123966468 0.0336735849681995 0.0169600043083329
chr_20 2714852 2722633 0.0224187057843355 0.0682477053940226 0.00890424780029153
chr_20 2722634 2730878 0.0213960992532596 0.0656775625801738 0.0129995633778734
chr_20 2730886 2739665 0.0205826483420018 0.0229708123710045 -0.00467603506538297
chr_20 2739676 2749746 0.0196701619862814 0.0362886476481602 -0.000818150321993954
chr_20 2749751 2759856 0.00399969084423616 -0.00091891664503937 0.00607084899026569
chr_20 2759882 2769345 0.00524465244497545 -0.0196067996189118 0.00235401791183871
chr_20 2769361 2777482 0.00301646588487971 -0.0174494783503039 0.0117409537281698
chr_20 2777491 2785629 0.0198919997898599 -0.00193796523693575 -0.0111869467217246
chr_20 2785639 2794529 0.0141233819885843 -0.0399478214418971 0.00237749542652606
chr_20 2794553 2802619 0.00708128722275763 -0.0366401129905525 -0.00939430828471136
chr_20 2802629 2811574 0.0151100027476972 0.0495208390736663 0.00661817149929473
chr_20 2811592 2820348 0.00701953866542083 0.00342140457854455 -0.00151767644644004
chr_20 2820357 2828676 0.0119088961157438 -0.0169212518135993 0.0083153050334782
chr_20 2828677 2837345 -0.000707091597069881 -0.0391072967720662 -0.00264220151734968
chr_20 2837372 2845778 -0.00484558068646673 -0.0328956487654692 0.00639770559409464
chr_20 2845793 2854010 0.011932611552402 0.00982084419407005 0.0185104636375191
chr_20 2854011 2862270 0.011944889463879 -0.0182917827774327 0.00754954125472545
chr_20 2862271 2871532 0.00773159722151328 -0.0220052069884536 0.00463686079337924
chr_20 2871536 2880122 0.0142778049945769 -0.00254612634591262 0.00752910248960633
chr_20 2880128 2888678 0.009210251648906 -0.0427455435458692 -0.0136136266186209
chr_20 2888696 2897830 0.00543598236047098 -0.0405590253539565 0.00655681449495136
chr_20 2897832 2907159 0.0099088169610343 -0.0522960139035166 -0.00252337750122852
chr_20 2907163 2915862 0.0111662156090922 -0.00815801645582255 -0.00669332232136664
chr_20 2915880 2924748 0.0161565223790292 0.0312696315406361 -0.0103442652280951
chr_20 2924756 2932859 0.0168445689221978 -0.0109774379558979 -0.00203060306569298
chr_20 2932861 2940308 0.0105561062098335 -0.0318995167532583 -0.00143420639240703
chr_20 2940312 2946932 0.0140029714053894 -0.00203761537094857 0.00301288389966808
chr_20 2946935 2953456 0.0132684434054577 -0.00357964761749899 0.00484940510718597
chr_20 2953463 2961609 0.00372143693636436 -0.0173307200790955 -0.00639838957824969
chr_20 2961620 2968869 -0.00811044843083671 -0.0299046061097159 0.00282475960204641
chr_20 2968872 2977030 0.00192840938101285 -0.0544601442644794 -0.000379933130591645
chr_20 2977031 2985329 0.0260377674285945 0.0655443606578437 -0.0165165455567858
chr_20 2985350 2993541 0.000204617846475695 -0.0334936440200597 -0.00846182454320328
chr_20 2993549 3003031 0.0169240749137981 0.0203721635108448 0.00153669146838657
chr_20 3003033 3012503 0.000289502970256333 -0.0536574365425203 0.00863392005273884
chr_20 3012518 3022045 0.00833829171514079 -0.0171153895277417 -0.00570778727152165
chr_20 3022048 3032081 0.000965587661063559 -0.0232923818805669 -0.00460386769382489
chr_20 3032087 3042709 0.00595590937032179 -0.0403791321942797 -0.00560763380662523
chr_20 3042718 3051796 0.00838182774885584 -0.038557767064705 -0.00937077696664512
chr_20 3051811 3061800 0.00318246026251804 -0.0353315041014266 0.0019259196163034
chr_20 3061801 3072565 0.00704277932200304 -0.0521348146012068 -0.00744388114129235
chr_20 3072566 3080825 0.0123332741793533 -0.0452384406464979 -0.00288530872705516
chr_20 3080828 3088602 -0.0315702103767398 -0.0417278667553806 0.0262127938133612
chr_20 3088605 3098444 0.00882950964063408 -0.0377177367642271 -0.00929177349893402
chr_20 3098448 3107369 0.0124551110223874 -0.0443265418560869 -0.00381670224537164
chr_20 3107378 3116554 0.0098030416196701 0.000672396913548662 -0.00249285017307678
chr_20 3116559 3125468 0.00665862296228003 -0.0421431357790176 -0.0073844282053472
chr_20 3125482 3133655 0.00273153776648995 -0.0523752328249507 -0.0115161699905144
chr_20 3133672 3142243 0.00773196014907567 -0.0574640767334381 -0.00472257364133607
chr_20 3142244 3152475 0.0158623988763001 -0.0251084063750332 -0.000707139515597539
chr_20 3152476 3161643 0.0104960170972572 -0.0423869986360532 0.00866178102708761
chr_20 3161652 3170526 0.00592111045864584 0.0021970925524007 -0.00805853625521744
chr_20 3170527 3181057 0.0128416750351757 -0.0221879416004514 -0.00986789546428952
chr_20 3181061 3190357 0.00370670642549253 -0.0490295007674386 0.00537386523536995
chr_20 3190367 3199853 0.000669182424544146 -0.013958627984771 0.00915422087442021
chr_20 3199857 3207577 0.00776930492449861 -0.0449992696979397 -0.00240520297458254
chr_20 3207578 3216580 0.0159655883657537 -0.0320215313791595 -0.00324739225221884
chr_20 3216582 3225925 0.013096613949782 -0.0125443048996308 -0.0020032742010961
chr_20 3225938 3234458 0.00750385134649021 -0.056934009205039 -0.00220212543141628
chr_20 3234460 3242498 0.0128339155473487 -0.053462279117102 -0.00355397417528916
chr_20 3242501 3251218 0.00821038036743637 -0.0539267267915409 -0.010117110686358
chr_20 3251227 3260116 0.00402644686847834 -0.0519570571539596 -0.00643399821263845
chr_20 3260118 3268826 0.00598428356113213 -0.0302007551719941 0.000184137575828243
chr_20 3268836 3278967 0.0167625532590699 -0.0220382445348641 -0.000503118948065808
chr_20 3278971 3288639 0.0126259637187862 -0.0252900593351227 -0.00432381282805013
chr_20 3288640 3297052 0.0138439256067147 -0.0125268299798615 0.00732886467042292
chr_20 3297061 3305895 0.0132302876846643 -0.031732585863409 -0.0054620804902655
chr_20 3305916 3314460 0.0014635249603231 -0.0457933689628076 -0.00712934843005617
chr_20 3314490 3323171 0.00898333734361552 -0.0107274159732611 -0.0189065736741725
chr_20 3323179 3332039 0.00532553063745733 -0.0510836802784758 -0.0104138742782379
chr_20 3332048 3341239 0.0115114583019193 -0.0378213741358129 -0.00399616058970227
chr_20 3341248 3350078 0.00399239346654341 -0.0295681671951345 0.0109342222781417
chr_20 3350079 3359231 0.00582373592861172 -0.0515422023292642 -0.00915230249753439
chr_20 3359243 3368389 0.00365517767751133 -0.0574298818688952 -0.00650413283040641
chr_20 3368397 3377916 0.00824655477141756 -0.010419800073225 0.00536787852257583
chr_20 3377936 3388121 0.00771930498696675 -0.0530462902364616 -0.00742596727971131
chr_20 3388169 3397926 0.00906752199646684 -0.0471431526519599 -0.00381817422533184
chr_20 3397950 3407396 0.00776138006092761 -0.0377108957875724 -0.00355447158998885
chr_20 3407413 3416084 0.0126171248262484 -0.0296273420812163 -0.000391540588720107
chr_20 3416090 3424251 -0.00351815175014306 -0.0126317615423239 -0.0087612894416942
chr_20 3424252 3433133 0.00893608298920276 -0.0262669118869854 0.000850865548790695
chr_20 3433145 3440968 0.00516418534694537 -0.0473996253506353 -0.00912859229068404
chr_20 3440974 3450218 0.0158517556554702 0.00952512073153439 -0.00366687432305685
chr_20 3450245 3460197 -0.000607863505858932 -0.0507547232829441 -0.0197671735628704
chr_20 3460206 3470653 0.0133503425032846 -0.0108462118016968 -0.00904948589130353
chr_20 3470654 3481414 0.0067908084836989 -0.0235241299878114 0.00399159287825734
chr_20 3481422 3490593 0.00880717351644778 -0.0489813997410791 -0.000702771311610202
chr_20 3490611 3500297 0.0112686992620073 -0.00354679761579666 0.00320493173263341
chr_20 3500306 3509885 0.0129683915311578 -0.0181245563316058 0.0049496113130796
chr_20 3509904 3518883 0.00909987219473412 0.0150307905844227 0.00745473917076313
chr_20 3518898 3527552 0.0167983478479961 -0.010251614063167 -0.00641183593004697
chr_20 3527566 3536967 -0.00988145622910807 -0.0393132016832542 -0.0165439391807845
chr_20 3536972 3545437 0.00696053410555927 -0.0265620454828077 0.00447507733663355
chr_20 3545469 3554376 0.0168489373429878 -0.0163568492093074 -0.00778095218473095
chr_20 3554377 3563416 0.00407940474916579 -0.0258429011515726 -0.0136586911870503
chr_20 3563423 3572778 0.0157539892058889 -0.0217540532148478 -0.00850786088986419
chr_20 3572779 3583313 0.00268768601023363 -0.0421987455383551 -0.00840846819850544
chr_20 3583321 3593454 0.0267725922163118 0.0466659736419798 -0.0160505150163172
chr_20 3593461 3603550 0.00917484962184755 -0.0177771886726308 0.00238408723748426
chr_20 3603592 3612287 0.00472857031527264 -0.0234831053965722 0.00442475119766643
chr_20 3612290 3621252 0.00182380939850722 -0.0591342592676623 -0.017295141061527
chr_20 3621257 3630335 0.013815719291726 -0.0274197057692206 -0.00917018123753064
chr_20 3630343 3639176 -0.00351617094438827 -0.0318575833236465 -0.029838383178268
chr_20 3639180 3648039 0.0055820217637487 -0.0187311588490712 -0.00355306775573811
chr_20 3648042 3657624 0.0153532977543885 -0.00761325440042439 -0.00563024854695606
chr_20 3657627 3668142 0.00304467266667842 -0.0419923897751467 -0.0243803168144856
chr_20 3668157 3676824 0.00307602552232443 -0.0445583372955676 -0.0109007188020733
chr_20 3676826 3686927 0.0163104218721748 -0.0171185867940101 -0.0150892058854464
chr_20 3686945 3695933 0.0074056977018788 -0.0157481859841031 -0.0121044782895276
chr_20 3695958 3705530 0.0137962452285337 0.00736217046309448 -0.00196039222635105
chr_20 3705542 3716029 0.0156035499559466 -0.0411078619669011 -0.0199178567385895
chr_20 3716055 3724517 0.0166875037226727 0.0246630102552631 -0.00623752587777619
chr_20 3724528 3733603 0.00786312534644226 -0.0526790924212086 -0.00249467269996594
chr_20 3733604 3743507 0.000943213911849279 -0.0256816578564671 0.00754111008369512
chr_20 3743517 3753954 -0.00655095982518187 -0.0200612706596425 0.014661069567378
chr_20 3753955 3764182 0.0123872914958435 -0.0462441830381449 -0.0141826016616584
chr_20 3764192 3772809 0.0155679785954715 -0.0132759108874714 -0.0133934813231785
chr_20 3772823 3782753 0.0145782411272264 -0.0468360498177796 -0.0104221357931864
chr_20 3782755 3792766 0.0018215281744181 -0.0458646793243861 -0.0233380336425576
chr_20 3792774 3803528 0.0165198918058455 -0.028678765533575 -0.0288799283964405
chr_20 3803538 3814973 0.0131555034672175 -0.0338882125865603 -0.0334218494535983
chr_20 3814993 3823446 0.0159153488279313 -0.0169963744088316 -0.0286461583816038
chr_20 3823476 3832335 0.0154744991549317 -0.00662563642946643 -0.0353642210414871
chr_20 3832339 3840196 0.017305120893883 -0.0303011337371315 -0.0284222983736888
chr_20 3840200 3850214 0.00919200111223047 -0.0269115652428801 -0.00918038546768103
chr_20 3850219 3858835 0.0199648310784534 -0.00552939378608446 -0.0156558088950592
chr_20 3858836 3867820 0.0218590259390332 -0.0227343555367881 -0.0252068775142735
chr_20 3867835 3876869 0.0153954860526636 -0.0507214452361484 -0.0201811649062877
chr_20 3876875 3885577 0.012942342055038 -0.0439136185889234 -0.017942596907399
chr_20 3885583 3895326 0.00989110195794477 -0.0442736092112415 -0.00703381963393515
chr_20 3895341 3904630 0.00620983480152211 -0.0578468033717195 -0.008859706024977
chr_20 3904634 3913302 0.00484136530908254 -0.0577216464823236 -0.0151890352065917
chr_20 3913303 3922214 0.00459112722190999 -0.0654120273630699 -0.0184037615471301
chr_20 3922217 3931453 0.00800940208565708 -0.046147914806261 -0.0121759113414245
chr_20 3931462 3941149 0.0165437415074368 -0.0112262413345031 -0.0264441814175599
chr_20 3941154 3951179 0.0193220644626753 -0.0270185027365196 -0.0308370319051006
chr_20 3951181 3961430 0.0177292716804037 -0.0114254388123503 -0.0252218006720671
chr_20 3961455 3971514 0.0104950398231736 -0.00907518329167826 -0.0238859588962466
chr_20 3971531 3981209 0.00406603805655922 -0.0267403302774357 -0.00799180809893419
chr_20 3981233 3990690 0.00896366997508125 -0.02955450619554 -0.0229347685993833
chr_20 3990691 3999924 0.00943139719066296 -0.0330270806596944 -0.0209670274533759
chr_20 3999936 4011270 0.0187607425983367 -0.00933016675444478 -0.0197047668842699
chr_20 4011287 4061204 0.00137575196314334 -0.0258461092784441 0.0139261801468177
chr_20 4061208 4070459 0.010882268643198 -0.0491970643061266 -0.00178231584736606
chr_20 4070463 4078031 0.00892090181210506 -0.0373094838536268 -0.00684217300079947
chr_20 4078046 4086320 0.0133015395109174 -0.0410392512901513 -0.0095205693686712
chr_20 4086334 4095832 0.0130398046448917 -0.00817352038377994 -0.0175156567652595
chr_20 4095833 4105987 -0.0166600864180063 -0.0535186765806049 -0.00932134196350087
chr_20 4105993 4115661 0.0230264618328831 -0.0212361435046246 -0.0242581344277959
chr_20 4115662 4124841 0.00762022163258506 -0.028033882437414 -0.0104769108867384
chr_20 4124854 4133867 0.0181579203888173 0.00894115494032888 -0.0106297498904737
chr_20 4133870 4143323 0.0126307172078782 0.0115255155685402 -0.00158095293792041
chr_20 4143349 4152360 0.00426882377380913 -0.0150920335907166 -0.0135219859706435
chr_20 4152362 4162749 0.0157433656826816 -0.039933315574407 -0.0140923411436212
chr_20 4162755 4173535 -0.00450466329568681 -0.0389214066565193 -0.0111955396378545
chr_20 4173557 4184121 0.0156635254087243 -0.0398309335234153 -0.0154478821091045
chr_20 4184124 4194252 0.0204227100814585 0.0255824546041994 -0.0135183884662879
chr_20 4194255 4203657 0.0159424900091766 -0.0490812136845959 -0.0187357401949195
chr_20 4203662 4213118 -0.00156348205977893 -0.0481047183565548 -0.0176026219450951
chr_20 4213120 4222355 0.0117391580115027 -0.0203802604801879 -0.0112823358799679
chr_20 4222367 4231320 -0.00229800661937735 -0.0290462007884597 -0.00695945195036273
chr_20 4231321 4240681 0.00495378428125037 -0.0456392920583823 -0.00446917796231467
chr_20 4240691 4249823 0.0121514427115157 -0.0253108291302782 -0.0156771359111017
chr_20 4249827 4258409 0.00767671522265844 -0.0537042266391932 -0.00364922036399361
chr_20 4258411 4267551 0.00941860358684019 -0.0349899138904668 -0.00631449917959337
chr_20 4267555 4277357 0.00910671770113363 -0.0235297946878157 -0.00317039037863082
chr_20 4277362 4286581 0.00810066860521491 -0.0475884402186118 -0.00127795791075804
chr_20 4286584 4296108 0.00722694714127679 -0.0274564978005507 -0.00439219439025645
chr_20 4296135 4305044 0.00544201646450785 -0.0424591610233573 0.00710166489197436
chr_20 4305050 4313975 0.0179278029553193 0.0035086772037517 -0.00708924479641689
chr_20 4313977 4321787 0.019218631169162 0.00984083624398979 0.00356721229503891
chr_20 4321788 4331453 0.00904011607575602 -0.0273813587478491 -0.00254100155285766
chr_20 4331482 4341577 0.0101965765400281 -0.012795514229287 -0.00481515557877984
chr_20 4341590 4351001 0.0141419056499484 -0.0115917619935652 -0.00837083860145343
chr_20 4351002 4359570 0.011579602917094 0.0852519284788377 0.0152901751473133
chr_20 4359577 4367643 0.0105721503991473 0.00227177639510232 -0.00926012112233921
chr_20 4367663 4376880 0.0145685839385584 0.0162267769404025 -0.00184034070343552
chr_20 4376881 4386419 0.0210876269574204 0.0322128919348941 0.000777366720479045
chr_20 4386443 4396063 0.0129080695448456 -0.0442814880677659 -0.0122441023208538
chr_20 4396069 4405351 0.00832538357418074 0.0497567632908188 0.00397735831718495
chr_20 4405352 4413520 0.00333872618785538 -0.0443557527903725 -0.0118345051848405
chr_20 4413522 4421958 0.0162402407839026 0.00719418736110227 0.00609899089857623
chr_20 4421960 4430799 0.0111977758488768 -0.0516467118120706 -0.00525704442194068
chr_20 4430814 4441805 0.00698463754687025 -0.049964703669091 -0.00261861374894671
chr_20 4441817 4453544 0.0113655475318363 0.000438178101995844 -0.00462981080804747
chr_20 4453557 4462369 0.0104107441296482 -0.0336231859885463 -0.00660345258916862
chr_20 4462376 4472680 0.00519772841955288 -0.0112293819624079 0.000302940223734075
chr_20 4472695 4481925 0.00446664626765418 -0.0585015026320609 0.00207122703005079
chr_20 4481935 4491618 -0.00394805894643191 -0.0195493988427749 0.00502601662275045
chr_20 4491628 4501711 0.00543420090400935 -0.0213943873334436 0.00686686816570663
chr_20 4501714 4513278 0.0117784875227596 -0.0208581628037832 -0.00570265434140787
chr_20 4513281 4522097 0.00514319517421077 -0.0388361647787256 -0.0119011841093657
chr_20 4522108 4532517 0.0242350527919381 0.0461918648726111 -0.00557095739655255
chr_20 4532529 4544541 0.00901781751280466 0.00467469053178423 0.00197092746022766
chr_20 4544549 4557294 0.0113897204665281 -0.00193594813267323 0.00104768241000277
chr_20 4557318 4566532 0.0202414450871406 0.0691848245795647 0.00788189567962667
chr_20 4566535 4576795 0.0124855618824858 0.00180742583047415 -0.00368340183430989
chr_20 4576797 4586903 0.00862005110371318 0.0756267905390908 0.00132817922092441
chr_20 4586946 4596385 0.0149237354542394 -0.00119693202011287 0.00454206790059782
chr_20 4596388 4605618 0.0112804659048794 -0.0231307747611193 -0.00234312477015062
chr_20 4605620 4615064 0.0172225745489544 0.0405776736010754 0.00789985390715401
chr_20 4615076 4624715 0.0173746933737848 0.0571275098864267 -0.000944360047413993
chr_20 4624718 4634051 0.0174421180049967 0.0337822934618813 0.00776955544162268
chr_20 4634090 4643651 0.0193270272496343 0.0587922061983851 -0.000813736611500436
chr_20 4643663 4653911 0.00937843831714189 -0.0184797407061405 -0.00252660546270091
chr_20 4653931 4664047 0.011830121193551 -0.0329623425617002 -0.00647144973036766
chr_20 4664063 4673610 0.0128664873253084 -0.031458472222698 -0.00613146193106159
chr_20 4673615 4683887 0.0126961817841083 0.00879470504312814 0.00778018419325849
chr_20 4683888 4694849 0.0127760849997843 0.0726153001697491 0.00158993745175313
chr_20 4694853 4705664 0.0135783601014387 0.0382274840523643 0.00217625314627797
chr_20 4705666 4715142 0.0129471265895445 -0.00901925278315122 -0.00115788169908251
chr_20 4715156 4724621 0.0130385685775018 0.0132250005844101 -0.00585331562528947
chr_20 4724643 4734054 0.00764536567102197 0.00332504212698102 0.00217925937584695
chr_20 4734055 4745083 0.00380919557168608 0.0253994518860209 -0.00147826581761634
chr_20 4745089 4754439 0.0019936002504709 0.0426193922859285 -0.00226503088345117
chr_20 4754443 4768512 -0.00126458831832446 0.030741367446277 -0.0111731338848446
chr_20 4768514 4777989 -0.00459051618920103 -0.0340071893819762 0.0167818488804431
chr_20 4778003 4787904 0.0150440157364761 0.0395134990871404 0.0100855548897604
chr_20 4787908 4800071 0.00113279924095051 -0.0288984192189305 -0.0171109186811688
chr_20 4800108 4812467 0.00991188829401826 0.0288781530137035 0.00888396099537361
chr_20 4812476 4821013 0.0106832100982043 0.0496757338605457 0.00456574005259357
chr_20 4821016 4829958 0.0107693207302053 0.0524008766425867 0.00893096931032685
chr_20 4829979 4839132 0.0122254138547287 0.100594565918119 0.00742105455814083
chr_20 4839134 4849826 0.0073461543887991 0.0780076716442511 0.0102994591941897
chr_20 4849827 4860026 0.00643764908612656 0.0158853380110156 -0.00542792745425209
chr_20 4860027 4869617 0.00520475852183615 0.0548494712279008 0.013371224575611
chr_20 4869619 4881150 0.0113304633795804 0.0691163260687466 0.00737547032575946
chr_20 4881152 4891540 0.00853114618268516 0.0700387190228808 0.00826320913192971
chr_20 4891547 4902183 0.0164700688545132 0.0207927659951029 0.000511961253811502
chr_20 4902187 4912594 0.00983315020654416 -0.0220825041489396 -0.00169684844771204
chr_20 4912596 4921793 0.0116752339642356 0.0228287393882984 -0.00392889713541971
chr_20 4921822 4931177 0.0078183682803051 -0.0360744009585492 -0.00219615009866948
chr_20 4931188 4939998 0.0169466008728174 0.0136461568829821 0.00766838916262574
chr_20 4940005 4949302 0.0245090250096873 0.0363532135193192 0.00235967964745715
chr_20 4949305 4958225 0.00840280383900881 -0.00873345943539464 0.00345014828781802
chr_20 4958226 4967100 0.00854190273576577 -0.0210560873090425 -0.0125034729120575
chr_20 4967143 4976047 0.00286012694991505 -0.0336679959080643 0.00575470090126775
chr_20 4976054 4984605 0.00314455872444626 -0.0166029526118259 -0.0154169738579741
chr_20 4984608 4993499 0.015090102093229 -0.00634590320895274 -0.00824130460085398
chr_20 4993509 5003146 0.0251447845334808 0.0627217769198497 0.00227263101372346
chr_20 5003157 5012350 -0.00174865123698008 0.0745523189272558 0.00854070209685512
chr_20 5012358 5022596 0.0127738544203068 -0.00891963961482716 -3.28766557485864e-06
chr_20 5022692 5034298 0.00126693313981229 -0.0223553643418896 0.000455451334673519
chr_20 5034299 5044834 0.0131004788563451 0.0154224857611278 0.00226067176623706
chr_20 5044835 5053696 0.00747734897247423 -0.0391331785353144 -0.000455624123505235
chr_20 5053734 5063696 0.0160898239270155 0.00614394387968388 -0.00739915477527092
chr_20 5063704 5072663 5.92878739078135e-05 -0.0322070492841635 -0.028418013430181
chr_20 5072668 5082882 0.00578414801457303 -0.0427119293125669 -0.0096509079522866
chr_20 5082886 5093003 0.00906460111601621 -0.0167180964705971 0.000107358500043481
chr_20 5093007 5102744 0.0191151933343323 0.0205865696389599 -0.00320759114295411
chr_20 5102747 5112615 0.00130991688741592 0.000691660257187217 -0.00530895748912359
chr_20 5112627 5120536 0.00434178919308608 0.0287106052097536 -0.000256958034096261
chr_20 5120579 5130204 0.00277527506620827 -0.044441576748537 0.00658886013920723
chr_20 5130207 5138446 0.00916278743683079 0.0255071988189677 0.0063743237453415
chr_20 5138455 5146785 -6.22736175233208e-05 -0.0315039484273773 -0.0139664995339913
chr_20 5146790 5156835 0.00622959713733955 0.00590764620246601 0.0145313735494549
chr_20 5156841 5165404 0.0211204202871356 0.0860057732284472 0.0177114550674719
chr_20 5165410 5173348 -0.00405304041844785 -0.0220309517488595 0.00449279688018848
chr_20 5173349 5180987 0.014514247054884 0.0270308659497817 0.000965310093616023
chr_20 5180988 5189400 0.0107640323426578 0.0150080301216509 0.0152430986202048
chr_20 5189401 5198435 0.013891345577541 0.0177068828469535 0.0128883835586989
chr_20 5198450 5207762 0.0216323768136017 0.0554788179341765 0.00650193348294452
chr_20 5207780 5217498 0.00866860327280377 0.0113875477324989 -0.00868457668544385
chr_20 5217509 5227148 0.013772160700626 0.0108863529633705 0.0102485793221909
chr_20 5227151 5236524 0.0214389737627273 0.0612385616820472 0.00248765927434622
chr_20 5236527 5246540 0.0246937525298847 0.0257180055193714 -0.00600863980580873
chr_20 5246542 5255483 0.0141232793872189 0.0519669511722914 0.00112148466527685
chr_20 5255486 5263769 0.0136154720601459 0.0192332670341489 -0.0140848740296694
chr_20 5263804 5273341 0.0242578861882924 0.0476683242192021 -0.0133780544322693
chr_20 5273352 5281618 0.0263729235658173 0.0635696056571569 -0.0200685658918264
chr_20 5281632 5290794 0.018881499525821 0.0140040006932934 -0.00534900312229352
chr_20 5290805 5300611 0.0156498599019433 0.00921997933006312 6.96378843417919e-05
chr_20 5300618 5310120 0.00809395200895531 0.0285925103415264 -0.00488530826265048
chr_20 5310137 5319416 0.0202150788978678 0.0326202902039809 -0.00877613023514777
chr_20 5319423 5328730 -0.00128012080309328 -0.0148218490326715 -0.00942961703921671
chr_20 5328750 5338086 0.0160238956051917 0.0238914983196267 -0.00461140787530348
chr_20 5338092 5347319 0.00412641306244313 -0.0084964261686092 0.00232338278856513
chr_20 5347358 5358426 0.0107170040017981 0.0413757166117017 -0.00232623426627765
chr_20 5358443 5368626 0.0223247610385201 0.0250284077815042 -0.00463897077772288
chr_20 5368628 5378432 0.0109793462706948 -0.0280875293095904 -0.0158724492969389
chr_20 5378443 5388630 0.00661858867261524 -0.0458016366948406 -0.0119275500640896
chr_20 5388677 5399651 0.0140937053922876 -0.036060943187083 -0.00517006121611046
chr_20 5399653 5409490 0.0188225156820598 0.0565154328198143 0.00138810108704659
chr_20 5409516 5419284 0.00364679178493088 -0.010469145864943 -0.0129198663134359
chr_20 5419293 5428590 0.0145520910914314 0.0297963654463004 -0.00409625546168343
chr_20 5428594 5437946 0.0179075089775539 0.0522517368380561 0.00506822083977959
chr_20 5437952 5446772 -0.00618643804969618 -0.00659988298815843 -0.00170073250681418
chr_20 5446774 5456583 -0.00160521145422845 0.033297266725268 -0.00270027868686315
chr_20 5456584 5466702 0.0143947396603459 0.0710186018836075 0.00389476590580927
chr_20 5466708 5475635 0.0106966912063455 0.0474673455238389 0.0084753516245329
chr_20 5475643 5484147 0.00602709474359151 0.00172182642903178 -0.0122598566405564
chr_20 5484150 5492224 0.0112061440518854 0.0428574984485856 -0.0137861506119278
chr_20 5492226 5500437 0.0181505022753353 0.00204716827869722 -0.00200459212098644
chr_20 5500441 5508638 0.0206565011565913 0.0229275691491065 -0.00698311043529362
chr_20 5508641 5517280 0.0174863839157142 0.0442934154968013 -0.000443991581049128
chr_20 5517281 5525095 0.0096125057138637 -0.0240446429203285 0.00191936614030022
chr_20 5525123 5533477 0.0080451507496872 -0.0179895331720871 0.00778155372176083
chr_20 5533479 5542614 0.0107707035767546 -0.019344787826512 0.00426007758833956
chr_20 5542637 5551872 0.00923365842372865 0.00692344815785997 -0.00739608482882379
chr_20 5551882 5559429 0.0211344903166582 0.0270017084436688 -0.000453344875177577
chr_20 5559431 5568452 0.0209491144953752 0.0829029930412639 0.00789788169150238
chr_20 5568456 5575858 0.0179594000110592 0.0418821103651275 -0.00525300493644699
chr_20 5575859 5582807 0.00958371006334992 0.0350387156973141 0.00482277643335437
chr_20 5582814 5590264 0.00793066987242464 -0.0156410610807601 -0.0204880086965393
chr_20 5590269 5598538 0.0182433130374322 0.0343852426937745 -0.0154691411287894
chr_20 5598539 5607792 -0.00269002991379582 0.027906030266415 0.00555500182710914
chr_20 5607793 5616001 0.00861656667617821 -0.00869614821758658 -0.00706890889765095
chr_20 5616013 5624641 0.00477200739824987 -0.00617576595692023 -0.0254289135935164
chr_20 5624642 5634076 0.0103248096847991 0.0416434416080918 -0.00331814142575449
chr_20 5634081 5643024 0.015110418970623 0.0835422327294918 -0.000397801870461934
chr_20 5643042 5651641 0.0144625869487765 0.0311379865709342 0.006061190857556
chr_20 5651642 5660637 0.0141729932338862 0.049323888943289 0.00908288643882849
chr_20 5660642 5669325 0.00707629828239896 -0.0314505055649988 -0.0132026071375525
chr_20 5669328 5679028 0.00747882034259495 -0.0248952222879135 -0.00866078762930752
chr_20 5679030 5689370 0.0110230639768155 -0.0356935436301646 -0.000358220973886419
chr_20 5689390 5698660 0.00641814416351736 -0.0513517796817375 -0.00137951962289123
chr_20 5698664 5707564 0.0106791185752739 -0.0107410078969263 -0.0044475034489135
chr_20 5707571 5717501 0.00429327369195736 -0.0451904800301088 -0.000681565864207982
chr_20 5717504 5727529 0.00538011269011198 -0.0541094056914034 -0.00813438099373432
chr_20 5727538 5735372 0.0134831725442734 0.0461035760816381 0.00689120924074328
chr_20 5735377 5744379 0.013295760202442 -0.00878031479688714 -0.000494306471512074
chr_20 5744401 5753713 0.00802044222188307 -0.00808825260587119 0.00441602507968603
chr_20 5753716 5761813 -0.00567238068747495 0.0200208574544857 0.019825450544393
chr_20 5761818 5769903 0.00839658690133175 -0.0250581891459223 -0.0107397085521587
chr_20 5769905 5782122 0.0096414957587984 0.00961953307692104 0.00455287324068713
chr_20 5782133 5790903 0.0163271005027301 0.015717674963983 -0.0099218515158492
chr_20 5790904 5799049 0.00781566185144833 -0.0108130145922197 -0.00227097613121409
chr_20 5799051 5807261 0.00867011276649849 -0.0204127247099609 -0.00113628272540557
chr_20 5807263 5815811 0.00478768131884415 0.00389522819756442 -0.00265934166808815
chr_20 5815815 5824417 0.0149092292618991 -0.00992621757169671 -0.00680351214313349
chr_20 5824430 5834089 -0.00296911108205542 -0.0372286515732231 -0.0302865377708524
chr_20 5834091 5843276 0.00945505561791633 -0.00842723800788723 -0.0188937179135185
chr_20 5843287 5852562 0.0138433145500809 -0.0248711063546843 -0.00672594488552945
chr_20 5852565 5861033 0.00689533089449605 -0.0167283361380956 -0.0156288673041675
chr_20 5861068 5869425 0.0123111253600432 -0.0209253743417464 -0.00631233729296714
chr_20 5869430 5879250 0.0100332439180588 -0.0098641981460834 0.00133074057164283
chr_20 5879255 5888376 0.0173708175683636 0.0102641962610978 -0.0105580992138014
chr_20 5888388 5897856 0.0173846434904027 0.0357455105759466 -0.00480216557693502
chr_20 5897859 5908495 0.0101461248147616 0.0301543934216858 -0.00161158386508495
chr_20 5908504 5919085 0.00918381382314339 -0.01617892035273 -0.00600976763732555
chr_20 5919098 5928136 0.0241868390726433 0.0686214046462194 -0.00247920050372339
chr_20 5928142 5936743 0.012872844048472 0.0484915210224749 -0.0167366858278667
chr_20 5936745 5944940 0.00539698982857485 -0.0225047654969859 0.00213563283523183
chr_20 5944948 5955028 0.0105951212602118 -0.0277945296236528 -0.0108457022809605
chr_20 5955031 5963479 0.00699689077919937 0.0193993265753111 0.0103086645693784
chr_20 5963487 5972712 -0.0111907371371359 -0.0258555504821168 -0.0160876804267259
chr_20 5972718 5981007 0.0160436972755597 -0.0192098571641854 -0.00408795362615709
chr_20 5981008 5989554 0.0102578529269953 0.0486745683170366 0.000174574505949006
chr_20 5989568 5999283 0.00850359956633817 -0.0330229933470233 -0.00591318074605142
chr_20 5999296 6007991 0.0148935389567034 0.0115922461126555 0.000320104693285474
chr_20 6007994 6016912 0.00903255788555044 -0.0375700524659326 -0.00628262013799373
chr_20 6016929 6027234 0.0133561851643794 -0.00527089567888701 -0.00346023154195015
chr_20 6027243 6036178 0.013485043875876 0.0187500645513147 0.00191502453922331
chr_20 6036180 6047118 -0.00577055008749731 -0.0390468647521895 -0.00398641948783156
chr_20 6047141 6056857 0.0153646457411635 -0.0242143870938508 -0.00983559334828529
chr_20 6056876 6064903 0.00426098708368919 -0.0499264881403208 -0.00674689966291417
chr_20 6064914 6075164 0.0273225256638192 0.0707608417761212 0.00156771031739481
chr_20 6075165 6085478 -0.000846097651852895 -0.0123234136362175 -0.0110085801983891
chr_20 6085483 6095304 0.0108675257336304 0.00305064945832083 -0.00530372675929047
chr_20 6095307 6105315 0.0131963805843841 0.032209071646945 0.00828821004762832
chr_20 6105325 6114798 0.00635013293309503 -0.0482772314521814 -0.0122747592266966
chr_20 6114822 6124968 -0.00697306121842599 -0.0379474992596434 -0.0251876494082428
chr_20 6124974 6135652 0.0154682444466577 -0.000368205277136846 -0.00384492271590908
chr_20 6135657 6146103 0.000690207148607262 0.0100258358316108 0.00115612578553652
chr_20 6146120 6157080 0.0101619888698783 -0.0306442505750831 -0.00266688651508236
chr_20 6157081 6167425 0.00662296884751725 -0.0467457069132963 -0.00544886857493372
chr_20 6167432 6176932 0.00902516954003842 -0.0443901659756659 -0.00159990899921238
chr_20 6176966 6187226 0.00878069621796761 0.021121193610167 0.00483923372630959
chr_20 6187239 6198685 0.004303435244996 -0.0510039846806193 0.00105964993762199
chr_20 6198691 6207992 0.0123693934571444 0.00454737661140994 -0.0025830974987529
chr_20 6208006 6217879 0.0116751930037753 -0.00340602592249996 0.0152068418319446
chr_20 6217881 6226997 0.000511975345335787 -0.00381816649432929 0.0196553539769904
chr_20 6226999 6235500 0.0148574043876922 0.0050771655877677 -0.00488375673402298
chr_20 6235502 6244778 0.00913169745711012 0.0477384970254444 -0.00599742475247743
chr_20 6244781 6253764 0.0164871356318428 0.0527892312021607 0.018234977773465
chr_20 6253769 6264229 0.0168602878029681 0.0364901827855765 0.00659289295432583
chr_20 6264235 6275081 0.00926674198117918 -0.00977883248140357 0.00276627601510625
chr_20 6275087 6287681 0.00943109273306808 -0.00940258520157754 -0.00355617352281224
chr_20 6287705 6297514 0.00707498259423776 -0.0298599605596314 0.00541001485578585
chr_20 6297522 6309524 0.0101035804330856 0.00424934753973995 -0.00447005612157997
chr_20 6309540 6325383 -0.000741174018733136 -0.0548842239284811 0.00356253909956154
chr_20 6325387 6340645 -0.00970969322873688 0.0220513345966004 0.0182937233055467
chr_20 6340648 6353353 0.013606878493358 -0.0283483014060643 -0.0144824646235792
chr_20 6353356 6365189 0.00111892359631375 -0.0510474231565117 -0.0103452235542408
chr_20 6365198 6376009 -0.000800627115018486 -0.0543985279595583 -0.00259161538485109
chr_20 6376029 6386476 -0.00279119447634503 0.0158955429613275 -0.011786112459067
chr_20 6386489 6396488 -0.00271935506972193 -0.0230350703105967 0.00850372893101729
chr_20 6396489 6408109 0.00715857369730257 -0.0307329329630912 -0.00652550649734593
chr_20 6408111 6420882 0.000317449440676425 0.0445284928554074 -0.0354419207396102
chr_20 6420888 6431610 0.00326580844314886 -0.0356609168673292 -0.00665700998465323
chr_20 6431615 6442506 0.0107136301075348 0.0424188755406412 -0.00806390507998509
chr_20 6442530 6454601 0.00677924412831953 0.0035124438948161 -0.0224632215450479
chr_20 6454660 6465860 0.00406878175637683 0.0120569601871296 -0.0109827467750142
chr_20 6465881 6476853 0.013423846862354 -0.0249534960242546 -0.0134580496564768
chr_20 6476937 6488042 0.00856400297678825 -0.0111081186205206 -0.017469041804506
chr_20 6488122 6498830 0.0128019401909654 0.0391637878212671 -0.0230447810214383
chr_20 6498899 6509782 0.000662409289017397 0.0977857939120653 -0.0220308710088731
chr_20 6509791 6518832 -0.00111257471440272 0.0105979643459136 -0.0156220128968743
chr_20 6518833 6529219 0.00904125609742453 0.0153439264277533 -0.0127146449584141
chr_20 6529235 6539584 0.00721233319143313 -0.00112410534021643 -0.0125722285523429
chr_20 6539598 6548483 0.0125479219713938 -0.0153801671588064 -0.012632627992195
chr_20 6548489 6557523 0.0182004093437845 0.0371582606300752 -0.00493734921838821
chr_20 6557534 6566491 0.0164155229433883 0.0316729350918998 -0.0146436989242001
chr_20 6566497 6576736 0.017466651759667 0.080142464665655 -0.0106209447946805
chr_20 6576751 6585298 0.0242614611421989 0.028215060877888 -0.00752807300406245
chr_20 6585302 6595352 0.00965751579254609 -0.0334174018938491 -0.0105969752087849
chr_20 6595367 6605041 0.00014320946899441 -0.0377490094342932 0.000468849711986204
chr_20 6605042 6612575 0.00852619904739989 -0.038736904125406 0.0100333804056699
chr_20 6612588 6620667 0.0175269031260439 0.0201826602636067 -0.008610718225033
chr_20 6620671 6629166 0.00549242755894076 -0.0154529861083128 -0.0149854447236991
chr_20 6629168 6638535 0.0103649973330947 -0.0164709644625305 -0.00386780913800346
chr_20 6638541 6647145 0.00500594767738904 0.0258303310793169 0.00444687135408765
chr_20 6647151 6656088 0.0011556757141688 0.0158198752502403 -0.016642774352059
chr_20 6656090 6666221 0.00532304949651808 0.0105302285007702 0.00678461688542495
chr_20 6666226 6676046 0.00639311761917927 0.00813603361859649 0.000385191064277575
chr_20 6676085 6686452 0.0073358255938472 -0.0358258428144556 -0.00467329492702125
chr_20 6686463 6697247 0.018637816988963 0.0544404137558645 0.00118504184078391
chr_20 6697251 6707777 0.0108252919649207 -0.0369057992270239 0.00242091986205006
chr_20 6707778 6716044 0.00450086367322063 -0.0324654943057537 -0.00773497788377919
chr_20 6716057 6726219 0.0115319618229162 0.0707879844188159 -0.000230899402476213
chr_20 6726223 6735803 0.00848623483121398 -0.0451807312701618 -0.00246722701839472
chr_20 6735813 6744577 0.00556284499435239 -0.0311287928257143 -0.00133757685618209
chr_20 6744580 6755250 0.00973304942742141 -0.0459234607297143 -0.00232382306272358
chr_20 6755256 6766141 -0.00220158744741477 0.0113250347472967 0.0041452109417582
chr_20 6766153 6777849 0.0112924217121945 0.0198958720580297 -0.0130091575001098
chr_20 6777853 6789729 0.0163270796764013 -0.00911681192982736 -0.00451411992703519
chr_20 6789742 6801953 0.00323692507978506 -0.0198843333354956 0.00899702476686787
chr_20 6801957 6812703 0.00277015439254765 0.0268311694869334 0.0103338068394327
chr_20 6812714 6820627 0.0153315314601446 -0.00579664017373794 -0.00620637333484903
chr_20 6820645 6830704 0.00434746935545217 -0.0307478128616659 -0.00155938930489047
chr_20 6830706 6840901 0.0104987919889413 -0.0206174431849249 -0.0084301275087973
chr_20 6840903 6852927 0.0172899669254147 0.0393850715309747 -0.0134719824878908
chr_20 6852929 6866156 0.0111844621290541 -0.0277297642095976 -0.00405505704371521
chr_20 6866171 6879487 0.0109133460125749 -0.0281340934879388 -0.00620980834850815
chr_20 6879488 6888397 0.00071747855493434 -0.0100658174473899 -0.00773611818132961
chr_20 6888398 6898040 0.0133345987905181 -0.0170862696839825 -0.00535547922888036
chr_20 6898046 6908082 -0.00854219640901017 -0.0369817287223669 -0.00818930928813381
chr_20 6908088 6917423 0.00502360983181032 -0.0453339884172759 0.00765814852701411
chr_20 6917432 6926791 0.00709934301106387 -0.0237418272355681 0.00322901922326592
chr_20 6926797 6936609 0.00890121560606972 -0.0466483285321566 -0.00248526234812139
chr_20 6936611 6947517 0.0134745408881391 0.0304012224911664 0.000913031519815249
chr_20 6947518 6958700 0.0128037810589755 0.00352200296657357 0.000384113865026628
chr_20 6958704 6971656 0.0174784395581303 -0.0132961186958448 -0.00404625978673626
chr_20 6971665 6982880 0.00147763022027699 -0.00481005435381013 -0.00275761305099342
chr_20 6982887 6994787 0.00982935462170345 -0.00961593525976427 -0.0185255259279775
chr_20 6994796 7004648 0.0181343037227392 0.0114192770411991 -0.0154311876413425
chr_20 7004662 7014086 0.016362088219075 0.0179792035196429 -0.00611415488138248
chr_20 7014105 7023214 0.0110804137617034 -0.00732765197150284 -0.00288650898336317
chr_20 7023220 7035563 0.0144095420879002 -0.0200389920123863 -0.011539617383002
chr_20 7035571 7049270 0.00969070836827752 -0.0330681471563725 -0.0122051221776416
chr_20 7049271 7062012 0.00462869336219184 -0.0243069256301915 -0.00613918452802734
chr_20 7062013 7073584 0.00386159686958587 0.0259322682832364 -0.00961464805123623
chr_20 7073586 7083899 0.0109260421421084 0.00327826340875464 -0.0168475019498414
chr_20 7083918 7094471 -0.00216235425924792 -0.0057274474188742 -0.0171133536711315
chr_20 7094478 7105841 0.0110321124632025 -0.0378514742410197 -0.00620900021116317
chr_20 7105847 7116103 0.00978072561488454 -0.0385709019875622 -0.00659920729854935
chr_20 7116107 7125500 0.0107638511206814 -0.0547433673523331 -0.0010861307244342
chr_20 7125537 7135404 0.00652423689451217 -0.0441109127245591 -0.0120869458341105
chr_20 7135406 7146209 0.00547208089569064 -0.0182028961409503 0.016123860452657
chr_20 7146218 7156097 0.000515868411821924 0.0397169442829258 -0.00186304484339374
chr_20 7156098 7175456 0.00886788473216774 -0.0262099759296762 -0.025101694706765
chr_20 7175459 7185360 0.00975051846425199 0.0169842058542429 2.31076918898686e-05
chr_20 7185364 7196140 0.00141178478306103 -0.0476788597657339 -0.00986583480297061
chr_20 7196158 7207659 0.0110220973329507 -0.0487098599541097 -0.00523958041984858
chr_20 7207661 7217892 0.00815258127647718 -0.0251511568995446 0.00120297947326194
chr_20 7217921 7226889 0.0114183204792805 -0.0172264192160591 -0.00225245549468129
chr_20 7226894 7236842 0.0183420965049481 0.0099463873091581 -0.00622165209446099
chr_20 7236843 7246978 0.0185298075166004 -0.00301214974216181 -0.0055494725448624
chr_20 7246979 7256187 0.00450442721963084 0.0150642209382318 -0.0174195869430112
chr_20 7256207 7265748 0.0192255532625442 0.0127127509398319 -0.0113102831940502
chr_20 7265749 7275983 0.0120554724053909 -0.0374767458598611 -0.00738864571650446
chr_20 7275984 7285555 0.0163465361479648 -0.00783887811179933 -0.0121685752189831
chr_20 7285560 7294723 0.0164585411012882 -0.0191402654160704 -0.00386155601384273
chr_20 7294725 7304186 0.00800752758732263 -0.0485267319788874 0.0027759495968993
chr_20 7304213 7314140 0.0141491768353207 0.0171771365517735 0.00395591543666897
chr_20 7314161 7322676 0.0150249997490921 -0.0308978898657594 -0.00738517536516784
chr_20 7322677 7331728 0.0135908592943064 -0.00412858879432841 0.00120039933814134
chr_20 7331747 7341751 0.0115758214877246 -0.0390280463515214 0.0064288338469866
chr_20 7341753 7352220 0.0145215680118456 0.0507969916571201 -0.0123505841574847
chr_20 7352229 7363660 0.00242588359486182 0.0103449031611405 -0.000151265477998221
chr_20 7363675 7372898 0.0136812213501165 -0.0270991456596264 -0.00578409247243487
chr_20 7372904 7381672 0.00639797837890109 -0.0432884104206632 -0.0052900895517944
chr_20 7381674 7391168 0.0191339974016605 0.00591579917875737 0.000437306838228352
chr_20 7391186 7400330 0.00431870873817277 0.0011348242646123 0.0110063155106621
chr_20 7400360 7411103 0.00780200196692881 0.0354027079882465 0.00786599631219255
chr_20 7411117 7420570 0.0103491742907313 -0.0524048227424695 -0.00749800906754813
chr_20 7420573 7430164 0.0131641117641213 0.00264958578770134 -0.00973436836271729
chr_20 7430169 7439330 -0.00174084773013041 -0.010467636061211 -0.00298907733227069
chr_20 7439356 7449142 0.00455173379325661 -0.0264657140900364 0.00300173467074267
chr_20 7449145 7457621 -0.000326731259306265 -0.0279140483949447 0.00706013872288341
chr_20 7457630 7467423 -0.00841542059764637 -0.0502676865112501 -0.00896861936050839
chr_20 7467425 7477100 0.0137644181812203 -0.0429346432813165 -0.0160617395501937
chr_20 7477102 7486594 -0.0106909218965906 -0.0363890466970171 0.00190868795381369
chr_20 7486599 7496552 0.00344804754146057 -0.0100724804407138 0.00923592774608214
chr_20 7496589 7507872 0.00431174079759564 0.00262860185877575 0.0309299359487041
chr_20 7507879 7516980 0.0154774691877042 -0.0322266142226155 -0.00619104380124177
chr_20 7517001 7528454 0.0172748087718757 0.0122204995935112 -0.00462630111900027
chr_20 7528476 7540508 -0.00522704349645229 0.00101312394406232 -0.00874490667306602
chr_20 7540519 7551607 0.0119247776836428 -0.0143093619934993 0.00260882779604688
chr_20 7551629 7561207 0.00415306083283949 -0.0285705292189914 0.00170058862939592
chr_20 7561210 7570395 0.0170717381119876 0.00175688656203912 -0.00183032124235827
chr_20 7570396 7580731 0.0106640174589149 -0.038257759764092 -0.00784367454074348
chr_20 7580735 7590785 0.00531942983934409 -0.026126151383925 -0.018731556784285
chr_20 7590802 7601523 0.00531785176604526 -0.0148586728278239 0.00311793131200205
chr_20 7601529 7612527 0.00264067908053315 -0.0524840927453181 -0.00736878785257531
chr_20 7612533 7623674 0.00948226340381712 -0.0283921503518289 0.000152773034990084
chr_20 7623679 7636199 -0.000598361784458013 -0.0488166642548847 0.00831858836577095
chr_20 7636205 7646972 0.00168354630602677 -0.0493719424441116 -0.0143611082430738
chr_20 7646973 7657960 0.0044133769194633 -0.0526248487967316 -0.00677725716929778
chr_20 7657965 7666356 0.0163731778785009 0.0318054696381517 0.000887549197932157
chr_20 7666364 7676271 0.0190458806545876 0.0385837302014998 0.000327870696784388
chr_20 7676274 7687247 0.0100557674737738 -0.0324419036128441 -0.00741119993036748
chr_20 7687259 7695678 0.0163436904344147 0.0364837361403749 -0.00148314266916519
chr_20 7695681 7705044 0.00467152732971303 0.00285963490786241 -0.020966212532222
chr_20 7705045 7715196 0.0142641312374894 -0.0398708388375756 -0.00244516585376642
chr_20 7715205 7725053 0.0082303702708282 -0.00887244723686743 0.00545295067139271
chr_20 7725066 7735265 0.00492355378265187 -0.0505990529275862 -0.00364942397593266
chr_20 7735301 7744581 0.00439562862454032 -0.0374001391479287 -0.00729096863478489
chr_20 7744604 7754901 0.00777481392056339 -0.0138841728510334 0.00841747051948131
chr_20 7754908 7764419 0.00979683356613057 -0.0220272768579137 -0.00206140647651296
chr_20 7764423 7774949 0.013492331887614 0.0139138773023904 -0.0123790416569305
chr_20 7774957 7785176 0.00168213633480919 -0.0263750334137571 0.0131891765333678
chr_20 7785179 7796349 -0.00107619611139634 -0.0436741589841418 -0.0084991586862919
chr_20 7796358 7807372 0.00681672029368911 -0.0504699903526721 -0.0111272941572309
chr_20 7807385 7818092 0.00755253168460455 0.0395374788555219 0.0172252572692292
chr_20 7818097 7828259 0.0043683336712092 -0.0302151232994069 -0.00337559042914611
chr_20 7828261 7839006 -0.0073022431575963 -0.00942875026590386 -0.0122377945087936
chr_20 7839015 7849670 -0.00708771435230184 -0.0409647285196017 0.0017637490864508
chr_20 7849671 7861398 0.0125484070826966 -0.00685574274463393 0.00999273827143559
chr_20 7861400 7871853 0.00820121152861074 -0.0382994091166522 0.00758786098030852
chr_20 7871873 7881402 0.00525758575152977 -0.00695259381094125 0.00335138144783519
chr_20 7881403 7891548 0.012074390437328 -0.0454005085035376 -0.00862372740078183
chr_20 7891549 7902280 0.00680349042177024 -0.027148206299233 -0.0193200240434093
chr_20 7902332 7913857 0.0195513134730953 0.0148268869013068 -0.00616577203277667
chr_20 7913859 7923444 0.0192628753780709 0.0243338209065762 0.00239974743187003
chr_20 7923456 7932096 0.0133682944180826 0.00483054597140048 -0.0108618014074525
chr_20 7932099 7941661 -0.00178439333001332 -0.0217555250887074 0.0268175300685925
chr_20 7941680 7951529 -0.00777208028402475 0.00434507900469001 0.0120119923346407
chr_20 7951531 7960981 0.0154538592874695 0.013628597666714 0.00865250797796475
chr_20 7960987 7970760 0.0102052629854165 -0.0222606943979065 -0.00444603655375015
chr_20 7970771 7981444 0.0164210169545799 0.0343865431322253 0.00153808121570922
chr_20 7981447 7991505 0.0057286958640427 -0.0213210698481531 0.000899504588523441
chr_20 7991520 8001338 0.00740734592295867 -0.00438729464219033 0.00881403736064994
chr_20 8001344 8011110 0.00114177659400977 -0.0107087237505648 -0.0107524924884619
chr_20 8011112 8020226 0.00994122607565426 -0.0296576700937873 0.00237237217771069
chr_20 8020234 8029531 0.00124955779745393 -0.0131287130762019 -0.00476727825548119
chr_20 8029560 8039718 0.0104589623783351 0.00571778844405819 0.00216566805358281
chr_20 8039763 8049293 0.0117352679332091 -0.04217339945509 -0.0179995614147647
chr_20 8049302 8060413 -0.00812200459905916 -0.0390816286535933 -0.0250462974984997
chr_20 8060427 8071085 0.0152928424350797 -0.0195279342105415 -0.00950728162971041
chr_20 8071102 8081894 -0.00815269336509893 0.0372858142229327 0.0109568185337309
chr_20 8081896 8090478 0.0215500873491943 0.0096300655796981 -0.00498087353881162
chr_20 8090479 8099527 0.0173359092229556 0.0370315476856852 0.00270142562580186
chr_20 8099529 8108473 0.00964793786212573 0.0158830132872353 0.00867106734845043
chr_20 8108482 8117332 0.0105825485230312 -0.0033600139716093 -0.0133984929238553
chr_20 8117337 8126747 0.0185758381223544 0.0797040877447752 0.00444694165639129
chr_20 8126748 8134783 0.00465757374576959 -0.0272624006894936 4.09788404882125e-07
chr_20 8134788 8144642 0.00110010127315296 0.0567918381368272 0.00516749933842668
chr_20 8144670 8154694 0.0108177223950798 0.0187902269299761 -0.0016989426460522
chr_20 8154723 8163898 0.00299640092890963 0.00930686938695313 -0.0102925255261008
chr_20 8163912 8174042 0.0191570412700996 0.0256024623444179 -0.00335099826014207
chr_20 8174050 8183061 0.0106294874775312 -0.0470742745395615 -0.00288847315931132
chr_20 8183067 8192912 0.0121191978768132 -0.0317878681189214 -0.00741054511419301
chr_20 8192917 8201629 0.00177021163472114 -0.0339955383784846 -0.0105413792969483
chr_20 8201630 8209581 0.00632109513293266 -0.0335923825584393 -0.00325988432209407
chr_20 8209594 8219815 0.0135781980135152 -0.0392529659261336 -0.00833222380259353
chr_20 8219816 8231586 0.0125976883182544 -0.0406394732319336 -0.0178853745332429
chr_20 8231592 8240599 0.0148450095821553 -0.0201908841600953 -0.0130120246623609
chr_20 8240602 8250894 -0.0057476105854724 -0.0166563681605081 0.00125005834119178
chr_20 8250902 8260709 0.0140314743857344 0.0116088115120226 -0.00292093713842223
chr_20 8260710 8270496 0.00461510745333779 -0.0202817494362012 -0.00134798110969476
chr_20 8270498 8281293 0.0155341349185168 -0.0131342025086163 -0.00206576588295844
chr_20 8281310 8292793 0.00719105093192618 -0.0203497511824846 -0.0109051796117252
chr_20 8292794 8303704 0.00613127658173144 -0.0131739277448491 -0.00541951851227048
chr_20 8303716 8313455 0.00566875814301868 0.0113393642119866 -0.0102343298411198
chr_20 8313456 8322886 0.00892616906415606 -0.0144240481873638 -0.00801961632043338
chr_20 8322938 8333805 0.00250450638624979 -0.0454133951654375 -0.00893844535254919
chr_20 8333809 8342295 0.00759763891289323 -0.0245212175486219 -0.00896409527265016
chr_20 8342305 8351579 0.0133335639146649 -0.0153867779941706 -0.00223058739682623
chr_20 8351582 8360980 0.00679302369007427 0.0108728456843889 -0.00452195196993931
chr_20 8360986 8370525 0.0105226706294853 0.015889984043619 0.00119908582894662
chr_20 8370526 8381075 -0.00141718257463918 0.0149070054540019 -0.000954283557417531
chr_20 8381085 8390938 0.0201270981281092 0.0846400191778683 0.00904698572072108
chr_20 8390939 8400705 0.0170200947844656 0.0536555928983212 0.0187044243586052
chr_20 8400728 8410310 0.0180814058031298 0.079684844021 0.0224455916207025
chr_20 8410318 8419673 0.0242265446004913 0.0694512438264288 0.00355116123072981
chr_20 8419683 8429896 0.00859077523049581 -0.00886946035270189 0.00502719155547766
chr_20 8429898 8441628 0.0138681882664733 0.0249595461610419 0.0055698917037729
chr_20 8441629 8453475 0.0169840333922443 0.0488611687157498 0.00852775078341531
chr_20 8453478 8463487 0.0144088280814078 0.172719905193762 0.0219903703391358
chr_20 8463495 8473276 0.0184995028785484 0.116057742266936 0.0302554631673928
chr_20 8473279 8485151 0.010392854405899 0.121241119039246 0.0269857098200088
chr_20 8485153 8494058 0.0182045643549058 0.0892661422094456 0.0283774603729819
chr_20 8494059 8504326 0.019579328694198 0.172630741512694 0.0262804370011748
chr_20 8504332 8514030 0.0239388922618525 0.17750147023023 0.0292130437337781
chr_20 8514035 8523403 0.0236824111299011 0.110064695932273 0.0285931928573057
chr_20 8523425 8533203 0.0183946505173511 0.0476456337606229 0.0114609369106194
chr_20 8533213 8545888 0.0224964991960399 0.115759179597269 0.0238975844846877
chr_20 8545889 8557247 0.0140670324346121 0.137018646070442 0.0504430973978241
chr_20 8557251 8568582 0.0128564320866827 0.104851234368055 0.0231418155655212
chr_20 8568596 8581224 0.0260032610581746 0.128670542652904 0.0338290836877876
chr_20 8581266 8591606 0.0185639159753961 0.031615250394193 0.0022447950273495
chr_20 8591612 8601964 0.0182830038476985 0.0393464105493435 -0.00271505958903236
chr_20 8601965 8613350 0.0142258381758396 0.0488998283521754 0.0195770729239173
chr_20 8613366 8625026 0.00483629755587525 0.00365705890404504 0.0069447721762465
chr_20 8625031 8635622 0.00329312099465971 0.0491461782538027 -0.00418950951074729
chr_20 8635624 8645046 0.0102767936812202 0.0527952414007231 0.000245355062552404
chr_20 8645059 8652700 0.00165165200514965 -0.0140730110560097 -0.00112525684331593
chr_20 8652721 8662534 0.00947185201961442 0.0135873966242191 0.0077101191947769
chr_20 8662537 8672048 0.00436285426099193 -0.0380801620975978 -0.00427124079889585
chr_20 8672051 8681923 0.0072663284342087 -0.0249714034454215 -0.00793296675634706
chr_20 8681932 8691027 0.0120765510687361 -0.00617311388761085 -0.00448105911793566
chr_20 8691031 8699307 0.00701274869992545 -0.0333966085322581 -0.00493740559952527
chr_20 8699314 8713032 0.0209817940922243 0.0520536991840932 0.00798608634977243
chr_20 8713037 8757145 0.0170320641189937 0.031786205296854 0.0156904704109078
chr_20 8757158 8801488 0.0161106398198398 0.0358062696769885 0.00783123729044716
chr_20 8801491 8852274 0.00161880371780053 -0.00360745505635629 0.0248746079250228
chr_20 8852278 8895578 0.0167113370729606 0.132345061808301 0.0313328989081034
chr_20 8895960 8926040 0.0194058540631571 0.0957489975900778 -0.00788890816373682
chr_20 8926050 8950417 0.0102042584217191 0.120230349818875 0.00533115664290187
chr_20 8950418 8960529 0.0113073391236399 0.14301076839723 0.0197348338676623
chr_20 8960531 8971192 0.0191952467792092 0.134716734321365 0.0108517799799419
chr_20 8971194 8982215 0.0144517643623412 0.121185022833507 0.011439876503079
chr_20 8982222 8991571 0.0416584705804402 0.197327716628234 -0.00286407979849304
chr_20 8991587 9002733 0.0057130875885253 0.0297647037002669 0.00687959308035587
chr_20 9002739 9012478 0.0300262243087313 0.0669422629102576 -0.00724061607241297
chr_20 9012489 9020767 0.0281531164729038 0.0751760094810029 -0.00620674978641243
chr_20 9020777 9030748 0.0187181504912039 -0.00181654858892603 -0.00908381494712679
chr_20 9030751 9040812 0.0203784044258699 0.0242296663781145 -0.000744001826223182
chr_20 9040828 9050343 0.0121709450898062 0.0123622311927443 -0.00639191876000879
chr_20 9050349 9062064 0.0182560603932696 0.00667879826485287 -0.0018213484705125
chr_20 9062065 9071830 0.0175980928796205 0.0159981098671602 -0.0053608008341448
chr_20 9071839 9081033 0.00855752292189525 0.00277308278066325 -0.00612979679446154
chr_20 9081096 9091024 0.0178803472090122 0.0304254095917813 -0.00179253785612049
chr_20 9091036 9102070 0.0141928579407025 0.0164889797641069 0.00135409295983765
chr_20 9102074 9111890 0.0122868603118067 0.032220042415307 -0.0101618095459823
chr_20 9111894 9120871 0.0257292158688051 0.0441266646977199 -0.00927372571597611
chr_20 9120876 9131186 0.0110909663707843 0.0162394250641796 0.00695092221647385
chr_20 9131189 9140164 0.00787197442656633 -0.00711702652367871 0.00153937532163647
chr_20 9140165 9149419 0.00516685117683762 -0.0236808063063867 0.00628898635701348
chr_20 9149422 9158802 0.0132249910065722 -0.0288673870014101 -0.00897707287452005
chr_20 9158808 9169457 0.0109896940844366 -0.0238171848390369 -0.00665795555629402
chr_20 9169459 9180093 0.0131117492612696 0.00645702920234202 -0.0143277984298737
chr_20 9180125 9190146 0.010277491910537 -0.0320308128207212 -0.00528692578573497
chr_20 9190164 9199877 -0.00212555479379015 -0.0355445401059565 -0.00725309170361678
chr_20 9199905 9210179 0.00809412864293666 -0.0324329592988915 -0.000893698829273924
chr_20 9210180 9218724 0.0003425101225011 -0.0146690106576039 -0.0156382475628468
chr_20 9218725 9227024 -0.00948269884985998 -0.0395141403033275 -0.00237466602631921
chr_20 9227027 9235887 -0.00354224873722467 -0.014768705055523 0.00682083545688839
chr_20 9235897 9246650 0.0175803872772006 0.00813564670021301 -0.00863181826469295
chr_20 9246652 9255186 0.0165940767601107 -0.00499723695501293 -0.0031055233988999
chr_20 9255189 9265292 0.0126568772059463 0.044372250926682 0.00518841058418727
chr_20 9265309 9273402 0.00254469241675486 -0.0311086925398771 -0.00633807237204099
chr_20 9273423 9281925 0.00654400000796641 -0.00908763332775187 0.00908416466211718
chr_20 9281931 9291055 0.0145881225909785 0.00828744522782844 -0.00457955488700081
chr_20 9291058 9299436 0.0113011081451588 -0.0356600732215711 -0.00683052286648716
chr_20 9299439 9309543 0.0158803613873366 0.0375901603027335 0.0117644055368403
chr_20 9309548 9317797 0.00779133268859344 -0.0356213609479738 -0.0141447539192287
chr_20 9317803 9328392 0.0162051291951761 -0.0257082478481146 -0.00966014023171984
chr_20 9328395 9339256 0.0155320360916846 -0.00113283153847091 0.00520064100708272
chr_20 9339269 9348404 0.00149063081396803 -0.0270857031016239 -0.00380290616911719
chr_20 9348408 9357307 0.0113532266878455 -0.0208811448233577 -0.00352179422832909
chr_20 9357314 9366749 -0.000739791851814369 -0.00540457654275613 0.0163737308295162
chr_20 9366758 9376810 -0.0025931539725976 -0.021181612553665 0.0139588922545615
chr_20 9376811 9387651 0.00571489293607409 0.0126304561062338 0.00474050091748285
chr_20 9387654 9397524 0.0197615723949185 0.0486625670688432 0.000476749203744069
chr_20 9397528 9407960 0.00603453557788858 0.0519621549177245 0.00564358201758003
chr_20 9407963 9417244 0.0278996980092672 0.103952235637203 -0.00386943789474382
chr_20 9417254 9426525 0.0179063191318207 -0.00292788401348635 -0.0135458525644524
chr_20 9426542 9436956 0.00427712153977195 0.0256442001141832 -0.0143989608968899
chr_20 9436966 9447576 0.0192827288758094 0.0119833260209059 -0.014458354190744
chr_20 9447584 9457787 0.00638660852606087 -0.0367795219386636 -0.00481104760257545
chr_20 9457796 9469491 0.0102388429105639 -0.0213398396875719 -0.000969819896808816
chr_20 9469498 9481943 0.0233855844948776 0.0638949283579053 -0.00356810475142994
chr_20 9481951 9493897 0.0160913514217624 0.135335427998078 -0.00200498374774516
chr_20 9493898 9506846 0.0180893865996719 0.0500551289381575 -0.00190158034591232
chr_20 9506857 9516287 0.018800536776032 0.06901512671078 0.0127359256281573
chr_20 9516296 9525102 0.0199735474135348 0.101212654748921 0.000704087718718559
chr_20 9525130 9534389 0.0170419345993045 0.00958375742631374 -0.00707428666351043
chr_20 9534390 9543470 0.0172422798542508 0.0665795703607986 -0.00907980366776728
chr_20 9543483 9553430 0.0157377119698155 0.0492442695599256 -0.00278725831516391
chr_20 9553455 9561780 0.0184491156320325 0.0739530365372329 -0.00323685895232985
chr_20 9561787 9570442 0.0161548241229116 -0.0188979490712474 -0.00457204440141369
chr_20 9570449 9578649 0.013771375398104 0.0161753219690616 0.00573270156464863
chr_20 9578666 9586600 0.00371553794975874 0.0333497194527894 0.00384522911798842
chr_20 9586610 9594828 0.00544881135455175 -0.00214545927678172 0.00477494511979139
chr_20 9594830 9603882 0.0284604934850445 0.0911601048499965 -0.0045521765646228
chr_20 9603911 9613025 0.0172623109599856 0.127705311029684 0.0171550646217733
chr_20 9613026 9622323 0.00407141586957229 0.0217561118696404 0.00582270164665484
chr_20 9622324 9631629 0.0125549178676149 0.0242275973929062 0.00378132020966405
chr_20 9631630 9641599 -0.0136135576199569 -0.0293140130438735 0.00509158086068304
chr_20 9641607 9650784 0.0172699050251778 0.0270822928022886 0.000799438714819601
chr_20 9650792 9660282 0.00678424489071752 0.00826309551874839 -0.0160265990453088
chr_20 9660295 9670137 0.0175012945688261 0.0189154145095367 -0.00111498162479515
chr_20 9670138 9679535 0.0177703578909788 -0.0108321014182216 -0.0063746690458509
chr_20 9679540 9689463 0.0125427541716345 0.0158061128350345 -0.012905813553576
chr_20 9689585 9697506 0.0151761822991404 0.0473196273457407 0.00297106585732473
chr_20 9697507 9708268 0.00904976152191648 0.00533006267690099 -0.0104133157095949
chr_20 9708275 9718521 0.0147053661787233 0.00544357865002442 -0.00609814286507536
chr_20 9718522 9727527 0.00952267954386794 0.0639274829977968 -0.00910872375152614
chr_20 9727535 9739306 0.00943001975335134 0.0450894705515389 -0.00803633414379045
chr_20 9739312 9748082 0.0212561732626663 0.0855808336958681 -0.00474468512415229
chr_20 9748083 9758134 0.0230058958513431 0.055951533673283 0.00391383726598246
chr_20 9758148 9770362 0.0345267367979363 0.105364805229189 -0.011898104525809
chr_20 9770368 9781142 0.0243673395931523 0.0799449680518074 -0.00687909271162057
chr_20 9781152 9792769 0.0182963924119653 0.0101824339842671 -0.0111592221789698
chr_20 9792774 9803130 0.00347785619108931 0.00797818427933154 0.00179088597823188
chr_20 9803142 9814980 0.0116945082256363 0.00454783794975879 0.00869750797507152
chr_20 9814997 9824954 0.0299070801819921 0.0587005591959067 -0.00318413671831037
chr_20 9824962 9833613 0.0200814174407318 0.0276200063165072 -0.0129965721769266
chr_20 9833614 9843564 0.0264931326249821 0.0314520993470294 -0.00829424581149487
chr_20 9843573 9852982 0.0173505420646572 0.0167903934816615 -0.00123297960329591
chr_20 9852992 9861984 0.0274104885816104 0.0454832548461785 -0.00800262131272155
chr_20 9861986 9870667 0.018776063307708 0.0548104707601403 0.00259334400819448
chr_20 9870674 9881282 0.0146687609830934 0.0260750204706841 0.00129659478870415
chr_20 9881294 9890815 0.00957859941802605 -0.0253793828234985 -0.00980637607802298
chr_20 9890820 9900126 0.0034031743671664 0.0439145903700774 -0.0120733400728391
chr_20 9900136 9910995 0.0156467307135049 0.00149429393070384 -0.00318108904010447
chr_20 9911001 9921723 0.0153410869089137 -0.0111191697287982 -0.000133483270986206
chr_20 9921739 9932719 -0.00610265619596881 0.0447806269881949 -0.000567837586350647
chr_20 9932745 9944426 0.0173634874571111 0.0839972539757463 0.00332404252115017
chr_20 9944430 9955520 0.00192206581395536 0.018545367036389 -0.00191670222140512
chr_20 9955528 9965448 -0.00671277875748855 -0.00703615947776686 -0.0153507802524027
chr_20 9965449 9976055 0.0115513185984196 -0.00200437248995863 0.00159013674440894
chr_20 9976058 9985674 0.0145969176674062 -0.0224376254172604 -0.00517576350172574
chr_20 9985675 9995589 0.0240607700786956 0.082376317040157 0.0112366989107984
chr_20 9995593 10005513 0.0154843647109333 0.0471643608279724 -0.0072131275878299
chr_20 10005522 10015641 0.0230479763449401 0.0336087727737663 -0.00581073895414623
chr_20 10015642 10025357 0.00760501457311979 -0.0513983723808852 -0.00051234136120778
chr_20 10025359 10035611 0.0153122563832218 -0.0179883483219562 -0.0152038467855606
chr_20 10035612 10046480 0.0216308152082158 0.00264283133639292 -0.0117160602004306
chr_20 10046487 10055880 0.000782969879868103 -0.0464131164958586 0.00508783677323838
chr_20 10055888 10067845 0.0056357915421759 -0.0326965523898525 -0.0143355647216921
chr_20 10067846 10080948 0.0110645062003496 0.0392092932470343 -0.00667042040367658
chr_20 10080992 10095069 -0.0107049912302678 -0.0217154333760918 -0.00342077910107458
chr_20 10095072 10105900 0.00863105612080469 -0.00198238706242858 -0.00475237384966908
chr_20 10105939 10114685 0.0125821261048412 0.00420809703219798 -0.0102817669839476
chr_20 10114691 10124282 0.00912937778035264 -0.0125348591198895 -0.0130673712618466
chr_20 10124289 10133350 0.0180062810236997 0.0464149362187529 0.00114676147455398
chr_20 10133352 10142042 0.0112205481439972 -0.0273156068674172 0.00246474502038007
chr_20 10142046 10154935 0.0143848450104738 0.0518078745734702 0.00338884135245924
chr_20 10154937 10165834 0.015067416960254 0.0567165719454286 -0.00575824224211568
chr_20 10165845 10176849 0.0128226342173825 0.0349336832284996 -0.00223198332693787
chr_20 10176850 10186449 0.0194442429605062 0.0650906126497839 0.00496439031425054
chr_20 10186461 10196235 0.0127503485212089 -0.0064858493993813 -0.0141938527514623
chr_20 10196241 10206732 0.0149670896193892 0.00409459182122941 -0.00135054874674943
chr_20 10206749 10215076 0.0102812342760014 0.0315633547644318 0.00144171774770148
chr_20 10215078 10224272 0.0112233955416338 -0.00514998205051406 -0.00708161108337398
chr_20 10224273 10232749 0.0177557043478523 -0.0182515183927115 0.000516677764321246
chr_20 10232793 10240906 0.00204664303700866 -0.0326943854506921 -0.0140779472457463
chr_20 10240910 10249570 0.0297694684522838 0.0915940195662274 0.00299954372685908
chr_20 10249571 10258048 0.0197564665528536 0.0793868945303076 0.00987692890914398
chr_20 10258052 10267618 0.00991522573136816 -0.0261162434025606 -0.00937753172305965
chr_20 10267664 10276863 0.0111722274394139 0.034786893509614 0.00421515740805727
chr_20 10276865 10287663 0.00812945151421029 0.0336431552908076 -0.0120019406321684
chr_20 10287664 10297375 0.0104436707051693 0.0839943613373014 -0.000741752667709962
chr_20 10297379 10307613 0.0115645529346694 -0.0448743069408115 -0.0130075359145026
chr_20 10307616 10316748 0.00895178987030136 0.0655884851447297 0.00807941136988852
chr_20 10316756 10326647 0.0194231732360174 0.040034053882091 0.0084681579058356
chr_20 10326648 10336349 0.00407080335218382 -0.0210430000732956 -0.00943901430246072
chr_20 10336352 10345275 0.0135783206702148 -0.0265745824912412 -0.0166421134932615
chr_20 10345279 10356873 0.0176068492726321 -0.0203152333438756 0.00354571987061507
chr_20 10356875 10366368 0.0130314503066744 -0.029842274741319 0.000578901970744458
chr_20 10366379 10376970 0.00478600721019633 -0.0131660887130867 -0.00710415672224436
chr_20 10376973 10386356 0.0162626386743016 -0.000892387388431227 -0.00591555086930367
chr_20 10386363 10396922 0.0177748287623147 0.0213477012045101 0.00112336345436667
chr_20 10396931 10407864 0.0170346977685388 0.0115700045008869 -0.0101653076261341
chr_20 10407873 10416745 -0.00208273049355222 -0.0363765999299135 -0.00369194771648892
chr_20 10416764 10427589 0.0134891121009335 0.00806750953924017 -0.0228239538417333
chr_20 10427590 10436744 0.00162760292900783 -0.0284487893182206 -0.00881505299788346
chr_20 10436757 10448417 0.0107728068810178 -0.0148538528523999 0.00593926662118367
chr_20 10448418 10458647 0.0114989142490578 -0.0397812567378595 -0.00632003857055077
chr_20 10458669 10471442 0.0100182280175556 -0.0556037096834872 -0.00372233768766157
chr_20 10471455 10480770 0.0113030701772712 -0.0261665115943645 0.00818238099871672
chr_20 10480799 10491382 0.0101171175735187 -0.0514553394000071 -0.00604954548938066
chr_20 10491432 10501592 0.0119208586838196 -0.04228693728695 -0.000590817470474409
chr_20 10501593 10511148 0.00578309541764959 -0.0592489217424336 0.0017298017579774
chr_20 10511150 10522655 0.00768222863281223 -0.0209105422262938 -0.00493853376426113
chr_20 10522710 10532652 0.00495173582176814 -0.0512453602721796 -0.00137730646365268
chr_20 10532653 10542575 0.0116950796266398 -0.0288173324127949 0.00586385597911543
chr_20 10542590 10553629 0.00708407315620495 -0.022840855233569 0.0016774108733677
chr_20 10553630 10564470 0.0151138609759312 -0.0109530144922533 0.00230393570613775
chr_20 10564485 10576071 0.00772722452201643 -0.0466847839565291 -0.000164156964632584
chr_20 10576074 10587058 -0.0110804393265659 -0.0543933785765777 -0.00435986705086865
chr_20 10587084 10597316 0.0062338477661741 -0.0523653640415606 0.0105736631428494
chr_20 10597322 10610078 0.00486864904901142 -0.0315187454652342 0.00249638478094455
chr_20 10610088 10621068 0.0120502081953769 -0.0286974852600584 0.0025793325816114
chr_20 10621069 10631859 0.00459714889792441 -0.047303536866571 0.0151349674096228
chr_20 10631863 10655339 0.0118387963346494 -0.0167240959738012 0.0159479751848064
chr_20 10655343 10665650 0.00905576498253788 -0.00879618208036074 0.0154766928419732
chr_20 10665652 10683243 0.00815119229899008 -0.0181832840353706 0.00646156504355162
chr_20 10683250 10692763 0.000119965969713734 -0.0220210168405915 0.00119185307090639
chr_20 10692768 10702777 0.00115140837256093 -0.0450704954291588 -0.00677945689596127
chr_20 10702786 10713947 0.0110986823750351 -0.0200717701652045 0.00132617092869548
chr_20 10713951 10727094 -0.00821713283638369 0.00144919214611224 0.0149116204246372
chr_20 10727103 10739106 -0.00884584150942856 -0.0187350202684069 -0.00449628876479275
chr_20 10739107 10749815 -0.00459685992183465 -0.0451274235220517 0.0194450187841546
chr_20 10749844 10760366 0.0172023787808093 0.0112699183239534 -0.00237232518539536
chr_20 10760373 10770937 0.00242942761375518 -0.0475523745765881 -0.0166147914432285
chr_20 10770942 10781401 0.0021365867158414 -0.0596435100852395 -0.0150821711682786
chr_20 10781402 10793715 -0.00575590127595054 -0.0563975975670751 -0.00819604166284118
chr_20 10793719 10804176 0.0125996495912374 -0.0384418479009874 0.00384200314925303
chr_20 10804194 10815382 0.0111484044375556 -0.0388968450582962 0.0124302846240993
chr_20 10815386 10824469 0.0105024471607252 -0.0151694759322046 -0.00164919494186301
chr_20 10824470 10836565 0.00811228269389313 -0.0476889793614417 -0.00364068702509373
chr_20 10836580 10848912 0.00503141168582798 -0.0307339463412305 -0.00511457310656244
chr_20 10848929 10861652 0.0153747544300336 0.03893942898564 0.0125333800201543
chr_20 10861656 10873489 0.00727923791631179 -0.0332712002892633 0.00886056456647264
chr_20 10873495 10884068 0.0162401439611353 0.0527711597531653 0.00874630846813589
chr_20 10884071 10895452 0.0278400850724691 0.083838469233403 0.0180779719543599
chr_20 10895454 10905244 0.0136330658026215 -0.0187815212636312 0.00691453054294623
chr_20 10905245 10914394 0.0139512622486483 0.00171277631815268 -0.00739710882478695
chr_20 10914399 10925622 0.00761371955521343 -0.00630882264907126 -0.00663054233905368
chr_20 10925646 10936256 0.00913452646570764 0.0076037216874631 0.00914758345864909
chr_20 10936259 10946456 0.0020929895318256 0.0103213569762635 0.00103063307438391
chr_20 10946460 10955724 0.00259385491377551 -0.0067011578347265 -0.00190945965193721
chr_20 10955730 10964876 -0.000456062098080602 -0.0506607001065033 0.00428571115903266
chr_20 10964883 10974796 0.0201013526719816 0.0103960511287438 0.0118620492288126
chr_20 10974799 10985304 0.0122266897365903 -1.46754756337686e-05 0.00121989294338284
chr_20 10985306 10996682 0.0185660839391261 0.0296594925204907 0.0246276235993777
chr_20 10996690 11007820 0.0100539070704412 -0.0167848912186429 0.0108235455585364
chr_20 11007830 11018439 0.00958387619236777 -0.0409170040419177 0.000149368111971737
chr_20 11018447 11030341 0.00912380408324573 -0.0250061121117753 -0.0111466204317814
chr_20 11030349 11043194 0.015835519507923 0.00305599259033544 -0.00659583907534203
chr_20 11043200 11055892 0.0144358635931523 -0.0323051570973699 -8.69406780894855e-05
chr_20 11055898 11068191 0.00695537153721967 -0.0543634860997935 -0.00801918426931994
chr_20 11068212 11080887 0.0120275300019975 -0.0284553127971021 -0.00433006055936209
chr_20 11080888 11093493 0.00568953313718153 -0.0330817973789928 0.0148943558627794
chr_20 11093495 11107145 0.00442379100922758 -0.0558972883745091 0.0123626850371236
chr_20 11107149 11123646 0.0112111917058176 -0.060310160366078 0.0340429039980724
chr_20 11123647 11138958 0.0045990274599982 -0.0593748816314251 0.0602233508236503
chr_20 11138973 11155083 0.00425474163568689 -0.130188429221998 0.18974265679572
chr_20 11155086 11171423 0.0077723772098682 -0.182946155329234 0.291097450470637
chr_20 11171444 11187756 -0.00489420329050098 -0.177338757065388 0.274751852937463
chr_20 11187767 11205205 -0.00329242100984624 -0.167975488068661 0.246483719457473
chr_20 11205248 11221826 0.0111452720071701 -0.130573827744889 0.20066967874846
chr_20 11221827 11236355 0.0083731352551221 -0.109575744684801 0.132854794798806
