chr pos posright MDS1 MDS2 MDS3
chr_21 5485 28484 0.125855120484686 -0.0564264539303244 -0.423811200805532
chr_21 28495 44151 0.152940400843478 -0.0737078403585511 -0.615588411433626
chr_21 44166 61772 0.136305777611895 -0.0647354575125934 -0.49631955982734
chr_21 61783 79501 0.147287680130286 -0.0709676737836122 -0.568599038876547
chr_21 79509 100017 0.144721078355986 -0.0694849997018084 -0.540620257679402
chr_21 100028 120749 0.127026234469237 -0.0574692377456037 -0.435282963920363
chr_21 120763 140331 0.133245596528477 -0.0635339172922569 -0.457939397806777
chr_21 140334 160740 0.12766519723136 -0.0597032723056477 -0.41449853403597
chr_21 160741 178178 0.105793452039369 -0.047146423681837 -0.289100897179488
chr_21 178202 194179 0.090740632304254 -0.0255908188006551 -0.0869916613399797
chr_21 194181 209398 0.0641047606927307 -0.030506645705523 -0.051817492066493
chr_21 209411 223061 0.0653474619453844 -0.031464020194109 -0.0189605593712921
chr_21 223062 235328 0.0711586779683316 0.00943327239658321 -0.0189559205487544
chr_21 235337 248268 0.0744317520640045 0.00243292026317185 -0.0036924231625744
chr_21 248272 260775 0.0705389849443303 -0.000621248686985486 -0.0229836054977345
chr_21 260792 271710 0.0713621161671072 -0.0103408480258261 -0.0365014197006954
chr_21 271718 283840 0.017843905838868 0.026449693063469 -0.0242127135727942
chr_21 283841 294666 0.0457652992644088 0.000322365122521028 -0.0126783312461671
chr_21 294674 305018 0.0380306609436349 0.022332694494963 -0.0266635650082482
chr_21 305042 315296 0.0101946168692298 0.0134414327855626 -0.0250559924426558
chr_21 315302 325073 0.00127459127264895 0.0414376551339142 -0.0527279341720608
chr_21 325077 335087 0.0545084704398848 -0.00359549385456476 -0.00450213588234793
chr_21 335089 344079 0.0408567779849292 -0.00720963212924655 0.00212780436289244
chr_21 344099 353408 0.0136031754015949 0.0245507708694312 -0.0143262626603724
chr_21 353409 362289 -0.0146557541621936 0.0158126719550327 -0.0148175375821666
chr_21 362292 371910 0.051013645674985 0.0165413980833787 -0.0311194047690142
chr_21 371917 384686 0.0267520149211778 -0.00991806534489795 -0.0257046640293037
chr_21 384687 395490 0.0629686303678642 0.0250913581327163 -0.0297576341871522
chr_21 395519 404979 0.0521565527995791 -0.00520690549122878 -0.0229145279548695
chr_21 405009 414244 0.0532002366122161 -0.00229166081430916 -0.00643529215173652
chr_21 414266 423133 0.0402339418898452 0.00208084653680971 -0.00582158464435368
chr_21 423136 433333 0.0273330111028241 0.00532528360203134 -0.0208710147460879
chr_21 433338 443292 0.0604398400110611 -0.028120209433611 -5.05506184479996e-05
chr_21 443293 453882 0.0638527672269787 0.0110801524630965 -0.0210931605450559
chr_21 453886 466883 0.0299656378447734 -0.00196790434342248 -0.0272373159968483
chr_21 466894 478347 0.0273467720452731 0.0256621589282045 -0.0226837802279028
chr_21 478397 490187 0.043377031757888 0.0140069565900695 0.00349407825135181
chr_21 490190 500360 -0.0082963066786621 0.0242841168374565 -0.0197905074553951
chr_21 500380 512163 0.0578380240842594 -0.00361856463275014 -0.0313494071718716
chr_21 512174 521170 -0.0664307719976391 0.0585976334363381 -0.0315143611326243
chr_21 521171 531585 0.0277545702289831 -0.0162411287098337 -0.0221613600064387
chr_21 531588 541498 0.0579295458914626 0.0202129621260137 -0.00434254813729578
chr_21 541517 551396 0.0504113420042444 0.00904325389286168 -0.0125986410234675
chr_21 551397 559606 0.0292043653121468 0.019735063841819 -0.0154153547922027
chr_21 559610 568782 -0.0224462389638807 0.134015639625368 -0.0147323995273914
chr_21 568792 579881 -0.0511155115051307 0.108385520648787 -0.0224661903706466
chr_21 579882 587670 -0.0104547484658395 0.0913847391763628 -0.0140815591554942
chr_21 587674 597456 -0.00810387663365012 0.0723926123861908 -0.00622092460298319
chr_21 597464 606785 -0.0413683628521571 0.134868836535191 -0.0420352019779453
chr_21 606796 619179 -0.0281755736232673 0.193088531084444 -0.0338523479430445
chr_21 619183 628051 -0.0271714474157402 0.172698883336279 -0.0250535307060655
chr_21 628053 637694 -0.0509903922505838 0.198671711016958 -0.0271298044203618
chr_21 637696 648010 -0.0336344009261433 0.191485195886867 -0.0389163403734631
chr_21 648018 656031 -0.0572214608539496 0.234503009550306 -0.0437805701622549
chr_21 656044 664605 -0.101777913520376 0.247848137464836 -0.0570288159994231
chr_21 664608 672850 -0.0630214569792287 0.155429162316344 -0.0402740738760947
chr_21 672854 681091 -0.0813382502709421 0.164882372313417 -0.0288073234531974
chr_21 681101 688405 -0.0262612583576645 0.140647599881253 -0.0176450443237808
chr_21 688427 698163 -0.0938230851658627 0.23079330061348 -0.03830470411649
chr_21 698167 706950 -0.0304491857298866 0.165921046692937 -0.0112338082216013
chr_21 706955 717793 -0.046018856723511 0.200068545657241 -0.0178318085192864
chr_21 717804 727823 -0.0163015396320208 0.214941774634634 -0.0109331649621624
chr_21 727828 736358 -0.0622396790654336 0.212438534595153 -0.00972286455043012
chr_21 736364 744266 -0.0357880774750414 0.17299329828209 -0.00790412321815567
chr_21 744275 751696 -0.0564525192553025 0.173132184965287 -0.00697985313921464
chr_21 751701 761321 -0.0310387931129013 0.150176700615491 -0.00923389861006435
chr_21 761325 769776 -0.018991827201476 0.162374131446525 -0.0223854070400615
chr_21 769790 777510 -0.0545868596198648 0.182579735299236 -0.0345467891433208
chr_21 777523 785246 -0.0941019635213654 0.152303914053068 -0.0344652891308458
chr_21 785254 793214 -0.108694967155702 0.153987885866713 -0.0287931842117862
chr_21 793218 803883 -0.126308383788211 0.109693288789204 -0.0343451365119559
chr_21 803885 813019 0.000827633721191739 0.00692206168563302 0.00724250418534243
chr_21 813022 822521 -0.0282295963124635 0.0243201076023608 0.00511049611147606
chr_21 822522 829878 -0.0368268565659536 0.0235883264731235 -0.00293876123207707
chr_21 829880 840032 -0.00164187226729596 0.0378061942588709 0.000993239885651701
chr_21 840033 848798 0.0022302222271812 -0.00310788853157109 0.00906249653529404
chr_21 848800 855702 0.0233641897087441 -0.0148955469080962 0.0114894228878712
chr_21 855708 864235 0.0240240335369514 -0.0290942491361074 0.0133042549108698
chr_21 864950 875059 -0.012493443948824 0.0042112599299315 0.0171520560266138
chr_21 875063 884523 -0.0990888898813425 0.0581068389978782 -0.0101654469648015
chr_21 884550 892620 -0.034423466924512 0.109822906568513 -0.00929239938461099
chr_21 892622 900668 -0.0165090316122319 0.0998846535900343 0.00458078505290191
chr_21 900689 908090 0.0469154115503935 0.0350738622185582 -0.00884796468661379
chr_21 908096 916714 0.0627928396065774 -0.0139181209856134 0.00447593399334755
chr_21 916720 925595 0.0370168909999679 0.00219536182413943 0.00426756562587704
chr_21 925597 934733 0.0330031457991941 -0.009133910521985 0.000660974318912039
chr_21 934740 943087 0.0710997132833891 -0.00810547898224909 0.00766348658583764
chr_21 943093 952626 -0.0382609666170292 0.0143547542492582 -0.0201109830185527
chr_21 952630 961676 -0.0103807861354946 0.0470197265143923 -0.0161968263409829
chr_21 961692 969728 -0.0068885592271744 0.070675823065211 -0.00501766270910431
chr_21 969730 978917 -0.0444746381568915 0.0449410146420244 -0.0138772565102717
chr_21 978919 987427 -0.028715058308494 0.0927419492743038 -0.0182993635285226
chr_21 987431 996829 -0.0127842169059673 0.0523199098047114 -0.00803624728805689
chr_21 996853 1006221 0.00481440003009642 0.0636208545278862 -0.024917170333108
chr_21 1006229 1015644 -0.0321844126401091 0.0604449290605877 -0.0200521058854369
chr_21 1015670 1027651 0.00633337510262992 0.0380026299838295 0.00821804269015028
chr_21 1027652 1037467 -0.0246381086080019 0.0484071582949169 -0.0139032914816391
chr_21 1037470 1047812 -0.0596615255200676 0.105347596477799 -0.0239608117177462
chr_21 1047828 1056421 -0.0657178277247006 0.105575459051924 -0.0201112888121554
chr_21 1056424 1066358 0.0214949025562815 0.0114975891852689 -0.00725509797764902
chr_21 1066370 1075133 0.0024304636675984 0.0236888916105171 -0.010183555761455
chr_21 1075142 1084802 -0.000317072472806463 0.0630972132144866 -0.00277743788151968
chr_21 1084805 1094241 0.0386636391603821 0.0259283299511723 0.00418613549723938
chr_21 1094246 1102411 -0.0196897754189782 0.0540375913653802 -0.0206099721158906
chr_21 1102417 1110502 -0.0315575163070892 -0.00133180028095865 -0.00752787617548713
chr_21 1110521 1119026 0.00465338351460521 -0.0240411512294956 0.0132153606396732
chr_21 1119028 1128582 -0.0414919601050556 0.00664012078146193 0.000728507154356866
chr_21 1128584 1136558 -0.0484451915294924 0.00692427105958894 0.00543138920366419
chr_21 1136569 1144347 0.0126292995804784 0.00489916406317807 0.00696889403581127
chr_21 1144354 1154381 -0.0194158436611044 0.00294683177144727 0.00555547042935469
chr_21 1154382 1162976 -0.0729350205679326 -0.0126675681195567 0.00139673720514326
chr_21 1162979 1170967 -0.0661237449046189 -0.0345187455102602 -0.0119613310287659
chr_21 1170974 1178468 -0.0224763450628126 -0.0038215480217643 -0.00116334295455642
chr_21 1178488 1187990 -0.000257882619739759 0.0225454355603187 -0.00587334895382235
chr_21 1187993 1196991 0.0218687227955707 0.0283938630845937 -0.0196719621144101
chr_21 1196995 1205415 0.0728382817483624 -0.011528417500577 0.00112887585386067
chr_21 1205430 1214948 0.0224019588509263 0.0030617599804636 -0.0183463399691889
chr_21 1214959 1223583 0.0347218911260376 -0.0103702113977969 0.0111872041597037
chr_21 1223585 1232214 0.0117648965128152 0.00456963080047171 0.0180079042420607
chr_21 1232215 1241815 -0.0166801854975195 -0.0205043468780374 0.00542520771642608
chr_21 1241820 1250114 0.00833296375203816 0.00232810219738927 0.0111524769765762
chr_21 1250158 1259194 -0.0778211054157153 0.0047113549688584 0.00587981231678014
chr_21 1259202 1267452 0.0110913003270326 0.00762674306200009 0.0169226350477889
chr_21 1267458 1276164 -0.0565263269213045 0.0507518313364014 -0.00653399496364093
chr_21 1276171 1283910 -0.0196927105151417 0.0267593793698503 -0.00797558929492338
chr_21 1283911 1293401 -0.0476371556225086 0.0419218814343032 -0.0160712027894546
chr_21 1293403 1301919 0.00658414605484456 0.00323003737955262 0.00559335301385832
chr_21 1301925 1312137 -0.0522427772594102 -0.00614401975453027 -0.0189685530044693
chr_21 1312141 1321409 -0.0341643454961526 0.00925839542112089 -0.0142275632050812
chr_21 1321412 1330591 0.02190017818504 -0.0396049505225417 0.017703394652716
chr_21 1330645 1338645 0.00206413062783398 -0.0223685673218439 0.0163927953554853
chr_21 1338651 1348865 -0.0856954355564924 0.0161803091605693 0.0336563878053681
chr_21 1348867 1359467 -0.0152038406941416 -0.0141478848978938 0.0108515453232753
chr_21 1359469 1366879 -0.0714486611399343 0.028908374778622 0.0170123304174933
chr_21 1366883 1376255 -0.0739874381194553 0.0224803733792438 0.0162156850574522
chr_21 1376257 1388143 -0.0885008231263254 0.0115154469208129 -0.00677552455544096
chr_21 1388146 1396393 -0.148328133370724 -0.0270196840540321 -0.0334918192694204
chr_21 1396396 1407720 -0.12296642092633 0.0294194629312319 -0.0154281912563383
chr_21 1407743 1416410 -0.160771117680174 0.019981349077865 -0.0365133731628878
chr_21 1416412 1425860 -0.144298482182353 0.0245995126577784 -0.0135219977381991
chr_21 1425861 1435832 -0.117536688762896 0.00689413852620585 -0.0163833363533119
chr_21 1435838 1443665 -0.0346848141615843 -0.0144526312921665 0.00764492676164203
chr_21 1443667 1451499 -0.0185419004078768 0.0236179351517917 0.00608320148142868
chr_21 1451506 1460666 -0.0571638442205931 -0.0202272278692838 -0.0105780839329089
chr_21 1460667 1471211 -0.033093828241582 -0.0325501104891622 0.0052501120751259
chr_21 1471235 1479284 -0.0188211069457596 -0.023516946417684 -0.013584364033734
chr_21 1479285 1489097 0.00608139673149563 -0.0108775344663526 -0.00279272750830901
chr_21 1489098 1497307 0.00403989935566398 0.02630367867991 0.00789328682400466
chr_21 1497308 1506505 0.0513238456669193 0.00359988535045189 0.00295029971789547
chr_21 1506507 1514843 0.0166631979698774 0.0223171672756135 0.0173087488877334
chr_21 1514844 1524016 0.00466257588750555 0.0176984340700845 0.00797397079849946
chr_21 1524020 1532202 -0.0797542744665765 0.00577619814950769 0.000227928294273093
chr_21 1532206 1542186 -0.0885354197037003 0.011485342898726 0.0137192925342727
chr_21 1542187 1550780 -0.0695609515879642 0.00922085385041952 -0.0115213394939483
chr_21 1550788 1560376 -0.0398264458529074 0.0140756196531742 -0.000983546026134201
chr_21 1560379 1569812 -0.00259708375773525 -0.00610175838522223 0.00268475685655344
chr_21 1569816 1579941 -0.0939070210811714 0.0155353350490949 0.00535774469343528
chr_21 1579943 1589662 -0.00380630338715884 -0.000548169153868669 -0.0125522387318042
chr_21 1589664 1597624 0.0274579066499275 -0.00504076330137415 0.008670329930488
chr_21 1597648 1606420 -0.0753351023483461 0.000994465678621875 -0.0166104355388695
chr_21 1606423 1615562 -0.0334655626200191 0.0258833328919429 0.00789431063662732
chr_21 1615602 1626572 -0.0483393050817695 0.0248922476753998 -0.0101779227532033
chr_21 1626584 1636461 0.0127155894895184 0.0298225112744537 -0.0150450914338283
chr_21 1636464 1648727 -0.109823544288308 0.00297456172323024 0.0163427862500782
chr_21 1648744 1658252 -0.00634435847975933 -0.0356891178519832 0.0236117785551762
chr_21 1658260 1668418 -0.0649240315222269 -0.0159429394172915 0.0151154486401147
chr_21 1668421 1677777 -0.0529080202790431 -0.0233742887423399 0.0245712492187554
chr_21 1677789 1686036 -0.0304975911239712 -0.0161617206939845 0.0266535185493362
chr_21 1686044 1694544 -0.0819146837473716 -0.0180089847562844 0.0154359870719028
chr_21 1694552 1702685 -0.0729202623578132 -0.0221180554744805 0.00394203215088643
chr_21 1702694 1711207 -0.0701777023845658 -0.0341112907939528 0.00649379928319023
chr_21 1711219 1718840 -0.0374605005675283 -0.0464130044562446 0.0174877881420988
chr_21 1718846 1727212 -0.0454258464111419 -0.0431353307674882 0.00140754767159542
chr_21 1727216 1734705 -0.0556617139162794 -0.0336975897653105 0.00997210187121039
chr_21 1734727 1742764 -0.0214637585960706 0.00481508889026585 -0.00228117834049878
chr_21 1742771 1751330 -0.0414986840282752 0.0254434703461115 -0.00468962519021567
chr_21 1751337 1760382 -0.152571925372767 0.0258083155155605 -0.031242885569799
chr_21 1760387 1767755 -0.166015709413392 0.00710577651683558 -0.018969933883941
chr_21 1767767 1775159 -0.0380914638946893 0.000636133286336221 0.000734263843157181
chr_21 1775162 1783559 -0.026562105474537 0.00103891865121579 0.00779662033866445
chr_21 1783582 1792272 -0.106939496043606 0.0105030545937814 -0.0176285833873676
chr_21 1792282 1802013 -0.0127512676278597 0.0397954139725952 0.00533644884453173
chr_21 1802043 1808916 -0.0208511568684962 0.0472687350102651 -0.0198914203716874
chr_21 1808925 1818341 -0.0534258483364583 0.0133272695758377 -0.027038146049649
chr_21 1818371 1827586 -0.0269084471077854 -0.0300777713314359 -0.0170016350378764
chr_21 1827593 1836135 -0.0241098188374627 0.00568603590151671 -0.0120597184555601
chr_21 1836146 1844659 -0.135734230889197 -0.0192668487527201 -0.012251253282133
chr_21 1844669 1854915 -0.0350504027314805 0.000476516687912915 -0.00557288608606556
chr_21 1854929 1863310 -0.00926756137412585 -0.00377088880086396 0.00574202301745473
chr_21 1863311 1873022 -0.0163852604331762 0.0500251248459558 -0.0107717220365805
chr_21 1873029 1885472 -0.0251017625697475 0.0368894870189263 -0.00912906412691352
chr_21 1885520 1896612 -0.0373196884946834 0.0408262959569556 -0.0198046521943381
chr_21 1896620 1906093 -0.0306204861341481 0.0371607151963094 -0.024105091956932
chr_21 1906094 1914623 0.0291484374307603 0.0349412802867085 0.0145177582056369
chr_21 1914632 1923570 -0.104428136497086 0.0700995755377092 -0.0350951800673739
chr_21 1923572 1933662 -0.0902806509299399 0.0374259621852129 -0.0134983186866815
chr_21 1933671 1943491 -0.0315527292371128 0.0249343962882629 -0.00791464054541699
chr_21 1943493 1952431 -0.0158473186339094 0.0214126185334307 0.00125434795765677
chr_21 1952432 1961904 -0.0475746056788669 0.0341539044643205 -0.0106538804246249
chr_21 1961911 1969365 0.011855176636877 0.0396744435642074 -0.00363243742279299
chr_21 1969366 1979935 0.0271834263608282 0.00721200792155877 -0.00157528905253667
chr_21 1979938 1988938 -0.0210007307458115 0.0762630747629225 0.0101253166118326
chr_21 1988942 1997764 -0.137094330828865 0.113523879549859 0.0121928415668072
chr_21 1997765 2007462 -0.0398221887613364 0.053964046522879 0.00730439477980351
chr_21 2007476 2015717 -0.0117967909045759 -0.0235637533993141 0.0147107026964142
chr_21 2015719 2027467 0.00674076213082716 -0.0287543329800104 0.0240822433384251
chr_21 2027474 2036492 -0.0808213982966128 -0.0349757700990209 0.0121548647953853
chr_21 2036493 2044672 -0.0181928101364739 0.0591760911351801 0.011935096339137
chr_21 2044682 2056958 -0.0485484628463707 0.0916659908921498 -0.0288222600314036
chr_21 2056961 2066009 -0.093270663222957 0.0417879105616483 -0.0358272394923792
chr_21 2066010 2075092 -0.144017919031844 0.053522600120531 -0.0446097070939955
chr_21 2075097 2084383 -0.186124818056755 0.0775886728113637 -0.0524133016645375
chr_21 2084430 2093380 -0.138571960702535 0.0649193452630854 -0.0341537648916009
chr_21 2093404 2102442 -0.150998026416324 0.0797468737740704 -0.0274302872961442
chr_21 2102464 2112637 -0.0938998539143601 0.0171918335235284 -0.0167374380599604
chr_21 2112642 2121732 -0.108514646740006 -0.00825503499712088 -0.0214713233314672
chr_21 2121739 2131192 -0.121721079306075 -0.00372761408040425 -0.0114606898290153
chr_21 2131208 2139455 -0.0829574033289929 -0.01299033144598 -0.00909055542252137
chr_21 2139462 2148226 -0.0287245608202951 -0.0117708106567969 0.000665877885762247
chr_21 2148240 2158489 -0.0301566116620383 0.0207193510464651 0.00523701443005707
chr_21 2158495 2168561 -0.0587838224587984 0.038385387206821 0.011969097926302
chr_21 2168575 2177200 -0.12310150589373 0.047832287693484 0.00878972383467408
chr_21 2177216 2185802 -0.0461145454597036 0.0299680989612028 0.0112581028968272
chr_21 2185804 2193900 -0.108052511821397 0.0640882265075402 0.00994052656215412
chr_21 2193903 2201859 -0.0468923607497928 0.0770170440990556 0.0137670572208743
chr_21 2201868 2209933 -0.0834856294407125 0.0797285358397453 0.0225040140660527
chr_21 2209934 2218650 -0.0951655908354427 0.0480984799863527 0.00747326912845315
chr_21 2218659 2226547 -0.08832800134895 0.0145099507175601 0.00738830493498808
chr_21 2226550 2234488 -0.105869114826507 -0.0430121475997577 0.0168292002605315
chr_21 2234489 2241976 0.0199130139400071 -0.0425262281890612 0.0155648134949352
chr_21 2241989 2250514 -0.0836713066433164 -0.0503002933605063 0.0291225797291292
chr_21 2250518 2259612 -0.0393578244188144 -0.0483573690204864 0.0168961787129122
chr_21 2259616 2269134 -0.0108325293989665 -0.0280020209640955 0.0214932288341674
chr_21 2269142 2281373 -0.0455882926306116 -0.0706699441011477 0.034126395713702
chr_21 2281387 2291439 -0.06569507818085 -0.0506411279377698 0.0173437099899004
chr_21 2291440 2301845 -0.0240229953333237 -0.0649456009092245 0.0181705124059274
chr_21 2301850 2313227 -0.0358482650265838 -0.0609603240674414 0.0280534696928655
chr_21 2313230 2322790 -0.0194743882747154 -0.0914356566364067 0.0287637426543955
chr_21 2322802 2333553 -0.0824780125023569 -0.131449963293655 0.0369055486180095
chr_21 2333571 2342418 -0.0302878068146736 -0.121070132886704 0.0398645559802042
chr_21 2342421 2350972 -0.0861114496975065 -0.0603881942247743 0.0330303470975831
chr_21 2350979 2361204 -0.0425099424972141 -0.124609449007708 0.044522506795212
chr_21 2361205 2371606 -0.0123268596274391 -0.0917039011184968 0.0435431196102931
chr_21 2371614 2380099 -0.00947214081562122 -0.0931159047124032 0.0222498745057877
chr_21 2380101 2388034 -0.107274670420953 -0.102356780287561 0.0440970282769971
chr_21 2388047 2396616 -0.0794078479313228 -0.0779555069346129 0.0409076057779748
chr_21 2396617 2405071 -0.0642417021006565 -0.0824288320114695 0.0276786384137649
chr_21 2405072 2411864 -0.0410414225634386 -0.0825855260677615 0.0438722009278248
chr_21 2411870 2418980 -0.068158259657023 -0.0922189688556842 0.0462057617900673
chr_21 2418981 2427339 0.0128388965207223 -0.0729375511269417 0.0407484865897412
chr_21 2427371 2435830 -0.0125711522368932 -0.0966559454110235 0.0448619392963357
chr_21 2435841 2444266 -0.00713561945207316 -0.0993600103865869 0.0334904678176159
chr_21 2444267 2452151 -0.0538110328631292 -0.089307770820648 0.0464740206121287
chr_21 2452152 2460616 -0.0681803385517753 -0.103683849575537 0.0434447427701628
chr_21 2460632 2470332 0.0136130580572136 -0.0815820423679212 0.0311549301762184
chr_21 2470335 2480372 -0.0431480408481855 -0.0994167622412828 0.0392785683214055
chr_21 2480374 2491808 -0.0237811366442498 -0.101938678727865 0.0246829470785799
chr_21 2491817 2501834 -0.0842762297617747 -0.115832120345981 0.0198241591260632
chr_21 2501840 2511295 -0.114325670291868 -0.10996989496542 0.0178642320685044
chr_21 2511302 2521690 0.00947593721252481 -0.0776602023153019 0.0119277968220953
chr_21 2521699 2529662 0.0328184237597776 -0.0478337952801132 0.0231373127726485
chr_21 2529676 2537454 -0.0487625807995707 -0.0766282017870252 0.0200099773533184
chr_21 2537456 2545063 0.000399949920739751 -0.0436357152166015 0.00463785131717457
chr_21 2545067 2553244 -0.0209241552868118 -0.0397088967633423 -0.0054409650822842
chr_21 2553248 2562131 -0.0480216984872024 -0.0290596950683833 0.00629491872895696
chr_21 2562148 2570556 -0.0846732690916908 -0.058946894337397 -0.000707637416935396
chr_21 2570598 2582107 -0.107843891667063 -0.0178000318199365 -0.00978292546185026
chr_21 2582109 2590528 -0.0424277654864118 -0.0387301984584593 0.0132645204238494
chr_21 2590531 2599015 0.00673378661236459 -0.029819416673314 0.00317358491077393
chr_21 2599016 2606988 0.0318729642953863 -0.0210831479675231 0.0170095758967013
chr_21 2606990 2615468 -0.0186881988116548 0.0160182434143713 0.0101143362292217
chr_21 2615471 2624520 -0.0688648018306086 0.0269013242730455 0.00844728680707808
chr_21 2624531 2634293 -0.0371182028398833 0.0582201150592889 0.0236166617485846
chr_21 2634296 2643455 -0.00620806927937748 0.0540150266101737 0.0233714047656258
chr_21 2643456 2653158 0.0198214790901739 0.0283252387254626 0.0222678359137949
chr_21 2653164 2660751 0.0655181379539365 -0.0148088971414202 0.0165464536179637
chr_21 2660756 2669775 -0.0122874065978892 0.0024587400962812 0.0165860133105295
chr_21 2669788 2678140 -0.0321025608722914 -0.00596095993948035 0.0163033764468135
chr_21 2678153 2686748 0.0367983214449236 0.00443286033680406 0.0141704362075283
chr_21 2686749 2695736 0.00194942926451126 -0.0252495314574166 0.0159077241676628
chr_21 2695739 2704107 0.000920548250235955 -0.0501247461042875 0.0165313672781302
chr_21 2704120 2712281 0.00134460564017802 0.0202801620135406 0.0156710869711137
chr_21 2712288 2720994 -0.113515954993742 0.0211131081618136 0.0244748779229878
chr_21 2720995 2729373 -0.0741458607098447 0.00785971758930873 0.0245396663224188
chr_21 2729380 2737883 0.00606641612632695 0.017529543073946 0.00732580270959574
chr_21 2737884 2745780 -0.0817588508367563 0.096827551105718 0.0170420551754202
chr_21 2745790 2752841 0.0159133614010797 0.039008246705367 0.0208744952486831
chr_21 2752842 2762292 -0.0364043183437514 0.0634363922720477 0.0195632882145066
chr_21 2762354 2771034 0.00406318527924471 -0.00179699015053299 0.00761597646456613
chr_21 2771036 2779420 -0.0253351476863697 -0.00456717756194222 -0.00224650755759971
chr_21 2779422 2787928 0.0105730216252492 -0.0273469528996499 -0.00477213861895872
chr_21 2787929 2795521 -0.0457472551114888 0.0186956943805849 0.0138476530303504
chr_21 2795529 2803634 -0.034139020426807 0.0440043979210554 0.00196221421028224
chr_21 2803635 2810426 -0.0116725389898943 0.00977360812414523 0.012503391181654
chr_21 2810446 2818379 -0.020173615647959 -0.00458272396165393 0.021591352676436
chr_21 2818384 2825686 0.0255803902625626 0.000402635856012066 0.021810869564348
chr_21 2825690 2833143 0.0504048885607493 0.00114708401174326 0.00819728034612588
chr_21 2833146 2842177 0.000507213676483295 0.0359601287832386 0.0153842109291274
chr_21 2842178 2850321 -0.0151040913396598 0.0245479244237194 0.0206267557127845
chr_21 2850333 2857655 0.0615089924838449 0.0166006624729249 0.0119015623554925
chr_21 2857656 2864620 0.0649454034661286 -0.0268711723188867 0.00231912519802091
chr_21 2864621 2871701 -0.0374772679705298 0.046051431342105 0.01688205641607
chr_21 2871744 2878910 -0.00181272249477199 0.0302558848276759 0.0150631998437412
chr_21 2878916 2887025 -0.0129149346918208 0.0269290215099291 0.0202516746168544
chr_21 2887026 2895026 -0.0132239238729247 0.0274517411221879 0.0273304069730526
chr_21 2895028 2902346 0.0660511658257471 -0.00466542845543218 0.0133633521354591
chr_21 2902348 2909748 -0.0159278220881948 0.0229670595205981 0.0264797715850368
chr_21 2909753 2918162 0.042021307860393 -0.000742256129909592 0.0214509685207469
chr_21 2918180 2925765 -0.0624236417210981 -0.0415067583579328 0.0161413659923722
chr_21 2925774 2933865 -0.0313996113860467 0.0136649791813922 0.017520667100755
chr_21 2933889 2940990 -0.0360047597106552 -0.0121374423245968 0.0205892272042249
chr_21 2940997 2947121 -0.078669390408597 0.0336397550363952 0.0101932394032249
chr_21 2947129 2954710 -0.0441789690821372 0.0267438819550445 -0.0179278901606327
chr_21 2954711 2962602 0.0445063806436085 -0.00719360419729187 0.00568045579487192
chr_21 2962603 2969391 0.0215423718313454 0.00458894859738314 -0.00803033136803933
chr_21 2969394 2976652 -0.0427114690197384 0.00106958433118161 0.00239492608490627
chr_21 2976663 2983552 -0.00395024310771702 0.0298863277564995 0.0107334133061512
chr_21 2983554 2991237 -0.00836233258669153 0.0324009116226783 0.00717559864496471
chr_21 2991251 2997660 -0.0613594827892416 0.0364417281374479 0.00780380396713854
chr_21 2997664 3006014 -0.0235514945606092 -0.0279512163863798 0.0215386430627904
chr_21 3006015 3013785 -0.12228536603571 0.0344590872062618 0.00452496438405754
chr_21 3013788 3020911 -0.0665138110827173 0.0233640076674456 -0.00922094592807094
chr_21 3020916 3028098 -0.0505002008266998 0.0332422949083572 0.00657011001278235
chr_21 3028105 3035742 -0.113790311738174 0.0988673353636593 -0.00780616518280143
chr_21 3035743 3045380 -0.0794990611829786 0.0149449201924728 0.0167922897034119
chr_21 3045401 3054993 -0.115650092354986 -0.00629726041995001 0.0252065828792116
chr_21 3055002 3063498 -0.181985804394763 0.0148096065005134 0.017582857953793
chr_21 3063504 3071782 -0.16649828750848 0.0220171842004793 0.0257259142622438
chr_21 3071785 3078883 -0.119971911596972 0.0205960094983037 0.0158546701175126
chr_21 3078893 3086691 -0.0979473334975178 0.00297533454219958 0.0122672726875908
chr_21 3086698 3094262 -0.0441446722816979 -0.0226358730207004 0.029698019553331
chr_21 3094278 3103781 -0.0928978359395208 -0.0277701468192642 0.0463163936808865
chr_21 3103784 3113065 -0.14361558560065 -0.0564799130597394 0.0364282519926794
chr_21 3113076 3122722 -0.286317362890096 -0.157664513488744 0.0349831528460407
chr_21 3122730 3131866 -0.27084815399827 -0.174573467392156 0.0304065003176251
chr_21 3131875 3140660 -0.244195883682962 -0.0984721162347828 0.0249223621227452
chr_21 3140663 3149601 -0.271536746348024 -0.100875195895986 -0.00691312919548387
chr_21 3149629 3158450 -0.200708003359526 -0.101507110525256 -0.0105367641165959
chr_21 3158463 3166971 -0.27352708553194 -0.0627851709398601 -0.0117963512694425
chr_21 3167002 3175168 -0.22803207614116 -0.0840230602870099 -0.0269658631198154
chr_21 3175171 3187352 -0.293187821321452 -0.0688070156526403 -0.0422775855682975
chr_21 3187364 3195175 -0.274245477196868 -0.0741452137335887 -0.0408011821105481
chr_21 3195181 3203434 -0.235638394162372 -0.0732841573209815 -0.0277350639790868
chr_21 3203444 3212286 -0.285413787494666 -0.0529537435641971 -0.0345929666133092
chr_21 3212298 3219829 -0.254146306677448 -0.136374676507116 -0.0208465933202498
chr_21 3219834 3229036 -0.249017957229504 -0.169655706235238 -0.0214745541126371
chr_21 3229038 3237942 -0.225799965540952 -0.146992330900087 -0.0345524003369623
chr_21 3237944 3245495 -0.226436056885026 -0.152978088283618 -0.0428031936056765
chr_21 3245496 3254636 -0.288490894399342 -0.162795301244994 -0.0402537558118702
chr_21 3254670 3263448 -0.268287388050657 -0.151674388751336 -0.0408898019948754
chr_21 3263459 3272752 -0.201116892953901 -0.134367030062445 -0.034406225649461
chr_21 3272758 3280836 -0.200241737883138 -0.109753832383521 -0.0380473628478687
chr_21 3280837 3289542 -0.177242228843819 -0.1159130310982 -0.0368401508640765
chr_21 3289543 3297343 -0.198423639557328 -0.122882271094704 -0.0455158225026043
chr_21 3297344 3305554 -0.14502417173125 -0.0931146075258434 -0.0289230335755378
chr_21 3305561 3313849 -0.218578517799088 -0.107016166051461 -0.0431747354527845
chr_21 3313850 3322583 -0.200205392179172 -0.128229841897492 -0.0454095340977042
chr_21 3322592 3331583 -0.288186834080408 -0.144213175985449 -0.05564884198111
chr_21 3331584 3339927 -0.164567578557007 -0.0748545272734405 -0.0678686020117518
chr_21 3339930 3348585 -0.0950478319746328 -0.0428741349618029 -0.0357096928254337
chr_21 3348587 3356805 -0.133264034681296 -0.0199137049063777 -0.0481675149423232
chr_21 3356812 3366139 -0.227674869878724 -0.0356656503913347 -0.0811316872782666
chr_21 3366141 3373733 -0.2459651991463 -0.0135090738417242 -0.0862429603178077
chr_21 3373734 3381323 -0.258912570067636 0.00187275135898548 -0.0740322703334764
chr_21 3381325 3388673 -0.188707786979494 -0.0243257275812944 -0.0625314526843774
chr_21 3388677 3395555 -0.243386134285951 -0.0554385020305857 -0.0759014758196487
chr_21 3395560 3404035 -0.211360132816283 -0.0680699889131831 -0.0777357937410868
chr_21 3404043 3411187 -0.211543599190686 -0.0163064925128403 -0.085002782605895
chr_21 3411189 3418916 -0.195234107543301 -0.0240040043163931 -0.0828511708076626
chr_21 3418930 3426831 -0.129476157733304 -0.050234247453909 -0.0354869468937005
chr_21 3426832 3436735 -0.134596994492042 -0.0407985186485311 -0.0640045184979142
chr_21 3436757 3444543 -0.178006820862594 -0.0215023643433679 -0.0790932142131722
chr_21 3444547 3453386 -0.0882705487572175 -0.0120284038751414 -0.0376580868977004
chr_21 3453392 3464079 -0.134510526417644 0.00667542930467218 -0.0273943899321477
chr_21 3464081 3472441 -0.12248885603342 -0.0428581263501176 -0.0255181401366967
chr_21 3472442 3479777 -0.0738118549205743 -0.0148516340919589 -0.030056472802438
chr_21 3479781 3490306 -0.0345471411329416 0.0190246455943438 -0.0158550902029206
chr_21 3490308 3497411 -0.0280580208588433 -0.0421146877998798 -0.0112964814094321
chr_21 3497417 3506287 -0.0273975939518388 0.00820261440477136 -0.01339353434834
chr_21 3506296 3516425 0.0292630809493192 -0.00602685252288685 -0.00671932430367727
chr_21 3516461 3525047 -0.00508193085715323 -0.0156388081394871 -0.00470377922324408
chr_21 3525054 3533152 -0.0366190933895635 0.0199683321536048 -0.0011593740041512
chr_21 3533153 3541688 -0.0911683697258975 0.0190363373422994 -0.00697882120750548
chr_21 3541699 3550565 -0.102713861593857 0.0290588895900968 -0.00653685833831833
chr_21 3550569 3559164 -0.0464490600570239 0.051965476854544 0.00281603114097241
chr_21 3559165 3567652 -0.0243180412266046 -0.0156115375389093 0.0111232119395207
chr_21 3567665 3577020 -0.0374326882833726 -0.0343308191896896 0.0270334272167164
chr_21 3577027 3585529 -0.082202391001946 0.0293338845651844 0.00481690781880991
chr_21 3585530 3595466 -0.00721824951425348 -0.0554942147210098 0.0124004952136534
chr_21 3595473 3605515 -0.00712727053963456 -0.0297007364620626 0.0102317601894035
chr_21 3605522 3614157 -0.0636603050704221 -0.0173701572434606 0.0089933647416278
chr_21 3614159 3624998 -0.0357353249067941 -0.019844618599073 0.00741795446295229
chr_21 3625000 3631792 0.029067944065646 -0.0206799014903358 0.0236602316108532
chr_21 3631801 3641343 0.0667349573710674 -0.0432767850913959 0.0212049834563714
chr_21 3641346 3651205 -0.0116135084355154 -0.0465668154008185 0.0395021840058645
chr_21 3651215 3659349 -0.0114008924605507 -0.0647469095979916 0.0242273253713538
chr_21 3659359 3668253 -0.0607242662184566 -0.0568904739760383 0.033813601189657
chr_21 3668269 3676618 -0.00534999132065712 -0.0354581349351368 0.0269785240628047
chr_21 3676621 3685333 0.0145486253438522 -0.0391669127834017 0.017936965803781
chr_21 3685335 3693043 -0.0606316689458644 0.0417871755715275 0.017932915330541
chr_21 3693058 3704360 -0.0586270358467387 -0.0571358366916217 0.021721129976611
chr_21 3704387 3713667 0.0357812659579428 -0.0532244626437685 0.0201152276896834
chr_21 3713670 3722959 -0.00713417528787519 0.0302218568776221 0.0108050785191199
chr_21 3722964 3731165 0.00152241031033935 -0.0224300612641439 0.0173940511210855
chr_21 3731166 3739759 -0.0135108542739316 -0.00662062749787375 0.0244284510398349
chr_21 3739806 3747709 0.0637502152069746 -0.0307439195932685 0.0150212547707042
chr_21 3747712 3756933 0.0270956789523952 -0.0432849659810444 0.0149870754204394
chr_21 3756941 3765547 0.0512875980229338 -0.00813153104829976 0.0119524541308424
chr_21 3765554 3773207 0.0582291904713768 -0.023867830444141 0.0224876859604026
chr_21 3773213 3782550 0.030989665834917 -0.00691475661182824 0.0156843801163415
chr_21 3782590 3791509 0.064781398705951 -0.0189298340748954 0.0130802748946884
chr_21 3791516 3800649 -0.00093367572508166 -0.0498117543149379 0.0201307637729297
chr_21 3800666 3809930 0.0509202822299289 0.00247341723704027 0.000755995269452261
chr_21 3809943 3819982 -0.0115880579947124 -0.033482843209038 0.0177200871698771
chr_21 3819985 3828871 0.0362900054583221 -0.0089766821222624 0.012446838185247
chr_21 3828875 3838817 0.0447331970227591 -0.0183296224596773 0.0100154868656616
chr_21 3838832 3848299 -0.0348789143223563 -0.0263170179276106 -0.00767408040304239
chr_21 3848313 3857110 0.0248242903091993 -0.0150754249574109 -0.00684336440543036
chr_21 3857128 3868538 0.0520039621567535 -0.00738325322201545 0.0063231847663364
chr_21 3868543 3877605 0.0413935044311654 -0.0248883862693477 -0.00245075747415508
chr_21 3877612 3886813 0.012230187072548 -0.0158787287237913 0.011309818242539
chr_21 3886847 3896311 0.055102357234271 0.0312002204155091 0.0149795422663849
chr_21 3896316 3906081 0.024296407998976 0.0765898176737252 0.00111147441403088
chr_21 3906084 3915967 0.0704936609170713 -0.0137055665686716 0.00622886925855509
chr_21 3915971 3925700 0.0507669361364329 0.0119770356437694 0.00165246157012844
chr_21 3925706 3935388 0.00388490220359807 0.0378956503666235 -0.000595794120619902
chr_21 3935394 3946907 -0.0603281146095537 0.0659120750335304 0.0114208956100875
chr_21 3946908 3956901 0.000725771377021255 0.0840287361183675 0.0011420135359268
chr_21 3956924 3965802 -0.0203770044541533 0.0895771879659779 0.00163472351596982
chr_21 3965811 3974805 0.00310679020034409 0.0391791847359193 -0.0103078191476876
chr_21 3974809 3982838 -0.0431544837739149 0.133949384099449 0.0104378365543044
chr_21 3982842 3991489 -0.032320874572398 0.131589137698537 0.00608611566050537
chr_21 3991490 4002019 -0.0176773703144911 0.0942680190015659 0.00861484741372383
chr_21 4002030 4012528 -0.0154782911810267 0.0538388810164331 0.000237636710801897
chr_21 4012545 4024145 0.0105189105860662 0.0390172328532734 0.00621897136886707
chr_21 4024151 4034456 -0.0276999058247595 0.0204181337442423 0.00447473376624382
chr_21 4034461 4046271 -0.0540192044314879 0.0145647218002758 0.00132329586416407
chr_21 4046273 4056617 -0.0193726218959696 0.0511727261015226 0.0148732335929642
chr_21 4056634 4066463 0.0611922041342647 -0.00713210156571992 0.0115003907826591
chr_21 4066464 4077028 0.0328205400433915 0.0474787694191566 0.00948260863792331
chr_21 4077033 4086492 0.0594269692618846 0.0110268460919116 0.0129152325679107
chr_21 4086506 4095646 0.0579107955205041 0.0116839293173994 0.0100130608751638
chr_21 4095658 4105525 0.0331608009611265 0.0148992568155328 0.00790591126493952
chr_21 4105566 4115890 0.0236062651532746 -0.0123731235582903 0.00850507766572708
chr_21 4115891 4126278 0.0392362952929372 -0.0161695441349738 0.0127864950824063
chr_21 4126291 4134799 0.0705026375219474 -0.0103051170027619 0.00737379046572453
chr_21 4134800 4144751 0.0681871754974978 -0.0062889636295927 0.0166537473353054
chr_21 4144757 4154575 -0.0128948413139697 0.00348265335065481 0.0048786790887029
chr_21 4154620 4164476 0.000694614078748755 0.00656309268885579 0.0124450186711269
chr_21 4164484 4172894 0.0492118501374465 0.024977198558701 0.00949161810800045
chr_21 4172895 4182793 0.0323517930073727 0.0317562399467872 0.00845728109571606
chr_21 4182794 4192427 0.0427186808271198 0.000386339896221082 0.00120215096345587
chr_21 4192448 4203350 -0.0682156369915571 0.061717190390364 0.0146656329454049
chr_21 4203351 4213627 -0.0103340098641303 0.0182680364403033 0.00885708750782087
chr_21 4213645 4221813 0.0237085609858321 0.0445512644267648 0.00366137291614467
chr_21 4221817 4231100 -0.0139801132212488 0.0655826337135379 0.00917818430607255
chr_21 4231110 4240848 -0.00560804097596885 0.0508476681925923 0.00605207359521668
chr_21 4240875 4251443 -0.0141975424445378 0.0303829138534442 0.0173584074403809
chr_21 4251449 4260104 -0.0656903177025702 0.0307618166836838 -0.0128084936724864
chr_21 4260114 4269567 0.0413059045052417 0.00132584306132708 0.0088791378842959
chr_21 4269577 4280197 -0.000134535290016586 0.010063556333637 0.0170915892516124
chr_21 4280203 4289626 -0.0055049583097459 0.0204550406461412 0.00133799965581844
chr_21 4289632 4297184 0.0208896124621411 0.0171778929860576 0.0143584898374903
chr_21 4297235 4305105 0.0735992723188043 -0.00582986538512468 0.00948094752173797
chr_21 4305106 4314840 0.0641386208706212 0.00774567544446979 0.00718215920570772
chr_21 4314875 4322829 0.0392954707960704 0.00335051960983636 0.000753052387314539
chr_21 4322842 4331539 0.0466859647562257 0.00553577659152017 0.0045957901805917
chr_21 4331549 4343814 0.0247364376687867 0.027085006288258 0.0126960568210231
chr_21 4343830 4351857 0.0796626499661882 -0.0154354039223162 0.0102019023558064
chr_21 4351884 4360248 0.0251375931655283 0.049289604120626 -0.020294609369199
chr_21 4360255 4369252 0.066094396798008 0.0399554673158702 0.000779624887665327
chr_21 4369253 4378220 0.0118890137055883 0.0384593408536284 -0.00140603539425406
chr_21 4378228 4386803 0.0235400907543823 0.0496611343524994 0.000214067258171471
chr_21 4386809 4394344 0.0538720785009218 0.00539541983801559 0.013505824560423
chr_21 4394352 4403639 0.0496998400487773 0.0534968721186967 -0.00891311828868443
chr_21 4403648 4412049 0.0700375881956243 -0.0105789493243459 0.00175858118142121
chr_21 4412050 4420849 0.0748036288235425 -0.0138580538695926 0.0058616358017248
chr_21 4420852 4430697 0.0565012517006494 -0.0172255871076488 0.0158540172529364
chr_21 4430698 4439553 0.0450295621582821 0.0118582331835183 0.0128128931756766
chr_21 4439557 4448691 0.00400369435941268 0.0263283858586174 0.0112296083102583
chr_21 4448719 4459579 0.00611626301096426 0.026842236586891 -0.00230402230667567
chr_21 4459584 4468740 0.0785443207414313 0.00913268869530226 0.00859124591567548
chr_21 4468759 4479771 0.0700606959011878 0.0150266202355149 0.00387989993038083
chr_21 4479826 4489798 0.0468045180715227 0.00600988089714129 -0.00620660749173318
chr_21 4489804 4499870 0.0142888230449713 0.000662226935365362 -9.38456827161984e-05
chr_21 4499874 4509365 0.0397502091824759 -0.0134946044932966 0.00380659084109476
chr_21 4509369 4517741 0.033913374621593 0.0343406058890306 -0.00105254150564452
chr_21 4517755 4526876 0.0186782889853939 0.0417786251270526 0.00973816990534325
chr_21 4526883 4536640 0.0457216615198695 0.0502147821726291 0.00146636922721237
chr_21 4536645 4546095 0.0596165263513522 -0.0123497102291801 0.014853185014732
chr_21 4546101 4555788 -0.0150328668828883 0.0199909044061748 0.00820291002498312
chr_21 4555798 4564382 0.0608230241881628 0.0405854641976299 0.00367765121849499
chr_21 4564383 4572455 0.0346217853648353 0.0899541438378749 -0.00226450760312304
chr_21 4572456 4579867 0.00871686656261565 0.094236015229646 -0.0271175129903549
chr_21 4579869 4589103 0.0409856623986541 0.0878298487099317 -0.0141138890769149
chr_21 4589106 4598283 0.0674456187821634 0.044327962464619 -0.0070240705248495
chr_21 4598285 4606553 0.0369962297024418 0.0555880528492953 0.00359989339111202
chr_21 4606563 4616227 -0.00350101310068748 -0.00664386289322471 0.0100889610034279
chr_21 4616229 4625027 0.0511191749932339 -0.0239107150713765 0.00926439380487709
chr_21 4625028 4635455 0.0450428887387214 0.0295574581853272 0.014223376601349
chr_21 4635500 4645766 0.0484304693328387 -0.00157048221386853 0.0120302274785987
chr_21 4645771 4654942 0.0509121019751395 0.00947327865731712 -0.00230731762377838
chr_21 4654952 4663166 0.0276698672059209 -0.0200517575455349 0.009990854635232
chr_21 4663169 4673154 0.0673769846318396 0.00184981275247159 0.013574137880403
chr_21 4673155 4682453 0.0664997987235042 0.00184268086875732 0.00487171307467339
chr_21 4682497 4691452 0.0229472908767509 0.0207269377514631 -0.00191752890341543
chr_21 4691461 4700613 0.0229895130507148 0.0299461638672412 0.00771108367975714
chr_21 4700624 4710901 -0.0492569093574245 0.0554156194800789 0.0043375421739831
chr_21 4710912 4719846 -0.0299254274497544 0.103447817986549 -0.00301811085107219
chr_21 4719866 4729262 -0.0147547326860645 0.0755329885988232 0.00183294076894192
chr_21 4729265 4738793 -0.0140958833633846 0.0238359593386886 -0.00227208321758518
chr_21 4738794 4747433 0.00788162080342862 0.0347627655398429 0.00602213811420576
chr_21 4747445 4756235 0.0401226027903451 -0.00906346396657243 0.0142969017335928
chr_21 4756243 4765725 -0.0140799900157518 0.0700500564352945 0.0208937963132328
chr_21 4765727 4775444 0.033647667164068 -0.00487759277743832 -0.00957825765070526
chr_21 4775446 4783557 0.0549567287675314 -0.0237814384262376 0.00476083650385402
chr_21 4783558 4792962 -0.00652690810448776 0.0446359719518555 0.0214033093183821
chr_21 4792963 4801142 0.0366591740861687 0.0166278338003106 0.00729195108617051
chr_21 4801145 4809400 -0.0241074776252693 0.0428253937389449 0.0103218304812622
chr_21 4809405 4817515 0.000273230697853077 0.0913533748761448 0.0180626188874802
chr_21 4817517 4826171 -0.0288389180716662 0.0297767965559218 0.0133250789805988
chr_21 4826172 4833973 0.0259943279923984 -0.024238708305746 0.0283428040966678
chr_21 4833974 4842293 -0.0611242179485958 -0.0260320007907275 0.0195015985801349
chr_21 4842295 4850076 -0.035587435593433 -0.0403829440242946 0.00893252817642183
chr_21 4850101 4858918 0.0393057398822867 -0.0239551092538999 0.0213833826388189
chr_21 4858943 4867848 -0.0107230032707671 -0.019264288578231 0.0137617948491011
chr_21 4867854 4877272 -0.0156996903927961 -0.0211936652166902 0.0017281496544791
chr_21 4877286 4886310 0.0263993922282992 -0.0244094311021403 0.0149429098449664
chr_21 4886314 4894986 -0.019034152021309 -0.00464313018078423 0.0126645931974973
chr_21 4894992 4904420 -0.0893506320664196 -0.0147073047996712 0.000958474692133612
chr_21 4904429 4914175 0.0433461133563701 -0.0418478193385109 0.0029787131268643
chr_21 4914183 4922357 -0.014703581194821 -0.00623531027175127 -0.00502669281216062
chr_21 4922358 4931596 -0.0292496862492 0.00506577565496485 -0.00115260371466224
chr_21 4931600 4944647 0.0233920084458068 -0.0225980903177557 0.000599373499399883
chr_21 4944699 4955153 0.0633391329049945 -0.0276017406028787 0.00505545558268229
chr_21 4955154 4965669 0.0373575519992421 -0.0216692490878834 0.0166648512559908
chr_21 4965672 4975297 0.0415255339840594 -0.0335497764501468 0.0112476301079552
chr_21 4975305 4983593 0.0581125034351354 0.00263546143305384 0.0146109335468905
chr_21 4983611 4992270 0.0644111590800025 0.000793148313451416 0.0119438471316474
chr_21 4992283 5002241 -0.0120064370070265 0.00830579546065108 0.00739564353587032
chr_21 5002253 5012373 0.0714615420469506 0.00424558210116224 0.0157475226161776
chr_21 5012394 5021015 0.0689972579727017 -0.0133863484575734 0.01062346010475
chr_21 5021019 5029180 0.0285270589231855 -0.0324128573821373 -0.0112703191826866
chr_21 5029182 5037516 0.0446332764902834 0.0097362704141183 0.00259655272050072
chr_21 5037533 5046758 0.0713330923205313 -0.0246602622143963 0.0153505525799078
chr_21 5046771 5054576 0.0456550038999658 0.00917269412223599 0.0013356450372678
chr_21 5054579 5062418 0.0716548185490543 -0.0101682093343354 0.0155028634073884
chr_21 5062430 5069885 0.0209265968719379 0.0394824174001547 -0.00827240832880591
chr_21 5069889 5079950 0.0640871149314007 -0.00412455812393537 0.00184171506831014
chr_21 5079974 5091993 0.00896855126568744 -0.000400103268016247 -0.00658476637665554
chr_21 5092005 5101906 0.0362275489129479 -0.0262128758719137 0.0125717454625696
chr_21 5101908 5112795 -0.0258375471674962 0.0166651523402222 0.0154858438811367
chr_21 5112797 5124067 -0.0131897064895869 0.0233993781396335 0.0164616002035869
chr_21 5124076 5133561 0.0411398375347723 -0.00678217759425462 0.0166241513160634
chr_21 5133575 5143535 0.00491953889074954 -0.0124334896594407 0.0114997292282265
chr_21 5143555 5153260 -0.0222282717065268 0.0438189133487379 -0.00996707102843022
chr_21 5153264 5163081 -0.00593257867993692 0.00220651030214353 -0.0249508335343938
chr_21 5163085 5174889 -0.0107909221713825 -0.00882531238743255 0.0152691349116653
chr_21 5174892 5185117 0.0277005902738188 -0.017183496149518 0.00844820493395374
chr_21 5185127 5196594 -0.00992720570976205 -0.00806942988688497 -0.00405217894272367
chr_21 5196603 5206509 -0.0920147162177008 0.0509247581961038 -0.0046826698867318
chr_21 5206533 5217694 -0.0422766512235868 0.0236748794724924 0.00162646389820369
chr_21 5217701 5227706 -0.0333971730420997 0.0336900146901815 0.0030086606944646
chr_21 5227715 5239080 -0.0240677952125796 0.0208647881565722 0.0051025746944237
chr_21 5239084 5249290 0.020482502071056 0.0654891858965794 0.00583146161914512
chr_21 5249292 5259401 0.0272007487242596 0.0230925115603108 0.00949484104306051
chr_21 5259402 5268106 0.0532354512285105 0.0128949012453559 0.00827261137476534
chr_21 5268110 5278531 0.04074082941242 0.052792150645052 0.0025865359359763
chr_21 5278553 5287506 0.0409646322794145 0.0362204656935485 0.00421458641715507
chr_21 5287520 5296746 0.0604248513611309 0.0378624432561502 0.0101128586420146
chr_21 5296820 5305242 0.0572761174353274 0.0162496077450598 0.0066833141991395
chr_21 5305267 5313965 0.0279358625478987 0.0300453350661274 0.000629168665530622
chr_21 5313967 5321347 0.0388537343632327 0.0113779093661841 -0.00502985692491228
chr_21 5321359 5330607 0.00562277704607276 0.0252479443647687 0.00596726205645245
chr_21 5330616 5339022 0.0253059029559395 0.00239416131400955 0.0147412403144938
chr_21 5339051 5348002 0.0546110684850362 -0.0343264053940756 0.01440818956651
chr_21 5348003 5357958 0.0214527702592819 0.0338326361711274 0.00832197279067469
chr_21 5357959 5366882 -0.0102362580025193 0.0131531036526523 -0.000585903287735704
chr_21 5366894 5376026 -0.0239144645616843 0.0397713229674988 -0.0264204546707586
chr_21 5376036 5387296 -0.0410988110140577 0.0524195532479121 -0.00926764441221222
chr_21 5387305 5397955 0.00894358271427651 -0.0163859879563343 0.0153851148995792
chr_21 5397991 5408852 0.00395241131008697 7.69974438891779e-05 0.0075467989650609
chr_21 5408864 5418561 -0.0212041032944921 -0.0175788144781702 0.0131601348079168
chr_21 5418577 5429127 -0.0299967705741509 0.0118767179281976 0.0108382605056187
chr_21 5429133 5437252 -0.0996515136075822 0.0245243496788481 -0.00202804512942849
chr_21 5437254 5447586 -0.0335064670775032 -0.00243395454645019 -0.0159142913996847
chr_21 5447591 5459355 0.00355671168457927 -0.00645045355853399 0.0126214130924596
chr_21 5459378 5470821 -0.0255477958295863 -0.0340910596716219 -0.00196151728056166
chr_21 5470823 5480425 -0.00165582609685171 -0.0183756430780855 0.00893060669760347
chr_21 5480506 5490867 -0.043550827564924 -0.0147552601909813 -0.0193990050775384
chr_21 5490868 5502515 -0.0251033760890491 -0.0333644664322366 0.016536189640131
chr_21 5502522 5512383 -0.0146480902027061 -0.0237992564644756 0.00119033194467597
chr_21 5512397 5522062 0.0109906197000406 -0.00942637575265166 -0.0122000084383651
chr_21 5522076 5531591 -0.0937695827579436 -0.00127906370941403 0.00542438800599608
chr_21 5531596 5540738 -0.115259449987909 -0.0220632429653939 0.00637821514545539
chr_21 5540739 5551253 -0.0132309824948728 -0.0545469886291725 0.00938442861261433
chr_21 5551254 5562311 -0.0447295625039248 -0.0134707669809948 0.0166419080076896
chr_21 5562349 5573001 -0.0655146807850455 -0.0639126324742312 0.015311602565059
chr_21 5573002 5582452 -0.0294911779528049 0.00988285899391229 0.0198678606463873
chr_21 5582456 5591471 0.0203326651562502 -0.0176598512446213 0.0057051047953088
chr_21 5591478 5603255 -0.0230783439170359 0.0032785203391074 0.0205390277929937
chr_21 5603260 5669960 -0.0367570490696569 -0.025672918597524 0.0081822891719533
chr_21 5669967 5714339 -0.0195237307246424 -0.0171011834735603 0.0268094504756073
chr_21 5714346 5724826 -0.0277162661726557 -0.0371828756600932 0.0306645473567948
chr_21 5724831 5735300 -0.0390204968629658 -0.022599128168611 0.0172834308816667
chr_21 5735305 5745028 0.0125372384514611 -0.01677719997771 0.0134378728133337
chr_21 5745029 5755472 0.0147971399076579 -0.00659464389976543 0.0165955762174966
chr_21 5755477 5765428 -0.0067818342391188 0.00240301773241014 0.0143470276783318
chr_21 5765429 5775209 0.00621650492718093 -0.00285415971683006 0.0196176784387235
chr_21 5775219 5786904 -0.00869378565014432 0.0367924598774289 0.00869983039935458
chr_21 5786909 5797115 -0.0217257760908037 -0.00563014182679178 0.00884390714282832
chr_21 5797126 5808341 -0.00937848034085981 0.0591698528790061 0.00830930204203338
chr_21 5808343 5818142 0.0145902246943645 0.015573096078701 0.0141330081755671
chr_21 5818150 5828533 0.0457187551692414 0.0306547604760086 0.0185688220516207
chr_21 5828534 5839660 0.0222000012303426 0.0439267886115946 0.0081031936822803
chr_21 5839662 5849638 0.0399865211012818 0.0286506303422333 0.0079409661067928
chr_21 5849644 5859348 0.0451261529898754 0.0451046544422724 0.0148977841905392
chr_21 5859364 5868543 0.0347059395905687 0.0490026928369046 0.0174867213540402
chr_21 5868545 5878645 0.0382874088337911 0.0515388068233994 0.00967961230124956
chr_21 5878648 5887520 0.0183707455131613 0.0268459114666493 0.0202587824895205
chr_21 5887523 5897004 0.039315119498998 -0.0107425157102848 0.00911015339308722
chr_21 5897005 5906180 0.0800191601075767 -0.011121915251231 0.0169772757814142
chr_21 5906187 5917023 0.0658460670980829 -0.000179150306288435 0.0124666467608514
chr_21 5917026 5926888 0.0562976317673235 -0.0142614541390259 0.00963146051832026
chr_21 5926899 5934941 0.0246782966130116 0.056001810301268 0.00721388370793863
chr_21 5934998 5943933 0.0180838593049401 0.0339800951979944 0.00527575749329405
chr_21 5943937 5951829 0.0501907083213927 0.0399176740280869 0.00577472901937444
chr_21 5951858 5960452 0.0595819458170278 -0.00370203887688449 0.0062806018651027
chr_21 5960462 5969713 0.0610129933423862 0.0109437220168938 0.00929547089113959
chr_21 5969714 5977748 0.0654757295913622 -0.0213870417204785 0.0128563920554958
chr_21 5977781 5985924 0.0393228219121357 0.0264331456294673 -0.0113848626687461
chr_21 5985937 5994785 0.00276739460484122 0.0235783363174235 -0.00323770414211096
chr_21 5994790 6003257 0.0176322220686551 0.0528490475647809 -0.00295643562207389
chr_21 6003258 6010969 0.00795491925945013 0.0930466451517598 -0.00547770121746794
chr_21 6010970 6019110 -0.0163513457889704 0.09427202733622 -0.0196853702236859
chr_21 6019121 6027388 -0.0413347094131111 0.107501866635097 0.0137044285388435
chr_21 6027389 6035885 -0.0214807071643823 0.0621338547241931 -0.00192040588730198
chr_21 6035890 6043467 -0.041081270283946 0.0481403517256675 -0.0110580287851015
chr_21 6043469 6050815 -0.00171438721823557 0.0106248701102317 -0.00138799835647465
chr_21 6050834 6058649 0.00452780915196925 0.097308400918182 0.00148684597347837
chr_21 6058661 6066296 0.00469583067666959 0.0301220617370947 0.0174738333430577
chr_21 6066302 6073242 0.0852865027283401 -0.0155388417993953 0.0177841798797102
chr_21 6073248 6080511 0.0184014010718008 -0.00176390620904374 -0.00112558875475365
chr_21 6080512 6087973 0.0104290687055224 -0.0149337871106175 0.00221109098083152
chr_21 6087983 6095851 0.0304600221239075 -0.0198264727638929 -0.00490894764587932
chr_21 6095854 6103949 0.0680995768454879 -0.000121952638812946 0.0159309626727268
chr_21 6103950 6111726 -0.0036042712489016 -0.0127961935739242 0.023170272958056
chr_21 6111729 6118906 0.0512329990897626 -0.0138640604688233 0.0084876772528818
chr_21 6118910 6127272 -0.0020946817837058 -0.0195691609667423 0.011053826741942
chr_21 6127279 6134731 0.0457352465046079 -0.0178733865365188 0.0149532760815831
chr_21 6134751 6142767 0.0428001159114381 -0.00582023134967915 0.00607980140482226
chr_21 6142768 6151406 -0.0206838908805848 -0.0209393543340371 0.0114571888866462
chr_21 6151407 6159237 0.0653626463106839 -0.0043211260509367 0.0104686068193632
chr_21 6159254 6167464 0.028303522779141 -0.0201325324669528 0.0130887936354769
chr_21 6167479 6174877 -0.00532311678708659 -0.0404730962610079 0.0151288291184864
chr_21 6174892 6182023 0.0519068108159314 -0.0266343032439764 0.0210488885621224
chr_21 6182031 6189277 0.0321309944295018 -0.0282536782242794 0.03147018145869
chr_21 6189281 6196852 0.0538051802782637 -0.0227514586210529 0.012406391060516
chr_21 6196874 6204695 0.0716440440801247 -0.0152803365487278 0.0183976366560052
chr_21 6204696 6212681 0.0557059694168399 -0.00151367961769994 0.0319879451778517
chr_21 6212685 6220680 0.0688478126286844 0.0159991519295425 0.0194337024588038
chr_21 6220724 6228191 0.052496895092488 0.0133663622881514 0.0188405507944048
chr_21 6228195 6236174 0.0505021806459224 0.00667246797496782 0.0144484955445363
chr_21 6236183 6243302 0.0570584859640379 -0.0106305087904833 0.018102289901785
chr_21 6243306 6250663 0.0587945314317086 0.0123719619709412 0.00212989995236459
chr_21 6250670 6258059 0.0722630373789262 -0.0048051306875162 0.00901891812080943
chr_21 6258074 6266097 0.0611936822864546 0.0260628209971475 0.023927673292675
chr_21 6266129 6274192 0.0517414782727413 0.00751520006416946 0.0266886973879827
chr_21 6274196 6281062 0.0476259460976224 -0.0120782471405475 0.0141163088378334
chr_21 6281075 6289122 0.0189955931729306 0.010373202693151 0.0212459916546142
chr_21 6289127 6297631 0.027815967474747 0.00812126652965186 0.0199443162738511
chr_21 6297647 6305624 0.0135786986540444 0.0361671051651986 0.0233160054968412
chr_21 6305633 6313192 0.0779479905153664 -0.0137736447659503 0.0056729417996186
chr_21 6313197 6321551 0.0818916324249791 -0.0148182334502014 0.0187648120581775
chr_21 6321554 6330040 0.0609075434678177 -0.0335318612395834 0.0150477018346519
chr_21 6330042 6338092 0.0215087289350039 0.0138662096298219 0.0202135083526355
chr_21 6338098 6346494 0.0697359632553357 -0.00430594277558772 0.0135306361349141
chr_21 6346508 6358928 -0.00767759780859715 0.0489527300501918 0.0313795211743806
chr_21 6358929 6368170 0.0337023750923467 0.0355087075449892 0.022782131352292
chr_21 6368171 6376842 0.0129617157724111 0.0357608096570189 0.0195523476259213
chr_21 6376845 6385712 -0.00539896490964742 0.05849086096305 0.00313565629201525
chr_21 6385723 6392961 0.0560038794020047 0.00157743251508105 0.0122594226556833
chr_21 6392977 6400987 0.0614648065000592 -0.0140725799324083 0.0150188693147269
chr_21 6400990 6408995 0.0410930425023807 0.00233856533598658 0.010841318476009
chr_21 6408997 6416939 0.0369563803587135 0.00927183909196769 0.0140372940113739
chr_21 6416948 6424322 0.0242517415246377 0.0299719725040565 0.0169338931710416
chr_21 6424330 6431925 0.0317845190665235 0.0328076332666851 0.021985698449416
chr_21 6431931 6439937 0.0654683449449348 0.00622805651554717 0.0196688228551588
chr_21 6439949 6447801 0.069671139688141 -0.00239856089071567 -0.00238197697904971
chr_21 6447806 6455080 0.0183737564484476 0.00258793610011993 0.0194524194835028
chr_21 6455085 6462291 -0.0463201521116159 0.0829971953799748 -0.00142679937067435
chr_21 6462296 6469878 0.0474806001851631 -0.00324895608579982 0.00216219291837351
chr_21 6469880 6477306 0.0763824251065178 -0.0235017879160139 0.00951772290725288
chr_21 6477318 6486200 0.0597576793566361 -0.011218746087959 0.005254649887111
chr_21 6486207 6493646 0.026536961681635 0.0154409362165477 0.00197218508302336
chr_21 6493651 6501337 0.0479982988841768 -0.00734376941398725 0.00568873773204461
chr_21 6501340 6508731 0.0336128159947527 0.033020692573866 0.0142737291082624
chr_21 6508733 6516260 0.03917219636156 0.000398937566648703 0.0102325744873728
chr_21 6516267 6524428 0.0807212573022845 -0.0282485620208033 0.0121871891988846
chr_21 6524429 6532169 0.0594603348395364 -0.0274268999925051 0.00966265375721281
chr_21 6532170 6540294 0.0589307182397041 0.0191842965164992 0.013781436201078
chr_21 6540302 6547294 0.037879093550191 0.0101829582981382 -0.00290168576914548
chr_21 6547295 6555314 0.02375423469458 0.0381425286911296 -0.00655120696577091
chr_21 6555322 6562949 0.0384286466936111 -0.00224089244118047 0.00659783161459797
chr_21 6562965 6571025 0.061529289222561 -0.010375898357561 -0.00113883678373076
chr_21 6571030 6578974 0.0618087911337198 -0.0201600263725957 0.01959556753415
chr_21 6578976 6587101 0.00748350705946524 0.0422484252525306 0.00149339617925603
chr_21 6587105 6594527 0.0790323727029954 -0.0116806538174604 0.00984484580703831
chr_21 6594534 6602006 0.0638935714460295 -0.00800228295204083 0.0151602763845622
chr_21 6602008 6609806 0.0443968834149888 0.000471637754495514 0.00355790406371543
chr_21 6609811 6617494 0.0441793320175308 0.0103788040353672 0.00776325563002434
chr_21 6617509 6625232 0.0615256454799629 0.00398986151287633 0.00829743138073757
chr_21 6625240 6632812 0.0610685839792923 0.028300813926867 0.00455697140790605
chr_21 6632813 6640552 0.0628244542802071 0.00124041796760699 0.00948957767128594
chr_21 6640561 6648274 0.0414232416766533 -0.00580161336765985 0.00511362861513442
chr_21 6648276 6656330 0.0394475405397056 0.00121872260854879 0.0018940698776095
chr_21 6656331 6663836 0.0409488026110022 0.0175212247691839 0.00566488219194997
chr_21 6663859 6671249 0.0707915756665984 -0.0147806859108818 0.0132135545236457
chr_21 6671250 6679359 0.010306872340817 -0.0108645986484749 -0.00387413905944665
chr_21 6679360 6687220 -0.0275502546565983 -0.0118446218921847 0.0159343782257414
chr_21 6687230 6695342 0.00206022540404218 0.0471886401455429 0.00758199054612947
chr_21 6695343 6703250 0.0306731231311906 0.00942383679454073 0.0024718061936824
chr_21 6703254 6710896 0.0323442393729605 0.021695530453017 0.00545426504452067
chr_21 6710899 6718708 0.0532323436458299 0.00562096009890747 0.00911547449499741
chr_21 6718730 6725905 -9.44265647755138e-05 0.00205959694199577 0.00555891884915186
chr_21 6725907 6734488 -0.00478442798577484 -0.0246494347421663 0.0142018074989747
chr_21 6734489 6742265 0.033081476280257 -0.0127565054514742 0.0189104559661378
chr_21 6742330 6749908 0.0108548659449551 -0.00820644351156402 0.00340426258195531
chr_21 6749909 6758368 0.0125505539994819 0.0104595711388717 0.0124971978388368
chr_21 6758382 6766461 0.0815308194535884 -0.0144924677927714 0.00757921155382845
chr_21 6766462 6774931 0.0122568896130071 -0.00150830904323862 0.000421460794025427
chr_21 6774939 6784479 0.0310524036076824 0.019057093627378 -0.00084223670257043
chr_21 6784489 6797556 0.0458001393406639 0.00625534457099842 -0.00942595958449678
chr_21 6797562 6807248 0.0494231635295901 -0.0125606089607761 0.0214189811064231
chr_21 6807285 6815915 0.0014338551335271 -0.0055648283702254 0.0107834128025392
chr_21 6815926 6825044 0.0496885302578644 -0.0154964754494745 -0.00237416190276086
chr_21 6825054 6833729 0.0166147470666757 -0.0238718892352531 0.0172026366260482
chr_21 6833756 6842188 0.0595534057808156 -0.0311672017753316 0.0280071597417582
chr_21 6842192 6849990 0.0207149599286973 -0.000320198656380818 0.0192752091978207
chr_21 6849993 6858005 0.0345246089516194 -0.0106084342173483 0.0174943079058031
chr_21 6858020 6865621 0.0405370896814848 0.0102557444930815 0.0205721219418544
chr_21 6865625 6873024 -0.0264105542228847 0.0170344631375448 0.00916509695473689
chr_21 6873032 6880672 0.00812536282732171 0.0256114965394802 0.0137663753215551
chr_21 6880689 6887977 -0.0372134859034149 0.0438750755159236 0.00543596223724551
chr_21 6887984 6895924 0.00402478843855003 0.0210638561145876 -0.00375658847291291
chr_21 6895927 6903407 0.00504363718820255 0.0192572677768689 0.00311491388348561
chr_21 6903408 6912056 0.0595455683950488 0.0231941358734815 0.0136057643610815
chr_21 6912072 6919738 0.049022721332959 0.0162436489147357 -0.000408709632920041
chr_21 6919739 6927415 0.0471087375724239 0.00104569996615568 0.0104366140204991
chr_21 6927446 6935531 0.0481606393695854 0.00072454702391846 0.00229304000016942
chr_21 6935533 6942590 0.0362784206081455 -0.0168101533659306 0.00435749730595423
chr_21 6942592 6950879 0.0548869581255032 0.00197371517960104 0.000785823174141657
chr_21 6950887 6958137 0.0537192302758969 -0.0114332645040097 0.0151547376524649
chr_21 6958139 6964891 0.00367833648960919 0.00117356075652079 0.00147713148878084
chr_21 6964895 6972217 0.00232682703061069 0.0151742602633343 -0.00634605323234379
chr_21 6972227 6980344 0.0123877117910512 -0.0273411835444973 0.00951179087069469
chr_21 6980349 6987284 0.0170491504554003 -0.0183389450697537 0.00934637290694736
chr_21 6987288 6994678 0.0480004670173004 -0.0268759762981317 0.00448754820303901
chr_21 6994688 7002683 0.0685637381603857 -0.0218844297317896 0.00881984287094721
chr_21 7002684 7009715 0.0104619959422035 -0.0169618609245047 0.00979033970378347
chr_21 7009744 7018102 0.0227353124924928 -0.0147898228040741 0.00868640329991791
chr_21 7018103 7026312 0.0504904326528082 -0.0175782180130041 0.0121315788474746
chr_21 7026313 7034238 0.0158244197336386 -0.0109519370624058 0.0032960764585404
chr_21 7034264 7041963 0.0659392829328082 -0.0163218466008507 0.0102213670796979
chr_21 7041964 7049514 0.0293969801339251 -0.00781015590065259 0.00335483590090495
chr_21 7049522 7057848 0.066433141858389 -0.012047992870142 0.0147180093749466
chr_21 7057855 7065183 0.0362903887784547 -0.0119646059273826 0.0146645310981793
chr_21 7065190 7072817 0.069781777378609 -0.00387813237269002 0.0109459386972601
chr_21 7072828 7080783 0.0384269131399443 -0.0200379556634005 0.0192341703302955
chr_21 7080793 7088398 0.0199883630325176 -0.0404118581812179 0.012207319029938
chr_21 7088404 7096114 0.0630979241536605 -0.0316731442257385 0.0103161258323837
chr_21 7096120 7103876 0.0555759587566083 -0.0183235583208957 0.0123900167661255
chr_21 7103879 7111662 0.0428385730295219 -0.00879253733434117 0.0192417644551017
chr_21 7111666 7120054 0.0739422506871798 -0.0205651887445804 0.0060008943326001
chr_21 7120071 7127875 0.0405395582096231 -0.0249703460804151 0.0134485765322336
chr_21 7127886 7136104 -0.00402883153885603 -0.0477762361319925 0.0264083166234332
chr_21 7136106 7145527 0.0462992895263565 -0.0312990817337918 0.000872469279108334
chr_21 7145532 7154749 0.0741583929756302 -0.0185818533500597 0.0200019221343386
chr_21 7154757 7162160 0.00799184545768635 -0.00860404390091829 -0.000489553852172313
chr_21 7162170 7170021 0.00247840638951618 -0.000576632712076954 0.0157117130599485
chr_21 7170027 7177742 0.0423779290497776 -0.0203535842660393 0.00893216503566755
chr_21 7177752 7185566 0.0216227615604446 -0.00844562852955393 0.0129379843652793
chr_21 7185569 7193235 0.0739007784268714 -0.0164617777249692 0.0115752403940509
chr_21 7193242 7200831 0.0426047826885036 -0.00530058048314077 0.0158117752414093
chr_21 7200837 7208715 0.00519491047016198 0.000971777985960413 0.00915529807168092
chr_21 7208724 7217481 0.0499931191058385 -0.00307680384370587 0.00999608519784753
chr_21 7217486 7225298 0.0560594733793431 -0.00363795681655919 0.017904816391484
chr_21 7225305 7232735 -0.00223983335140472 -0.00355846444724883 -0.000367343743679203
chr_21 7232740 7240100 -0.0234289485503128 0.00944107631037592 -0.0152157361365655
chr_21 7240106 7249078 0.0387886749018887 -0.00191157754407486 0.00470180128154506
chr_21 7249086 7257507 0.03475825160903 0.0070792839193835 -0.00730581830862098
chr_21 7257512 7265076 0.0683525545983179 -0.0151045594469315 0.000216099800472855
chr_21 7265108 7321415 0.0170736010009264 0.00145424159277029 0.00607093296795125
chr_21 7321418 7354408 0.0716684105266025 -0.00577157812856712 0.00718056324198377
chr_21 7354409 7365494 0.00683119993102592 0.0099930411973866 0.0128348594766704
chr_21 7365496 7377796 -0.0328651197074292 0.0326630962316461 0.0073121906746051
chr_21 7377980 7416334 -0.0110113799862776 0.0232744164229748 0.0118700045465222
chr_21 7416444 7435724 0.0613267445289759 -0.0128620886237151 0.00472352989663979
chr_21 7435725 7444800 0.0126802427821307 -0.00431722398179259 0.00270628915870488
chr_21 7444819 7453571 -0.0033992903714048 0.0196410133924701 -0.0266708463118958
chr_21 7453583 7463317 -0.0145369961612123 -0.00590935119915658 -0.00679948896627935
chr_21 7463320 7475370 0.0293917911978045 0.00592849964134805 0.00217214835050905
chr_21 7475380 7486135 0.0743557007347519 -0.00891556749751505 0.0117742791784121
chr_21 7486143 7496341 -0.0244247173484486 -0.0135565050771884 0.000981196743387061
chr_21 7496353 7505384 0.0414850744360912 -0.0212513699403997 0.00265481033596877
chr_21 7505386 7512681 0.0146322974166296 -0.00669802059048707 0.0160045912580511
chr_21 7512682 7521014 -0.0318527671771398 0.0112001449135073 -0.00189469451046643
chr_21 7521017 7530601 0.0161304913727388 0.0137752617856406 0.00856096304998151
chr_21 7530607 7537839 -0.0259311436936767 -0.0277036326248434 0.0120704355670326
chr_21 7537842 7546334 0.0348441813155793 -0.0321776306371652 0.00491894174854801
chr_21 7546335 7555891 -0.0319001319946311 0.0146260566676512 0.00306536187712999
chr_21 7555894 7563496 0.0369211053816926 0.00381113394538524 0.0129823184874156
chr_21 7563498 7571571 0.00740853543250448 0.0222960086123518 -0.0048582695678683
chr_21 7571575 7579651 0.0353862406209378 -0.00624892080174014 0.00519327264972879
chr_21 7579667 7587909 0.0286553395950055 0.0209185022912433 0.0067805031849959
chr_21 7587913 7596366 0.0253210575566208 0.0186694154281312 0.00173006272954555
chr_21 7596373 7603730 -0.00854074291529031 0.0574267810394577 -0.00980270415694707
chr_21 7603736 7611781 0.0220185527669946 0.0397206565601188 0.00199096994541383
chr_21 7611784 7620181 -0.115532797815135 0.096935413763444 -0.0143280366329713
chr_21 7620186 7628888 -0.0357683817372408 0.101900310600584 -0.0124973334789542
chr_21 7628909 7636061 0.0332466887294769 0.0173269657310238 0.0115632484146682
chr_21 7636067 7643972 -0.00545689871998804 0.0637243884124025 -0.00648182694179414
chr_21 7643988 7652289 0.000991315493114219 0.0397810941761485 0.0120587963465235
chr_21 7652315 7660918 0.0132059905530401 0.0893535474676237 0.00384599783815195
chr_21 7660919 7668928 0.038078620430067 0.0349856944111112 0.00754839586034922
chr_21 7668938 7676504 0.0125278959159412 0.0399828040728348 0.000802185560376453
chr_21 7676522 7684432 -0.0166520884587418 0.0189254879701087 0.0232563924446949
chr_21 7684443 7692664 -0.00774433869906072 0.0257365542360878 0.0101971485750714
chr_21 7692676 7701100 -0.0778229004077501 0.0165359932743852 -0.00184678160395404
chr_21 7701103 7709227 -0.010491990886359 -0.0248912054750423 0.017886880020581
chr_21 7709229 7716472 0.00958606133894386 0.0206893262933458 0.0145160903022717
chr_21 7716488 7724769 0.019626252822724 0.0151872216993652 0.0142877042241574
chr_21 7724783 7732159 0.0245563382739576 -0.0212271640404717 0.00476429531723888
chr_21 7732163 7740600 -0.0173131599515688 -0.00760702457588344 0.00299390978875668
chr_21 7740608 7748925 -0.0111483433042278 -0.00665020099455748 0.0179115249342131
chr_21 7748936 7757517 0.000415138316989181 -0.00625733706695973 0.0142189984606483
chr_21 7757528 7764742 -0.0157802964470278 -0.00639004269667438 0.0125284633146186
chr_21 7764756 7773008 -0.0273228136552358 0.000644367402707764 -0.006016183816496
chr_21 7773015 7781130 -0.036221036819225 -0.0024283048551678 0.00105272268305641
chr_21 7781143 7788181 -0.0310336476612976 0.0151291370393643 -0.0112284935912865
chr_21 7788186 7794628 0.0444924250420788 0.00371128616170987 0.00673631772149669
chr_21 7794632 7803670 -0.012768340685588 -0.0133383345605084 0.00493852239583809
chr_21 7803674 7813266 -0.0301576205445824 0.000601890872489897 -0.00450671936898437
chr_21 7813278 7823204 -0.00387767063209064 -0.00850953828948058 0.00806866140449359
chr_21 7823215 7833642 -0.0092392134944483 0.0461603776746056 -0.00480190038951555
chr_21 7833660 7843422 -0.00601569730043133 -0.00663732123486752 -0.00163533225039102
chr_21 7843439 7853045 0.0427426057683172 -0.00897099688965968 0.00312475822284904
chr_21 7853056 7862115 0.0546227901688548 -0.0258004105471533 0.00688008149121763
chr_21 7862127 7873191 -0.0208424569482973 0.0116535591880812 -0.000307177794858449
chr_21 7873194 7882120 0.0663749492297474 -0.0141396062175767 -0.0268966792031647
chr_21 7882172 7892656 0.0592524392269118 -0.00536775106935491 -0.00111910361220441
chr_21 7892668 7903241 0.0519170836580882 0.000221238785330704 -0.0104120274903851
chr_21 7903254 7911668 0.05527201248326 0.00360616252493404 -0.00178959652161632
chr_21 7911672 7920181 0.0113663263380965 -0.0264306525535741 0.0023433748578225
chr_21 7920210 7930029 0.0726544145727364 -0.0182783722772995 0.0109342924511881
chr_21 7930030 7938417 0.0737471675896341 -0.0194070506975618 0.00678943245581792
chr_21 7938442 7946753 0.0353270113419372 -0.0171993579212368 0.0044741261803234
chr_21 7946756 7954772 -0.0319663405259155 0.0326516083864771 0.00533786918533728
chr_21 7954773 7962790 0.0045268780364349 0.0415195233099411 0.0161506593292419
chr_21 7962792 7970857 0.0667134479669063 -0.0061789476930563 0.0111231776936436
chr_21 7970862 7979632 0.0558138404900271 -0.00659142216888893 0.0153526318818609
chr_21 7979634 7989531 0.0401479285355101 0.0204251209949696 0.00806404903338664
chr_21 7989533 7998453 0.0715755436141745 0.00270312086189541 0.0104406224683516
chr_21 7998459 8006663 0.0560009097472248 -0.0125028567768326 0.0112375624987664
chr_21 8006676 8016515 0.0734871350500672 -0.0207636024385326 0.0136265626326508
chr_21 8016518 8025474 0.0455235259032458 -0.00804300082700277 -0.00124641099444992
chr_21 8025483 8034358 0.0411752994742726 0.0119675746438221 -0.00196050411187032
chr_21 8034363 8043349 0.0536321871513675 -0.00904469470730886 0.0107275715577001
chr_21 8043358 8053363 0.00575892909264309 0.026422857459039 0.011386810133703
chr_21 8053368 8062739 0.0514496056714211 -0.0228292825298575 0.0120099688273884
chr_21 8062752 8073563 0.0604585463517813 -0.00778910569470009 0.00315009330182408
chr_21 8073567 8082345 0.0595099207291538 -0.0194751602633708 0.00505247785667828
chr_21 8082353 8091105 7.50171395415946e-05 -0.00339674730172138 0.0078236650781379
chr_21 8091108 8099307 0.062019954564403 -0.00956410132390666 0.0172695963686591
chr_21 8099309 8109664 0.0563254531618476 -0.0178051840237435 0.0041850592441755
chr_21 8109667 8117577 0.0467333212012004 0.00538426777708253 0.0125813203771044
chr_21 8117605 8126394 0.0387444063617469 0.00873582661422011 0.00069689841889739
chr_21 8126396 8135210 0.0691436521746234 -0.010110834850535 0.0121308366013314
chr_21 8135218 8145750 0.0393862779593024 -0.0115957384400624 0.00608392436928396
chr_21 8145752 8156778 0.0695464146653565 -0.0316781851813434 0.00386895041657215
chr_21 8156796 8166513 0.0587748291047578 -0.0163224522940569 0.0121167842114104
chr_21 8166534 8175540 0.0730974100420135 -0.0188737467139525 0.0150069229844554
chr_21 8175569 8184934 0.0383567164851507 -0.0126803067733464 0.00713010900804801
chr_21 8184939 8194770 0.049508176655856 -0.0161571416375748 0.0123353681061211
chr_21 8194771 8202842 0.047953403182043 0.0118944370728765 -0.00209755359553017
chr_21 8202852 8211197 0.0352910751811602 0.0526325557145557 -0.00684361178678233
chr_21 8211209 8220420 0.0384674217916101 -0.00331090105599269 0.00750649989873662
chr_21 8220432 8229293 0.00539584780506871 0.00877147320483959 -0.00276046702414347
chr_21 8229294 8237903 -0.0180158649803631 0.0257683097984813 -0.000847829050869677
chr_21 8237906 8245980 -0.0101779870028443 -0.0311430803055729 0.00461435580018958
chr_21 8245981 8253922 0.0361079019843574 -0.00844537924003103 0.00681119478570615
chr_21 8253924 8263517 0.0241151346762478 -0.0142720066089555 0.00561492648035818
chr_21 8263536 8273690 0.0468830722883787 -0.0117752462165133 0.0106249035055856
chr_21 8273701 8282040 -0.0498388411872483 0.0384485633520943 -0.00194310220264416
chr_21 8282055 8291101 0.0463307485158437 0.0114630227524398 0.0141923282539664
chr_21 8291102 8300675 0.0595512103917301 -0.0264581702202609 0.0135209067126542
chr_21 8300681 8310288 0.0443577375595257 -0.0129443735012215 0.00356709095021988
chr_21 8310292 8319503 -0.0316305048582396 -0.00166283439362877 -0.0065454741731249
chr_21 8319507 8328920 0.0144320114765838 -0.0060547620065616 0.00244370559923313
chr_21 8328921 8337862 -0.0154705333633478 -0.00110125114586424 -0.00431232255454181
chr_21 8337864 8345806 -0.0390872050699827 0.0189306271489739 0.00656194085338342
chr_21 8345810 8354369 0.0111912100492996 0.0183392159810195 0.0100067912752333
chr_21 8354375 8363662 -0.0221198060925521 0.0181200669494068 0.0137211096658058
chr_21 8363664 8372077 -0.031477942788093 -0.0173740223064647 -0.0110606588221953
chr_21 8372089 8381747 0.00141537347925346 -0.00747581691613845 0.00894538252494995
chr_21 8381750 8389421 0.0248981552822476 -0.0107590475347543 0.0014295828610568
chr_21 8389430 8398642 0.0618235528384376 -0.0124606131860815 0.0121212391955376
chr_21 8398658 8406909 -0.00851842984418471 0.0151031818522356 0.0137726964727852
chr_21 8406910 8414843 -0.00411531428583089 -0.0015488234701014 0.010651994277615
chr_21 8414897 8423493 0.0428392874897858 0.00629536623191612 0.0122948608072068
chr_21 8423502 8430824 0.0394172316871684 -0.0012800998477136 0.00397515704100539
chr_21 8430829 8439593 -0.00948919660355414 0.0327987764922056 0.012608640859191
chr_21 8439605 8447968 0.0758487652763093 -0.0219094133819851 0.00677844551816731
chr_21 8447972 8456230 0.0188059882230814 0.00365073322055411 0.00289904204662679
chr_21 8456232 8464312 0.0438335681800606 0.0342944111516266 0.00722519495061824
chr_21 8464313 8472807 0.0466511400578287 0.0111358474664995 -0.0172703068900351
chr_21 8472809 8481446 0.0422811597625289 0.00621775166316261 0.00677994222430684
chr_21 8481449 8490176 0.0211898326457154 0.0222482223952178 -0.00832604081280011
chr_21 8490178 8499124 0.0729466563762631 -0.00880252516518649 -0.00349849369791698
chr_21 8499130 8506971 0.0583976499993951 -0.00184661824253328 0.00218693961175859
chr_21 8506981 8515506 -0.0178627287482095 0.0220804309677927 0.00696331802689873
chr_21 8515509 8524008 0.033096531584161 -0.0196745125425298 0.0133517228181828
chr_21 8524010 8532990 0.0349269195461294 -0.0329703037167603 0.00952047981988105
chr_21 8532992 8541662 0.0204263999147156 -0.0157674474655601 -0.00926390794495446
chr_21 8541669 8549836 0.0318822467961781 -0.0196201072233251 0.0117782814601895
chr_21 8549838 8558479 0.0503156037728115 -0.024433873683612 0.00198897967193892
chr_21 8558489 8566719 0.0398067668031329 -0.0264871097131059 0.00349602382696175
chr_21 8566723 8574636 0.0513903285222148 -0.0172822970836347 -0.00203950931564587
chr_21 8574640 8583142 0.0420004332532237 -0.0195421530886524 0.0108659937342436
chr_21 8583147 8590993 0.00663650297296086 -0.0339087031160936 -0.00765865718320012
chr_21 8591011 8599812 0.0383331249807724 -0.0127395254579775 0.00345585879887972
chr_21 8599821 8608830 0.0302557082181156 0.0253780427920826 -0.000243633860761898
chr_21 8608831 8617422 0.0211190178010484 -0.0158954213429679 0.000208310920935364
chr_21 8617428 8626276 0.057857655024569 -0.00384060916818015 -0.00592973241566047
chr_21 8626284 8634321 0.0245371342331127 -0.025429669569239 0.0030576253015279
chr_21 8634323 8643266 -0.00945756471284101 0.0232014642246228 0.0088695350592325
chr_21 8643276 8651501 0.0320860850064523 0.00552515049514976 0.00261913173755083
chr_21 8651521 8659785 0.0432627747890188 -0.0179203429380728 0.00457587029606476
chr_21 8659793 8667260 0.0470729750116944 -0.022245504631044 -0.000597107408894914
chr_21 8667261 8675580 0.066109672245608 -0.00707686839881763 0.0168099149729607
chr_21 8675585 8684944 -0.00551730111109323 0.0211817744674635 -0.00812286398419477
chr_21 8684950 8692775 0.0236301695356134 -0.00862305719225812 0.00720714438837533
chr_21 8692780 8702142 0.0363639673668057 -0.0273479738945203 0.00954707062338637
chr_21 8702159 8710881 0.0700351943210211 -0.0245658413451081 0.0104026170553912
chr_21 8710891 8718805 0.0581071389501121 -0.0255138921841003 0.0103549757954408
chr_21 8718814 8726975 0.0545637404378154 -0.015878738228693 -0.00104404850201184
chr_21 8726985 8735346 0.0666279076239365 -0.0229768541249909 0.00326954790832723
chr_21 8735355 8744523 0.0525358799476514 -0.0209758819061256 0.0176710148297097
chr_21 8744533 8752817 0.0740511106008548 -0.010436044216891 0.0203638964681587
chr_21 8752827 8760994 0.0655966867310379 -0.00869968376961485 0.0120959822890714
chr_21 8761000 8769874 0.0480551534697513 -0.0181413881265634 0.00662246553562658
chr_21 8769876 8777971 0.0853799117564568 -0.0228986314587287 0.00879079359419349
chr_21 8778005 8787040 0.0642705305146325 -0.00386784562720018 0.0143312222707575
chr_21 8787048 8795028 0.0835417431959601 -0.0177391215494299 -0.00212341397271556
chr_21 8795033 8802639 0.0794477031185262 -0.0170527362730195 0.00951698927447233
chr_21 8802660 8812444 0.0809180028691978 -0.0173182454796105 0.0158422046112783
chr_21 8812445 8821406 0.0408945179771347 -0.00970789709252333 0.00744892963337328
chr_21 8821419 8829539 0.0273786303870734 -0.00529662389328607 0.00879381546171843
chr_21 8829545 8837632 0.0411509493963981 0.00905203020748458 0.0119473324057579
chr_21 8837635 8846495 0.0613362325056509 -0.0156441335112739 0.0145454904205411
chr_21 8846499 8854596 0.0474715474823354 -0.0107496187237279 0.0136236792956947
chr_21 8854598 8863326 0.0418969475957768 0.00160078195755472 0.0102911421873013
chr_21 8863334 8872447 0.0598832438116438 -0.0038767531372519 0.0105846529862117
chr_21 8872454 8880872 0.0701524038478085 -0.0102905617680671 0.00509743839186615
chr_21 8880873 8892079 0.0228547738617371 -0.0108020544658012 0.0188949215284873
chr_21 8892080 8900141 0.0582909975231386 0.00181683741982989 0.0103919483989368
chr_21 8900142 8909712 0.0566130974600282 0.0215940684422437 0.0115785003441974
chr_21 8909721 8917706 0.041924007421513 -0.02334641729097 0.00806160131583763
chr_21 8917714 8927644 0.0256583821513075 0.000759868396777455 0.00988355818908419
chr_21 8927652 8936897 0.0796396517938217 -0.0189572664939161 0.00210031018654074
chr_21 8936898 8946263 0.0672009768333539 -0.0327048409793417 0.0126518377873204
chr_21 8946264 8956140 0.0687844116847538 -0.0187573814447187 0.0204199479885283
chr_21 8956146 8965018 0.0727565377654351 -0.0242675106456775 0.0151270265588663
chr_21 8965021 8973704 0.00287414438956151 0.0108381774905354 0.0124359269779728
chr_21 8973712 8982136 0.0326949480454752 -0.0103863443048413 0.0151764624718294
chr_21 8982151 8990625 0.0024979281811307 0.0193840953337294 0.0101734043208137
chr_21 8990649 8999821 0.0623009465310535 0.0052103550154568 0.0112717281500822
chr_21 8999825 9008365 0.0232200176851399 0.00992955404002177 0.0187213573834446
chr_21 9008383 9016498 0.0493593165416297 -0.0136417358000647 0.0116886405956108
chr_21 9016501 9025753 0.0699275402033218 -0.0220643396377563 0.0166420679988458
chr_21 9025759 9034599 0.0667086203475328 -0.0225767290208191 0.0129082683919474
chr_21 9034601 9043947 0.0350376420843557 -0.00605550706093789 0.0159637493939912
chr_21 9043949 9052531 0.0114047712649325 -0.0378747290474161 0.0201615026421481
chr_21 9052554 9062116 0.0609189080207356 -0.0172378320420442 0.00770857327403278
chr_21 9062140 9071205 0.0369514497685443 -0.0289133586160553 0.0243228548129305
chr_21 9071217 9082069 0.0498321983101548 -0.0208293835376444 0.0231824711410572
chr_21 9082070 9091309 0.052884169442203 -0.00952292176811571 0.0211274074090595
chr_21 9091321 9100122 0.0773241528304308 -0.016857184325359 -0.00691673127862108
chr_21 9100123 9110341 0.06859138752753 -0.0248214771444683 0.00893111432579173
chr_21 9110346 9120314 0.0747531601053882 -0.0178253671607946 -0.0227712761043108
chr_21 9120316 9130546 0.0498992909216018 0.00602065547771878 0.00443213194948975
chr_21 9130552 9141559 -0.0187992452629238 0.0102118142776428 0.00179441080345701
chr_21 9141560 9152831 0.0494910980182187 -0.0246930882719783 0.00955058433233297
chr_21 9152836 9163367 0.048739614757934 -0.02759509552298 0.0187614377151606
chr_21 9163368 9175031 0.0497146112369794 -0.0140945491429844 0.00940081327439736
chr_21 9175043 9276155 -0.014374920213309 -0.00446267492270664 0.0163836136925369
chr_21 9276168 9320441 0.0426519217505076 -0.0480040296504928 0.0105977718290497
chr_21 9320466 9356784 0.0397913523619626 -0.0161927030334007 0.0197611049262588
chr_21 9356785 9366967 0.0279363390221948 -0.0228324376920685 0.0129010923429581
chr_21 9366994 9377505 0.0567161750458592 -0.0257084105032933 0.0225146629221522
chr_21 9377512 9386100 0.0574893582733686 -0.0449082227928653 0.0130211359145458
chr_21 9386116 9396687 0.00402580870568481 -0.0379341003587475 0.00901309707430164
chr_21 9396712 9405863 0.0244390812543305 -0.0603928024247511 0.0227151387058929
chr_21 9405881 9415802 0.030520652730223 -0.0434036743061711 0.0187196629140941
chr_21 9415836 9428432 0.0511140987855509 -0.0324727436223986 0.0118666053868738
chr_21 9428441 9438945 0.0680385378134153 -0.040153082717486 0.02440101982826
chr_21 9438948 9449723 0.0509832831859632 -0.0506156650580255 0.00462052598491476
chr_21 9449729 9460505 0.0679874157948533 -0.0310161724706836 0.0131844671589886
chr_21 9460521 9471270 0.0733785731412386 -0.0125370917071335 0.0135284932227172
chr_21 9471275 9485003 0.0509513626994157 -0.0340627838489772 0.0071477811289153
chr_21 9485012 9497823 0.04138673475513 -0.0359940061309897 0.0219868457673546
chr_21 9497845 9510072 -0.00154166730451317 -0.0558150442461668 0.00059167298555538
chr_21 9510078 9521868 -0.0119948192030325 -0.0436330850830907 0.0005373293940456
chr_21 9521869 9534443 0.0679285753290444 -0.0483158753884228 0.00044311455866964
chr_21 9534446 9545976 0.0446046832849041 -0.0622383237534039 0.0144869282773365
chr_21 9545987 9557978 0.0347880297978018 -0.0491357200460803 0.0131860710287586
chr_21 9557991 9569691 0.0668903707150727 -0.0539434426788907 0.015805698914074
chr_21 9569696 9580494 0.0722998900137953 -0.0544532091916573 0.00841094660019272
chr_21 9580498 9590923 0.0822358841059906 -0.0487854492075053 0.011432834250993
chr_21 9590926 9602442 0.0379681113818412 -0.0499379141016332 0.00747978190612667
chr_21 9602455 9613965 0.0558434177484175 -0.0488182171295543 0.00959575977155998
chr_21 9613983 9625211 -0.0194766635569798 -0.0999531965665561 0.0207803905068491
chr_21 9625214 9636656 0.0605381138473489 -0.0304464360607826 0.0132407798938288
chr_21 9636657 9647598 0.0280908580500306 -0.030963174643462 -2.01869400008894e-05
chr_21 9647607 9657981 0.0546061682220592 -0.0343517190534769 0.0105831109302926
chr_21 9657998 9668267 0.0372017241266665 -0.0448472791611518 -0.0094958630929042
chr_21 9668268 9679313 0.0673875916306609 -0.0456458011573704 0.000922464789774026
chr_21 9679328 9689485 0.0304827660917148 -0.0600457709737783 0.00785943805382312
chr_21 9689521 9699682 -0.0145519013585042 -0.0775111325240824 0.0170714202161137
chr_21 9699694 9710867 -0.0117511831066913 -0.0966852791639824 0.0202578698142301
chr_21 9710898 9721729 -5.21596984141825e-05 -0.0619240841606408 0.0116031566997457
chr_21 9721730 9733070 -0.00716005543720197 -0.0774094302821531 0.0214226416483206
chr_21 9733081 9743893 0.0418916853737207 -0.0247032657042468 0.0159068891618475
chr_21 9743894 9753782 0.0257348264378891 -0.0665198380200177 0.0238357200911283
chr_21 9753791 9764240 0.0486380319989173 -0.0562055329139546 0.0285713734151907
chr_21 9764254 9776120 0.0576975364472947 -0.0582638434627246 0.0196777428589461
chr_21 9776152 9787334 0.0591212350705992 -0.0836202031169706 0.0279576090911111
chr_21 9787337 9799584 0.0728837207056929 -0.0842807130061294 0.0264069177824078
chr_21 9799588 9812038 0.0751460418663925 -0.084757320802646 0.0207182188656913
chr_21 9812053 9824310 0.0788676658544427 -0.0996468168735032 0.0341502428963757
chr_21 9824321 9836822 0.0966471051359456 -0.0930596843590496 0.0331942241736405
chr_21 9836914 9850712 0.103711894764937 -0.104685380941967 0.0393333696374999
chr_21 9850726 9863319 0.122682664403878 -0.165857421162589 0.0545359988648951
chr_21 9863334 9876934 0.123377834923256 -0.164639158687541 0.0556831927539299
chr_21 9876989 9893115 0.124386865085076 -0.160266088872376 0.0556126877420637
chr_21 9893129 9905094 0.118883490804492 -0.133778798203308 0.0478466382977169
chr_21 9905110 9916007 0.12386535211845 -0.160789779521503 0.0526464231517544
chr_21 9916014 9926159 0.114279525249264 -0.10029740884737 0.0400632705103376
chr_21 9926172 9935672 0.10979145066244 -0.0873911555573122 0.0322630450146309
chr_21 9935676 9956888 0.106601194688918 -0.109198662481715 0.0400887814201125
chr_21 9956891 10003450 0.119183307431505 -0.109982508742494 0.0459869428861933
chr_21 10003477 10022416 0.0861343585037681 -0.0547340033508145 0.0176020864558627
chr_21 10022418 10037842 0.00155110343928165 0.045013278645437 0.00219236894984883
