6869 19
16869 5
26869 5
36869 5
46869 5
56869 6
66869 6
76869 7
86869 16
96869 13
106869 9
116869 6
126869 7
136869 8
146869 11
156869 17
166869 21
176869 19
186869 9
196869 14
206869 12
216869 9
226869 11
236869 9
246869 13
256869 17
266869 13
276869 12
286869 6
296869 6
306869 6
316869 17
326869 9
336869 12
346869 21
356869 5
366869 14
376869 16
386869 20
396869 15
406869 10
416869 17
426869 11
436869 15
446869 16
456869 10
466869 23
476869 17
486869 20
496869 20
506869 18
516869 17
526869 22
536869 21
546869 19
556869 19
566869 16
576869 14
586869 18
596869 10
606869 15
616869 16
626869 21
636869 22
646869 14
656869 16
666869 18
676869 15
686869 14
696869 14
706869 17
716869 9
726869 14
736869 20
746869 13
756869 21
766869 13
776869 19
786869 17
796869 17
806869 18
816869 13
826869 17
836869 17
846869 16
856869 17
866869 17
876869 14
886869 16
896869 16
906869 16
916869 16
926869 16
936869 13
946869 20
956869 19
966869 16
976869 14
986869 15
996869 13
1.00687e+06 15
1.01687e+06 19
1.02687e+06 17
1.03687e+06 19
1.04687e+06 15
1.05687e+06 14
1.06687e+06 17
1.07687e+06 11
1.08687e+06 20
1.09687e+06 20
1.10687e+06 10
1.11687e+06 19
1.12687e+06 15
1.13687e+06 15
1.14687e+06 18
1.15687e+06 16
1.16687e+06 18
1.17687e+06 15
1.18687e+06 15
1.19687e+06 21
1.20687e+06 15
1.21687e+06 21
1.22687e+06 8
1.23687e+06 18
1.24687e+06 20
1.25687e+06 18
1.26687e+06 13
1.27687e+06 16
1.28687e+06 20
1.29687e+06 16
1.30687e+06 16
1.31687e+06 16
1.32687e+06 17
1.33687e+06 18
1.34687e+06 11
1.35687e+06 16
1.36687e+06 15
1.37687e+06 15
1.38687e+06 14
1.39687e+06 16
1.40687e+06 17
1.41687e+06 16
1.42687e+06 20
1.43687e+06 12
1.44687e+06 16
1.45687e+06 17
1.46687e+06 15
1.47687e+06 15
1.48687e+06 19
1.49687e+06 14
1.50687e+06 19
1.51687e+06 20
1.52687e+06 17
1.53687e+06 16
1.54687e+06 14
1.55687e+06 14
1.56687e+06 10
1.57687e+06 17
1.58687e+06 11
1.59687e+06 17
1.60687e+06 16
1.61687e+06 15
1.62687e+06 19
1.63687e+06 18
1.64687e+06 19
1.65687e+06 13
1.66687e+06 21
1.67687e+06 16
1.68687e+06 15
1.69687e+06 16
1.70687e+06 15
1.71687e+06 16
1.72687e+06 19
1.73687e+06 15
1.74687e+06 15
1.75687e+06 14
1.76687e+06 13
1.77687e+06 16
1.78687e+06 18
1.79687e+06 13
1.80687e+06 18
1.81687e+06 16
1.82687e+06 13
1.83687e+06 17
1.84687e+06 17
1.85687e+06 16
1.86687e+06 16
1.87687e+06 16
1.88687e+06 16
1.89687e+06 16
1.90687e+06 8
1.91687e+06 16
1.92687e+06 16
1.93687e+06 16
1.94687e+06 16
1.95687e+06 16
1.96687e+06 16
1.97687e+06 10
1.98687e+06 18
1.99687e+06 16
2.00687e+06 16
2.01687e+06 16
2.02687e+06 16
2.03687e+06 17
2.04687e+06 16
2.05687e+06 16
2.06687e+06 16
2.07687e+06 17
2.08687e+06 16
2.09687e+06 16
2.10687e+06 16
2.11687e+06 16
2.12687e+06 16
2.13687e+06 16
2.14687e+06 16
2.15687e+06 17
2.16687e+06 17
2.17687e+06 16
2.18687e+06 16
2.19687e+06 16
2.20687e+06 16
2.21687e+06 16
2.22687e+06 16
2.23687e+06 16
2.24687e+06 16
2.25687e+06 16
2.26687e+06 17
2.27687e+06 20
2.28687e+06 16
2.29687e+06 16
2.30687e+06 16
2.31687e+06 16
2.32687e+06 11
2.33687e+06 13
2.34687e+06 13
2.35687e+06 16
2.36687e+06 16
2.37687e+06 19
2.38687e+06 15
2.39687e+06 15
2.40687e+06 18
2.41687e+06 17
2.42687e+06 17
2.43687e+06 16
2.44687e+06 17
2.45687e+06 21
2.46687e+06 16
2.47687e+06 13
2.48687e+06 19
2.49687e+06 13
2.50687e+06 14
2.51687e+06 15
2.52687e+06 18
2.53687e+06 17
2.54687e+06 14
2.55687e+06 12
2.56687e+06 11
2.57687e+06 19
2.58687e+06 12
2.59687e+06 19
2.60687e+06 16
2.61687e+06 15
2.62687e+06 14
2.63687e+06 5
2.64687e+06 16
2.65687e+06 15
2.66687e+06 21
2.67687e+06 13
2.68687e+06 15
2.69687e+06 20
2.70687e+06 15
2.71687e+06 16
2.72687e+06 16
2.73687e+06 19
2.74687e+06 17
2.75687e+06 16
2.76687e+06 15
2.77687e+06 16
2.78687e+06 16
2.79687e+06 16
2.80687e+06 16
2.81687e+06 16
2.82687e+06 16
2.83687e+06 16
2.84687e+06 10
2.85687e+06 16
2.86687e+06 16
2.87687e+06 17
2.88687e+06 18
2.89687e+06 16
2.90687e+06 17
2.91687e+06 16
2.92687e+06 17
2.93687e+06 19
2.94687e+06 13
2.95687e+06 17
2.96687e+06 15
2.97687e+06 15
2.98687e+06 15
2.99687e+06 14
3.00687e+06 22
3.01687e+06 17
3.02687e+06 20
3.03687e+06 19
3.04687e+06 14
3.05687e+06 16
3.06687e+06 17
3.07687e+06 15
3.08687e+06 17
3.09687e+06 10
3.10687e+06 15
3.11687e+06 21
3.12687e+06 17
3.13687e+06 18
3.14687e+06 17
3.15687e+06 19
3.16687e+06 16
3.17687e+06 19
3.18687e+06 15
3.19687e+06 16
3.20687e+06 13
3.21687e+06 15
3.22687e+06 12
3.23687e+06 22
3.24687e+06 9
3.25687e+06 16
3.26687e+06 16
3.27687e+06 12
3.28687e+06 16
3.29687e+06 10
3.30687e+06 20
3.31687e+06 16
3.32687e+06 18
3.33687e+06 19
3.34687e+06 19
3.35687e+06 18
3.36687e+06 14
3.37687e+06 19
3.38687e+06 19
3.39687e+06 17
3.40687e+06 18
3.41687e+06 17
3.42687e+06 15
3.43687e+06 19
3.44687e+06 18
3.45687e+06 23
3.46687e+06 19
3.47687e+06 21
3.48687e+06 20
3.49687e+06 18
3.50687e+06 18
3.51687e+06 23
3.52687e+06 19
3.53687e+06 18
3.54687e+06 11
3.55687e+06 19
3.56687e+06 20
3.57687e+06 13
3.58687e+06 15
3.59687e+06 14
3.60687e+06 8
3.61687e+06 17
3.62687e+06 17
3.63687e+06 10
3.64687e+06 18
3.65687e+06 19
3.66687e+06 18
3.67687e+06 8
3.68687e+06 19
3.69687e+06 16
3.70687e+06 20
3.71687e+06 17
3.72687e+06 20
3.73687e+06 18
3.74687e+06 23
3.75687e+06 14
3.76687e+06 18
3.77687e+06 20
3.78687e+06 16
3.79687e+06 16
3.80687e+06 15
3.81687e+06 20
3.82687e+06 20
3.83687e+06 14
3.84687e+06 18
3.85687e+06 14
3.86687e+06 19
3.87687e+06 17
3.88687e+06 16
3.89687e+06 21
3.90687e+06 19
3.91687e+06 7
3.92687e+06 20
3.93687e+06 13
3.94687e+06 22
3.95687e+06 14
3.96687e+06 20
3.97687e+06 13
3.98687e+06 18
3.99687e+06 19
4.00687e+06 19
4.01687e+06 20
4.02687e+06 16
4.03687e+06 14
4.04687e+06 12
4.05687e+06 19
4.06687e+06 17
4.07687e+06 12
4.08687e+06 16
4.09687e+06 14
4.10687e+06 18
4.11687e+06 21
4.12687e+06 18
4.13687e+06 13
4.14687e+06 19
4.15687e+06 17
4.16687e+06 17
4.17687e+06 16
4.18687e+06 19
4.19687e+06 17
4.20687e+06 23
4.21687e+06 17
4.22687e+06 18
4.23687e+06 15
4.24687e+06 11
4.25687e+06 15
4.26687e+06 17
4.27687e+06 18
4.28687e+06 13
4.29687e+06 16
4.30687e+06 19
4.31687e+06 13
4.32687e+06 17
4.33687e+06 10
4.34687e+06 14
4.35687e+06 21
4.36687e+06 18
4.37687e+06 18
4.38687e+06 15
4.39687e+06 19
4.40687e+06 17
4.41687e+06 17
4.42687e+06 14
4.43687e+06 19
4.44687e+06 17
4.45687e+06 16
4.46687e+06 24
4.47687e+06 19
4.48687e+06 19
4.49687e+06 19
4.50687e+06 20
4.51687e+06 23
4.52687e+06 14
4.53687e+06 17
4.54687e+06 18
4.55687e+06 17
4.56687e+06 16
4.57687e+06 15
4.58687e+06 20
4.59687e+06 15
4.60687e+06 20
4.61687e+06 17
4.62687e+06 15
4.63687e+06 14
4.64687e+06 13
4.65687e+06 15
4.66687e+06 14
4.67687e+06 15
4.68687e+06 20
4.69687e+06 13
4.70687e+06 16
4.71687e+06 9
4.72687e+06 16
4.73687e+06 15
4.74687e+06 17
4.75687e+06 17
4.76687e+06 15
4.77687e+06 17
4.78687e+06 16
4.79687e+06 14
4.80687e+06 23
4.81687e+06 18
4.82687e+06 22
4.83687e+06 17
4.84687e+06 15
4.85687e+06 14
4.86687e+06 21
4.87687e+06 18
4.88687e+06 17
4.89687e+06 12
4.90687e+06 17
4.91687e+06 15
4.92687e+06 18
4.93687e+06 17
4.94687e+06 14
4.95687e+06 16
4.96687e+06 13
4.97687e+06 18
4.98687e+06 15
4.99687e+06 19
5.00687e+06 12
5.01687e+06 19
5.02687e+06 18
5.03687e+06 11
5.04687e+06 16
5.05687e+06 17
5.06687e+06 15
5.07687e+06 22
5.08687e+06 16
5.09687e+06 16
5.10687e+06 16
5.11687e+06 16
5.12687e+06 14
5.13687e+06 13
5.14687e+06 12
5.15687e+06 13
5.16687e+06 16
5.17687e+06 20
5.18687e+06 18
5.19687e+06 12
5.20687e+06 17
5.21687e+06 16
5.22687e+06 20
5.23687e+06 8
5.24687e+06 14
5.25687e+06 17
5.26687e+06 17
5.27687e+06 13
5.28687e+06 18
5.29687e+06 17
5.30687e+06 19
5.31687e+06 13
5.32687e+06 17
5.33687e+06 14
5.34687e+06 19
5.35687e+06 22
5.36687e+06 16
5.37687e+06 18
5.38687e+06 13
5.39687e+06 20
5.40687e+06 15
5.41687e+06 19
5.42687e+06 12
5.43687e+06 17
5.44687e+06 14
5.45687e+06 23
5.46687e+06 17
5.47687e+06 16
5.48687e+06 17
5.49687e+06 16
5.50687e+06 16
5.51687e+06 19
5.52687e+06 15
5.53687e+06 12
5.54687e+06 23
5.55687e+06 20
5.56687e+06 20
5.57687e+06 19
5.58687e+06 15
5.59687e+06 14
5.60687e+06 15
5.61687e+06 11
5.62687e+06 19
5.63687e+06 15
5.64687e+06 15
5.65687e+06 16
5.66687e+06 16
5.67687e+06 19
5.68687e+06 17
5.69687e+06 15
5.70687e+06 21
5.71687e+06 14
5.72687e+06 14
5.73687e+06 9
5.74687e+06 10
5.75687e+06 13
5.76687e+06 13
5.77687e+06 15
5.78687e+06 16
5.79687e+06 19
5.80687e+06 13
5.81687e+06 13
5.82687e+06 14
5.83687e+06 17
5.84687e+06 14
5.85687e+06 20
5.86687e+06 17
5.87687e+06 19
5.88687e+06 20
5.89687e+06 13
5.90687e+06 20
5.91687e+06 12
5.92687e+06 20
5.93687e+06 14
5.94687e+06 16
5.95687e+06 16
5.96687e+06 11
5.97687e+06 18
5.98687e+06 17
5.99687e+06 18
6.00687e+06 18
6.01687e+06 21
6.02687e+06 17
6.03687e+06 15
6.04687e+06 16
6.05687e+06 18
6.06687e+06 11
6.07687e+06 19
6.08687e+06 14
6.09687e+06 17
6.10687e+06 15
6.11687e+06 13
6.12687e+06 15
6.13687e+06 15
6.14687e+06 18
6.15687e+06 17
6.16687e+06 20
6.17687e+06 15
6.18687e+06 11
6.19687e+06 14
6.20687e+06 20
6.21687e+06 11
6.22687e+06 12
6.23687e+06 17
6.24687e+06 18
6.25687e+06 15
6.26687e+06 15
6.27687e+06 18
6.28687e+06 19
6.29687e+06 23
6.30687e+06 22
6.31687e+06 17
6.32687e+06 17
6.33687e+06 14
6.34687e+06 11
6.35687e+06 14
6.36687e+06 18
6.37687e+06 8
6.38687e+06 13
6.39687e+06 13
6.40687e+06 17
6.41687e+06 18
6.42687e+06 10
6.43687e+06 20
6.44687e+06 16
6.45687e+06 17
6.46687e+06 8
6.47687e+06 15
6.48687e+06 14
6.49687e+06 14
6.50687e+06 14
6.51687e+06 13
6.52687e+06 15
6.53687e+06 20
6.54687e+06 12
6.55687e+06 22
6.56687e+06 18
6.57687e+06 16
6.58687e+06 18
6.59687e+06 18
6.60687e+06 19
6.61687e+06 17
6.62687e+06 19
6.63687e+06 15
6.64687e+06 18
6.65687e+06 12
6.66687e+06 15
6.67687e+06 15
6.68687e+06 12
6.69687e+06 11
6.70687e+06 17
6.71687e+06 17
6.72687e+06 22
6.73687e+06 21
6.74687e+06 21
6.75687e+06 9
6.76687e+06 16
6.77687e+06 16
6.78687e+06 22
6.79687e+06 19
6.80687e+06 13
6.81687e+06 13
6.82687e+06 17
6.83687e+06 18
6.84687e+06 15
6.85687e+06 14
6.86687e+06 14
6.87687e+06 18
6.88687e+06 10
6.89687e+06 15
6.90687e+06 16
6.91687e+06 13
6.92687e+06 17
6.93687e+06 18
6.94687e+06 16
6.95687e+06 18
6.96687e+06 18
6.97687e+06 13
6.98687e+06 19
6.99687e+06 16
7.00687e+06 8
7.01687e+06 23
7.02687e+06 16
7.03687e+06 10
7.04687e+06 18
7.05687e+06 18
7.06687e+06 20
7.07687e+06 19
7.08687e+06 21
7.09687e+06 17
7.10687e+06 16
7.11687e+06 14
7.12687e+06 18
7.13687e+06 11
7.14687e+06 21
7.15687e+06 17
7.16687e+06 19
7.17687e+06 18
7.18687e+06 19
7.19687e+06 8
7.20687e+06 17
7.21687e+06 11
7.22687e+06 12
7.23687e+06 20
7.24687e+06 22
7.25687e+06 15
7.26687e+06 22
7.27687e+06 15
7.28687e+06 16
7.29687e+06 13
7.30687e+06 18
7.31687e+06 5
7.32687e+06 9
7.33687e+06 6
7.34687e+06 15
7.35687e+06 15
7.36687e+06 13
7.37687e+06 16
7.38687e+06 16
7.39687e+06 16
7.40687e+06 16
7.41687e+06 12
7.42687e+06 17
7.43687e+06 13
7.44687e+06 8
7.45687e+06 16
7.46687e+06 10
7.47687e+06 17
7.48687e+06 15
7.49687e+06 21
7.50687e+06 15
7.51687e+06 16
7.52687e+06 19
7.53687e+06 16
7.54687e+06 9
7.55687e+06 14
7.56687e+06 17
7.57687e+06 17
7.58687e+06 20
7.59687e+06 19
7.60687e+06 19
7.61687e+06 15
7.62687e+06 17
7.63687e+06 11
7.64687e+06 17
7.65687e+06 12
7.66687e+06 13
7.67687e+06 15
7.68687e+06 21
7.69687e+06 10
7.70687e+06 13
7.71687e+06 3
7.72687e+06 3
7.73687e+06 16
7.74687e+06 17
7.75687e+06 15
7.76687e+06 19
7.77687e+06 15
7.78687e+06 11
7.79687e+06 13
7.80687e+06 13
7.81687e+06 19
7.82687e+06 16
7.83687e+06 16
7.84687e+06 19
7.85687e+06 9
7.86687e+06 21
7.87687e+06 16
7.88687e+06 21
7.89687e+06 19
7.90687e+06 14
7.91687e+06 14
7.92687e+06 9
7.93687e+06 13
7.94687e+06 17
7.95687e+06 22
7.96687e+06 13
7.97687e+06 16
7.98687e+06 16
7.99687e+06 16
8.00687e+06 18
8.01687e+06 16
8.02687e+06 20
8.03687e+06 16
8.04687e+06 20
8.05687e+06 18
8.06687e+06 12
8.07687e+06 15
8.08687e+06 14
8.09687e+06 18
8.10687e+06 10
8.11687e+06 16
8.12687e+06 11
8.13687e+06 15
8.14687e+06 21
8.15687e+06 12
8.16687e+06 7
8.17687e+06 18
8.18687e+06 17
8.19687e+06 7
8.20687e+06 17
8.21687e+06 12
8.22687e+06 20
8.23687e+06 18
8.24687e+06 18
8.25687e+06 18
8.26687e+06 15
8.27687e+06 18
8.28687e+06 16
8.29687e+06 14
8.30687e+06 6
8.31687e+06 10
8.32687e+06 16
8.33687e+06 15
8.34687e+06 10
8.35687e+06 13
8.36687e+06 15
8.37687e+06 16
8.38687e+06 18
8.39687e+06 19
8.40687e+06 19
8.41687e+06 9
8.42687e+06 16
8.43687e+06 11
8.44687e+06 12
8.45687e+06 18
8.46687e+06 17
8.47687e+06 12
8.48687e+06 18
8.49687e+06 21
8.50687e+06 16
8.51687e+06 23
8.52687e+06 16
8.53687e+06 9
8.54687e+06 16
8.55687e+06 10
8.56687e+06 18
8.57687e+06 16
8.58687e+06 18
8.59687e+06 21
8.60687e+06 20
8.61687e+06 17
8.62687e+06 21
8.63687e+06 17
8.64687e+06 18
8.65687e+06 11
8.66687e+06 16
8.67687e+06 13
8.68687e+06 16
8.69687e+06 17
8.70687e+06 13
8.71687e+06 19
8.72687e+06 18
8.73687e+06 14
8.74687e+06 20
8.75687e+06 12
8.76687e+06 19
8.77687e+06 11
8.78687e+06 17
8.79687e+06 14
8.80687e+06 16
8.81687e+06 16
8.82687e+06 23
8.83687e+06 15
8.84687e+06 17
8.85687e+06 16
8.86687e+06 21
8.87687e+06 16
8.88687e+06 21
8.89687e+06 15
8.90687e+06 9
8.91687e+06 16
8.92687e+06 11
8.93687e+06 15
8.94687e+06 13
8.95687e+06 11
8.96687e+06 20
8.97687e+06 12
8.98687e+06 11
8.99687e+06 16
9.00687e+06 19
9.01687e+06 13
9.02687e+06 15
9.03687e+06 11
9.04687e+06 19
9.05687e+06 12
9.06687e+06 10
9.07687e+06 11
9.08687e+06 14
9.09687e+06 21
9.10687e+06 12
9.11687e+06 16
9.12687e+06 20
9.13687e+06 17
9.14687e+06 19
9.15687e+06 23
9.16687e+06 20
9.17687e+06 16
9.18687e+06 14
9.19687e+06 16
9.20687e+06 16
9.21687e+06 16
9.22687e+06 18
9.23687e+06 18
9.24687e+06 18
9.25687e+06 18
9.26687e+06 18
9.27687e+06 12
9.28687e+06 9
9.29687e+06 15
9.30687e+06 16
9.31687e+06 16
9.32687e+06 11
9.33687e+06 8
9.34687e+06 14
9.35687e+06 18
9.36687e+06 12
9.37687e+06 6
9.38687e+06 16
9.39687e+06 15
9.40687e+06 17
9.41687e+06 11
9.42687e+06 12
9.43687e+06 12
9.44687e+06 19
9.45687e+06 7
9.46687e+06 12
9.47687e+06 14
9.48687e+06 11
9.49687e+06 15
9.50687e+06 16
9.51687e+06 14
9.52687e+06 20
9.53687e+06 15
9.54687e+06 13
9.55687e+06 11
9.56687e+06 21
9.57687e+06 9
9.58687e+06 17
9.59687e+06 10
9.60687e+06 4
9.61687e+06 18
9.62687e+06 13
9.63687e+06 12
9.64687e+06 17
9.65687e+06 15
9.66687e+06 14
9.67687e+06 13
9.68687e+06 15
9.69687e+06 7
9.70687e+06 9
9.71687e+06 13
9.72687e+06 19
9.73687e+06 14
9.74687e+06 17
9.75687e+06 21
9.76687e+06 13
9.77687e+06 11
9.78687e+06 19
9.79687e+06 18
9.80687e+06 11
9.81687e+06 20
9.82687e+06 11
9.83687e+06 11
9.84687e+06 16
9.85687e+06 12
9.86687e+06 19
9.87687e+06 21
9.88687e+06 12
9.89687e+06 18
9.90687e+06 13
9.91687e+06 14
9.92687e+06 15
9.93687e+06 16
9.94687e+06 7
9.95687e+06 21
9.96687e+06 20
9.97687e+06 20
9.98687e+06 15
9.99687e+06 13
1.00069e+07 20
1.00169e+07 16
1.00269e+07 4
1.00369e+07 16
1.00469e+07 17
1.00569e+07 14
1.00669e+07 15
1.00769e+07 21
1.00869e+07 17
1.00969e+07 15
1.01069e+07 21
1.01169e+07 20
1.01269e+07 12
1.01369e+07 13
1.01469e+07 17
1.01569e+07 17
1.01669e+07 19
1.01769e+07 17
1.01869e+07 14
1.01969e+07 17
1.02069e+07 17
1.02169e+07 17
1.02269e+07 17
1.02369e+07 13
1.02469e+07 17
1.02569e+07 18
1.02669e+07 16
1.02769e+07 13
1.02869e+07 20
1.02969e+07 12
1.03069e+07 11
1.03169e+07 15
1.03269e+07 18
1.03369e+07 17
1.03469e+07 11
1.03569e+07 17
1.03669e+07 9
1.03769e+07 17
1.03869e+07 16
1.03969e+07 17
1.04069e+07 12
1.04169e+07 15
1.04269e+07 19
1.04369e+07 18
1.04469e+07 8
1.04569e+07 7
1.04669e+07 16
1.04769e+07 16
1.04869e+07 17
1.04969e+07 13
1.05069e+07 12
1.05169e+07 17
1.05269e+07 8
1.05369e+07 19
1.05469e+07 10
1.05569e+07 10
1.05669e+07 12
1.05769e+07 18
1.05869e+07 16
1.05969e+07 16
1.06069e+07 25
1.06169e+07 11
1.06269e+07 17
1.06369e+07 10
1.06469e+07 16
1.06569e+07 17
1.06669e+07 16
1.06769e+07 10
1.06869e+07 10
1.06969e+07 15
1.07069e+07 14
1.07169e+07 18
1.07269e+07 15
1.07369e+07 15
1.07469e+07 14
1.07569e+07 22
1.07669e+07 8
1.07769e+07 18
1.07869e+07 12
1.07969e+07 18
1.08069e+07 19
1.08169e+07 11
1.08269e+07 11
1.08369e+07 15
1.08469e+07 21
1.08569e+07 9
1.08669e+07 23
1.08769e+07 11
1.08869e+07 11
1.08969e+07 11
1.09069e+07 15
1.09169e+07 19
1.09269e+07 18
1.09369e+07 13
1.09469e+07 14
1.09569e+07 18
1.09669e+07 18
1.09769e+07 7
1.09869e+07 18
1.09969e+07 14
1.10069e+07 17
1.10169e+07 15
1.10269e+07 14
1.10369e+07 22
1.10469e+07 19
1.10569e+07 10
1.10669e+07 12
1.10769e+07 14
1.10869e+07 11
1.10969e+07 22
1.11069e+07 8
1.11169e+07 23
1.11269e+07 20
1.11369e+07 17
1.11469e+07 21
1.11569e+07 22
1.11669e+07 14
1.11769e+07 15
1.11869e+07 12
1.11969e+07 8
1.12069e+07 15
1.12169e+07 17
1.12269e+07 12
1.12369e+07 19
1.12469e+07 19
1.12569e+07 16
1.12669e+07 12
1.12769e+07 10
1.12869e+07 14
1.12969e+07 13
1.13069e+07 14
1.13169e+07 14
1.13269e+07 19
1.13369e+07 15
1.13469e+07 14
1.13569e+07 20
1.13669e+07 18
1.13769e+07 21
1.13869e+07 12
1.13969e+07 12
1.14069e+07 13
1.14169e+07 14
1.14269e+07 19
1.14369e+07 12
1.14469e+07 22
1.14569e+07 17
1.14669e+07 18
1.14769e+07 19
1.14869e+07 15
1.14969e+07 22
1.15069e+07 18
1.15169e+07 12
1.15269e+07 18
1.15369e+07 18
1.15469e+07 16
1.15569e+07 17
1.15669e+07 11
1.15769e+07 18
1.15869e+07 16
1.15969e+07 14
1.16069e+07 16
1.16169e+07 17
1.16269e+07 10
1.16369e+07 14
1.16469e+07 15
1.16569e+07 9
1.16669e+07 9
1.16769e+07 13
1.16869e+07 11
1.16969e+07 9
1.17069e+07 14
1.17169e+07 11
1.17269e+07 18
1.17369e+07 20
1.17469e+07 16
1.17569e+07 15
1.17669e+07 14
1.17769e+07 14
1.17869e+07 13
1.17969e+07 20
1.18069e+07 19
1.18169e+07 14
1.18269e+07 12
1.18369e+07 11
1.18469e+07 18
1.18569e+07 16
1.18669e+07 12
1.18769e+07 16
1.18869e+07 13
1.18969e+07 15
1.19069e+07 13
1.19169e+07 19
1.19269e+07 18
1.19369e+07 11
1.19469e+07 8
1.19569e+07 19
1.19669e+07 15
1.19769e+07 21
1.19869e+07 20
1.19969e+07 16
1.20069e+07 20
1.20169e+07 16
1.20269e+07 14
1.20369e+07 3
1.20469e+07 3
1.20569e+07 20
1.20669e+07 21
1.20769e+07 15
1.20869e+07 12
1.20969e+07 20
1.21069e+07 18
1.21169e+07 14
1.21269e+07 14
1.21369e+07 19
1.21469e+07 7
1.21569e+07 15
1.21669e+07 14
1.21769e+07 16
1.21869e+07 16
1.21969e+07 17
1.22069e+07 17
1.22169e+07 18
1.22269e+07 11
1.22369e+07 13
1.22469e+07 13
1.22569e+07 18
1.22669e+07 21
1.22769e+07 11
1.22869e+07 8
1.22969e+07 15
1.23069e+07 12
1.23169e+07 19
1.23269e+07 18
1.23369e+07 9
1.23469e+07 15
1.23569e+07 18
1.23669e+07 10
1.23769e+07 17
1.23869e+07 12
1.23969e+07 15
1.24069e+07 16
1.24169e+07 17
1.24269e+07 15
1.24369e+07 12
1.24469e+07 15
1.24569e+07 19
1.24669e+07 12
1.24769e+07 13
1.24869e+07 19
1.24969e+07 18
1.25069e+07 16
1.25169e+07 13
1.25269e+07 13
1.25369e+07 13
1.25469e+07 14
1.25569e+07 15
1.25669e+07 18
1.25769e+07 12
1.25869e+07 15
1.25969e+07 18
1.26069e+07 18
1.26169e+07 16
1.26269e+07 16
1.26369e+07 9
1.26469e+07 16
1.26569e+07 18
1.26669e+07 16
1.26769e+07 17
1.26869e+07 13
1.26969e+07 18
1.27069e+07 19
1.27169e+07 15
1.27269e+07 18
1.27369e+07 14
1.27469e+07 9
1.27569e+07 14
1.27669e+07 15
1.27769e+07 18
1.27869e+07 10
1.27969e+07 13
1.28069e+07 15
1.28169e+07 14
1.28269e+07 13
1.28369e+07 18
1.28469e+07 16
1.28569e+07 11
1.28669e+07 10
1.28769e+07 6
1.28869e+07 17
1.28969e+07 20
1.29069e+07 18
1.29169e+07 16
1.29269e+07 20
1.29369e+07 11
1.29469e+07 21
1.29569e+07 13
1.29669e+07 17
1.29769e+07 16
1.29869e+07 16
1.29969e+07 8
1.30069e+07 13
1.30169e+07 16
1.30269e+07 19
1.30369e+07 12
1.30469e+07 20
1.30569e+07 16
1.30669e+07 4
1.30769e+07 22
1.30869e+07 17
1.30969e+07 16
1.31069e+07 11
1.31169e+07 22
1.31269e+07 15
1.31369e+07 16
1.31469e+07 17
1.31569e+07 21
1.31669e+07 9
1.31769e+07 21
1.31869e+07 13
1.31969e+07 7
1.32069e+07 14
1.32169e+07 14
1.32269e+07 7
1.32369e+07 12
1.32469e+07 12
1.32569e+07 17
1.32669e+07 22
1.32769e+07 14
1.32869e+07 8
1.32969e+07 17
1.33069e+07 7
1.33169e+07 11
1.33269e+07 16
1.33369e+07 16
1.33469e+07 17
1.33569e+07 5
1.33669e+07 13
1.33769e+07 18
1.33869e+07 16
1.33969e+07 9
1.34069e+07 22
1.34169e+07 16
1.34269e+07 12
1.34369e+07 9
1.34469e+07 15
1.34569e+07 14
1.34669e+07 17
1.34769e+07 12
1.34869e+07 18
1.34969e+07 9
1.35069e+07 20
1.35169e+07 15
1.35269e+07 14
1.35369e+07 17
1.35469e+07 17
1.35569e+07 22
1.35669e+07 16
1.35769e+07 22
1.35869e+07 10
1.35969e+07 14
1.36069e+07 6
1.36169e+07 20
1.36269e+07 18
1.36369e+07 19
1.36469e+07 16
1.36569e+07 15
1.36669e+07 21
1.36769e+07 12
1.36869e+07 16
1.36969e+07 17
1.37069e+07 21
1.37169e+07 15
1.37269e+07 20
1.37369e+07 12
1.37469e+07 14
1.37569e+07 12
1.37669e+07 8
1.37769e+07 15
1.37869e+07 9
1.37969e+07 16
1.38069e+07 10
1.38169e+07 14
1.38269e+07 16
1.38369e+07 15
1.38469e+07 9
1.38569e+07 22
1.38669e+07 15
1.38769e+07 10
1.38869e+07 10
1.38969e+07 14
1.39069e+07 9
1.39169e+07 12
1.39269e+07 12
1.39369e+07 12
1.39469e+07 16
1.39569e+07 15
1.39669e+07 19
1.39769e+07 12
1.39869e+07 19
1.39969e+07 21
1.40069e+07 14
1.40169e+07 21
1.40269e+07 21
1.40369e+07 14
1.40469e+07 21
1.40569e+07 12
1.40669e+07 16
1.40769e+07 9
1.40869e+07 11
1.40969e+07 14
1.41069e+07 16
1.41169e+07 15
1.41269e+07 14
1.41369e+07 6
1.41469e+07 8
1.41569e+07 6
1.41669e+07 6
1.41769e+07 20
1.41869e+07 16
1.41969e+07 22
1.42069e+07 19
1.42169e+07 17
1.42269e+07 18
1.42369e+07 20
1.42469e+07 16
1.42569e+07 12
1.42669e+07 17
1.42769e+07 17
1.42869e+07 17
1.42969e+07 19
1.43069e+07 19
1.43169e+07 18
1.43269e+07 15
1.43369e+07 17
1.43469e+07 20
1.43569e+07 19
1.43669e+07 16
1.43769e+07 21
1.43869e+07 22
1.43969e+07 15
1.44069e+07 19
1.44169e+07 16
1.44269e+07 21
1.44369e+07 18
1.44469e+07 18
1.44569e+07 22
1.44669e+07 17
1.44769e+07 18
1.44869e+07 15
1.44969e+07 20
1.45069e+07 21
1.45169e+07 19
1.45269e+07 17
1.45369e+07 19
1.45469e+07 17
1.45569e+07 14
1.45669e+07 18
1.45769e+07 20
1.45869e+07 17
1.45969e+07 19
1.46069e+07 14
1.46169e+07 18
1.46269e+07 18
1.46369e+07 16
1.46469e+07 19
1.46569e+07 17
1.46669e+07 18
1.46769e+07 23
1.46869e+07 13
1.46969e+07 15
1.47069e+07 14
1.47169e+07 18
1.47269e+07 22
1.47369e+07 21
1.47469e+07 18
1.47569e+07 22
1.47669e+07 16
1.47769e+07 18
1.47869e+07 19
1.47969e+07 21
1.48069e+07 16
1.48169e+07 16
1.48269e+07 16
1.48369e+07 16
1.48469e+07 16
1.48569e+07 16
1.48669e+07 16
1.48769e+07 16
1.48869e+07 16
1.48969e+07 16
1.49069e+07 16
1.49169e+07 16
1.49269e+07 16
1.49369e+07 16
1.49469e+07 16
1.49569e+07 16
1.49669e+07 16
1.49769e+07 16
1.49869e+07 16
1.49969e+07 16
1.50069e+07 16
1.50169e+07 16
1.50269e+07 16
1.50369e+07 16
1.50469e+07 16
1.50569e+07 16
1.50669e+07 16
1.50769e+07 16
1.50869e+07 16
1.50969e+07 16
1.51069e+07 16
1.51169e+07 16
1.51269e+07 16
1.51369e+07 16
1.51469e+07 16
1.51569e+07 16
1.51669e+07 16
1.51769e+07 16
1.51869e+07 16
1.51969e+07 16
1.52069e+07 16
1.52169e+07 16
1.52269e+07 16
1.52369e+07 16
1.52469e+07 16
1.52569e+07 21
1.52669e+07 19
1.52769e+07 16
1.52869e+07 17
1.52969e+07 16
1.53069e+07 16
1.53169e+07 14
1.53269e+07 19
1.53369e+07 19
1.53469e+07 15
1.53569e+07 18
1.53669e+07 19
1.53769e+07 22
1.53869e+07 18
1.53969e+07 18
1.54069e+07 14
1.54169e+07 19
1.54269e+07 17
1.54369e+07 18
1.54469e+07 19
1.54569e+07 14
1.54669e+07 16
1.54769e+07 18
1.54869e+07 19
1.54969e+07 15
1.55069e+07 20
1.55169e+07 19
1.55269e+07 9
1.55369e+07 18
1.55469e+07 18
1.55569e+07 21
1.55669e+07 15
1.55769e+07 17
1.55869e+07 16
1.55969e+07 15
1.56069e+07 18
1.56169e+07 15
1.56269e+07 12
1.56369e+07 6
1.56469e+07 13
1.56569e+07 17
1.56669e+07 18
1.56769e+07 15
1.56869e+07 11
1.56969e+07 19
1.57069e+07 17
1.57169e+07 19
1.57269e+07 15
1.57369e+07 16
1.57469e+07 18
1.57569e+07 17
1.57669e+07 14
1.57769e+07 20
1.57869e+07 14
1.57969e+07 13
1.58069e+07 15
1.58169e+07 18
1.58269e+07 16
1.58369e+07 15
1.58469e+07 18
1.58569e+07 12
1.58669e+07 8
1.58769e+07 5
1.58869e+07 5
1.58969e+07 16
1.59069e+07 16
1.59169e+07 16
1.59269e+07 16
1.59369e+07 16
1.59469e+07 16
1.59569e+07 16
1.59669e+07 16
1.59769e+07 5
1.59869e+07 16
1.59969e+07 20
1.60069e+07 12
1.60169e+07 21
1.60269e+07 16
1.60369e+07 16
1.60469e+07 16
1.60569e+07 18
1.60669e+07 18
1.60769e+07 11
1.60869e+07 12
1.60969e+07 16
1.61069e+07 7
1.61169e+07 17
1.61269e+07 21
1.61369e+07 18
1.61469e+07 16
1.61569e+07 18
1.61669e+07 18
1.61769e+07 15
1.61869e+07 17
1.61969e+07 16
1.62069e+07 17
1.62169e+07 19
1.62269e+07 18
1.62369e+07 8
1.62469e+07 20
1.62569e+07 17
1.62669e+07 17
1.62769e+07 16
1.62869e+07 18
1.62969e+07 17
1.63069e+07 18
1.63169e+07 13
1.63269e+07 13
1.63369e+07 15
1.63469e+07 14
1.63569e+07 22
1.63669e+07 18
1.63769e+07 14
1.63869e+07 18
1.63969e+07 19
1.64069e+07 20
1.64169e+07 16
1.64269e+07 20
1.64369e+07 22
1.64469e+07 15
1.64569e+07 23
1.64669e+07 18
1.64769e+07 18
1.64869e+07 13
1.64969e+07 19
1.65069e+07 20
1.65169e+07 19
1.65269e+07 20
1.65369e+07 20
1.65469e+07 12
1.65569e+07 19
1.65669e+07 16
1.65769e+07 20
1.65869e+07 14
1.65969e+07 16
1.66069e+07 18
1.66169e+07 17
1.66269e+07 21
1.66369e+07 14
1.66469e+07 17
1.66569e+07 18
1.66669e+07 20
1.66769e+07 20
1.66869e+07 17
1.66969e+07 19
1.67069e+07 15
1.67169e+07 17
1.67269e+07 21
1.67369e+07 20
1.67469e+07 23
1.67569e+07 19
1.67669e+07 18
1.67769e+07 20
1.67869e+07 17
1.67969e+07 18
1.68069e+07 17
1.68169e+07 15
1.68269e+07 13
1.68369e+07 14
1.68469e+07 22
1.68569e+07 19
1.68669e+07 17
1.68769e+07 22
1.68869e+07 19
1.68969e+07 21
1.69069e+07 22
1.69169e+07 18
1.69269e+07 14
1.69369e+07 15
1.69469e+07 19
1.69569e+07 20
1.69669e+07 17
1.69769e+07 16
1.69869e+07 16
1.69969e+07 16
1.70069e+07 22
1.70169e+07 17
1.70269e+07 19
1.70369e+07 19
1.70469e+07 14
1.70569e+07 20
1.70669e+07 18
1.70769e+07 17
1.70869e+07 20
1.70969e+07 17
1.71069e+07 16
1.71169e+07 20
1.71269e+07 16
1.71369e+07 16
1.71469e+07 16
1.71569e+07 16
1.71669e+07 16
1.71769e+07 16
1.71869e+07 16
1.71969e+07 16
1.72069e+07 16
1.72169e+07 16
1.72269e+07 16
1.72369e+07 16
1.72469e+07 16
1.72569e+07 16
1.72669e+07 16
1.72769e+07 16
1.72869e+07 16
1.72969e+07 16
1.73069e+07 16
1.73169e+07 16
1.73269e+07 16
1.73369e+07 16
1.73469e+07 16
1.73569e+07 16
1.73669e+07 16
1.73769e+07 16
1.73869e+07 16
1.73969e+07 16
1.74069e+07 16
1.74169e+07 20
1.74269e+07 16
1.74369e+07 17
1.74469e+07 16
1.74569e+07 16
1.74669e+07 16
1.74769e+07 16
1.74869e+07 16
1.74969e+07 16
1.75069e+07 17
1.75169e+07 12
1.75269e+07 16
1.75369e+07 20
1.75469e+07 19
1.75569e+07 16
1.75669e+07 18
1.75769e+07 17
1.75869e+07 19
1.75969e+07 21
1.76069e+07 18
1.76169e+07 18
1.76269e+07 20
1.76369e+07 16
1.76469e+07 19
1.76569e+07 15
1.76669e+07 20
1.76769e+07 20
1.76869e+07 21
1.76969e+07 20
1.77069e+07 18
1.77169e+07 14
1.77269e+07 15
1.77369e+07 18
1.77469e+07 20
1.77569e+07 15
1.77669e+07 18
1.77769e+07 20
1.77869e+07 18
1.77969e+07 15
1.78069e+07 17
1.78169e+07 19
1.78269e+07 16
1.78369e+07 20
1.78469e+07 19
1.78569e+07 21
1.78669e+07 21
1.78769e+07 18
1.78869e+07 18
1.78969e+07 18
1.79069e+07 16
1.79169e+07 18
1.79269e+07 13
1.79369e+07 17
1.79469e+07 21
1.79569e+07 20
1.79669e+07 16
1.79769e+07 20
1.79869e+07 18
1.79969e+07 17
1.80069e+07 19
1.80169e+07 17
1.80269e+07 18
1.80369e+07 18
1.80469e+07 19
1.80569e+07 19
1.80669e+07 19
1.80769e+07 17
1.80869e+07 21
1.80969e+07 17
1.81069e+07 18
1.81169e+07 21
1.81269e+07 22
1.81369e+07 19
1.81469e+07 20
1.81569e+07 20
1.81669e+07 19
1.81769e+07 20
1.81869e+07 17
1.81969e+07 22
1.82069e+07 24
1.82169e+07 16
1.82269e+07 16
1.82369e+07 15
1.82469e+07 20
1.82569e+07 21
1.82669e+07 17
1.82769e+07 22
1.82869e+07 19
1.82969e+07 22
1.83069e+07 21
1.83169e+07 18
1.83269e+07 20
1.83369e+07 22
1.83469e+07 19
1.83569e+07 19
1.83669e+07 21
1.83769e+07 21
1.83869e+07 21
1.83969e+07 18
1.84069e+07 19
1.84169e+07 21
1.84269e+07 18
1.84369e+07 18
1.84469e+07 16
1.84569e+07 23
1.84669e+07 15
1.84769e+07 21
1.84869e+07 13
1.84969e+07 21
1.85069e+07 17
1.85169e+07 20
1.85269e+07 13
1.85369e+07 14
1.85469e+07 16
1.85569e+07 19
1.85669e+07 14
1.85769e+07 17
1.85869e+07 16
1.85969e+07 15
1.86069e+07 16
1.86169e+07 16
1.86269e+07 18
1.86369e+07 19
1.86469e+07 15
1.86569e+07 12
1.86669e+07 19
1.86769e+07 15
1.86869e+07 9
1.86969e+07 19
1.87069e+07 19
1.87169e+07 14
1.87269e+07 19
1.87369e+07 17
1.87469e+07 19
1.87569e+07 19
1.87669e+07 17
1.87769e+07 23
1.87869e+07 17
1.87969e+07 17
1.88069e+07 17
1.88169e+07 19
1.88269e+07 16
1.88369e+07 20
1.88469e+07 19
1.88569e+07 18
1.88669e+07 20
1.88769e+07 18
1.88869e+07 18
1.88969e+07 22
1.89069e+07 20
1.89169e+07 18
1.89269e+07 17
1.89369e+07 19
1.89469e+07 17
1.89569e+07 20
1.89669e+07 20
1.89769e+07 20
1.89869e+07 20
1.89969e+07 17
1.90069e+07 19
1.90169e+07 17
1.90269e+07 21
1.90369e+07 22
1.90469e+07 19
1.90569e+07 4
1.90669e+07 4
1.90769e+07 16
1.90869e+07 16
1.90969e+07 15
1.91069e+07 25
1.91169e+07 18
1.91269e+07 28
1.91369e+07 22
1.91469e+07 17
1.91569e+07 20
1.91669e+07 17
1.91769e+07 16
1.91869e+07 18
1.91969e+07 20
1.92069e+07 18
1.92169e+07 15
1.92269e+07 16
1.92369e+07 22
1.92469e+07 16
1.92569e+07 20
1.92669e+07 20
1.92769e+07 20
1.92869e+07 18
1.92969e+07 19
1.93069e+07 19
1.93169e+07 19
1.93269e+07 19
1.93369e+07 22
1.93469e+07 19
1.93569e+07 15
1.93669e+07 16
1.93769e+07 15
1.93869e+07 16
1.93969e+07 20
1.94069e+07 16
1.94169e+07 17
1.94269e+07 21
1.94369e+07 18
1.94469e+07 20
1.94569e+07 19
1.94669e+07 18
1.94769e+07 19
1.94869e+07 23
1.94969e+07 19
1.95069e+07 18
1.95169e+07 19
1.95269e+07 18
1.95369e+07 20
1.95469e+07 19
1.95569e+07 17
1.95669e+07 19
1.95769e+07 17
1.95869e+07 17
1.95969e+07 14
1.96069e+07 15
1.96169e+07 18
1.96269e+07 20
1.96369e+07 18
1.96469e+07 18
1.96569e+07 14
1.96669e+07 18
1.96769e+07 19
1.96869e+07 19
1.96969e+07 18
1.97069e+07 17
1.97169e+07 22
1.97269e+07 21
1.97369e+07 21
1.97469e+07 20
1.97569e+07 17
1.97669e+07 17
1.97769e+07 19
1.97869e+07 18
1.97969e+07 22
1.98069e+07 20
1.98169e+07 20
1.98269e+07 19
1.98369e+07 17
1.98469e+07 19
1.98569e+07 20
1.98669e+07 16
1.98769e+07 17
1.98869e+07 20
1.98969e+07 17
1.99069e+07 19
1.99169e+07 20
1.99269e+07 16
1.99369e+07 15
1.99469e+07 17
1.99569e+07 19
1.99669e+07 19
1.99769e+07 17
1.99869e+07 17
1.99969e+07 22
2.00069e+07 18
2.00169e+07 18
2.00269e+07 18
2.00369e+07 17
2.00469e+07 21
2.00569e+07 17
2.00669e+07 24
2.00769e+07 21
2.00869e+07 14
2.00969e+07 19
2.01069e+07 19
2.01169e+07 17
2.01269e+07 19
2.01369e+07 17
2.01469e+07 15
2.01569e+07 19
2.01669e+07 18
2.01769e+07 17
2.01869e+07 18
2.01969e+07 23
2.02069e+07 17
2.02169e+07 20
2.02269e+07 22
2.02369e+07 21
2.02469e+07 14
2.02569e+07 20
2.02669e+07 18
2.02769e+07 21
2.02869e+07 18
2.02969e+07 20
2.03069e+07 17
2.03169e+07 19
2.03269e+07 18
2.03369e+07 18
2.03469e+07 18
2.03569e+07 17
2.03669e+07 16
2.03769e+07 16
2.03869e+07 16
2.03969e+07 14
2.04069e+07 10
2.04169e+07 16
2.04269e+07 23
2.04369e+07 13
2.04469e+07 18
2.04569e+07 18
2.04669e+07 15
2.04769e+07 18
2.04869e+07 20
2.04969e+07 15
2.05069e+07 16
2.05169e+07 19
2.05269e+07 18
2.05369e+07 21
2.05469e+07 18
2.05569e+07 18
2.05669e+07 18
2.05769e+07 18
2.05869e+07 21
2.05969e+07 19
2.06069e+07 16
2.06169e+07 23
2.06269e+07 22
2.06369e+07 16
2.06469e+07 16
2.06569e+07 17
2.06669e+07 18
2.06769e+07 18
2.06869e+07 21
2.06969e+07 19
2.07069e+07 18
2.07169e+07 19
2.07269e+07 21
2.07369e+07 22
2.07469e+07 20
2.07569e+07 15
2.07669e+07 17
2.07769e+07 16
2.07869e+07 22
2.07969e+07 13
2.08069e+07 18
2.08169e+07 18
2.08269e+07 15
2.08369e+07 20
2.08469e+07 20
2.08569e+07 18
2.08669e+07 15
2.08769e+07 17
2.08869e+07 17
2.08969e+07 17
2.09069e+07 18
2.09169e+07 20
2.09269e+07 20
2.09369e+07 18
2.09469e+07 17
2.09569e+07 12
2.09669e+07 18
2.09769e+07 19
2.09869e+07 14
2.09969e+07 14
2.10069e+07 21
2.10169e+07 21
2.10269e+07 10
2.10369e+07 18
2.10469e+07 18
2.10569e+07 18
2.10669e+07 19
2.10769e+07 19
2.10869e+07 16
2.10969e+07 17
2.11069e+07 13
2.11169e+07 18
2.11269e+07 18
2.11369e+07 18
2.11469e+07 16
2.11569e+07 20
2.11669e+07 21
2.11769e+07 16
2.11869e+07 18
2.11969e+07 21
2.12069e+07 18
2.12169e+07 18
2.12269e+07 16
2.12369e+07 13
2.12469e+07 14
2.12569e+07 19
2.12669e+07 19
2.12769e+07 16
2.12869e+07 18
2.12969e+07 11
2.13069e+07 20
2.13169e+07 18
2.13269e+07 19
2.13369e+07 13
2.13469e+07 15
2.13569e+07 19
2.13669e+07 16
2.13769e+07 20
2.13869e+07 19
2.13969e+07 19
2.14069e+07 20
2.14169e+07 15
2.14269e+07 18
2.14369e+07 16
2.14469e+07 22
2.14569e+07 21
2.14669e+07 17
2.14769e+07 19
2.14869e+07 20
2.14969e+07 15
2.15069e+07 15
2.15169e+07 20
2.15269e+07 18
2.15369e+07 17
2.15469e+07 15
2.15569e+07 20
2.15669e+07 17
2.15769e+07 13
2.15869e+07 15
2.15969e+07 16
2.16069e+07 14
2.16169e+07 17
2.16269e+07 16
2.16369e+07 21
2.16469e+07 18
2.16569e+07 21
2.16669e+07 16
2.16769e+07 18
2.16869e+07 18
2.16969e+07 16
2.17069e+07 17
2.17169e+07 21
2.17269e+07 18
2.17369e+07 14
2.17469e+07 16
2.17569e+07 16
2.17669e+07 20
2.17769e+07 19
2.17869e+07 14
2.17969e+07 19
2.18069e+07 15
2.18169e+07 20
2.18269e+07 15
2.18369e+07 16
2.18469e+07 19
2.18569e+07 19
2.18669e+07 19
2.18769e+07 16
2.18869e+07 13
2.18969e+07 15
2.19069e+07 14
2.19169e+07 13
2.19269e+07 16
2.19369e+07 17
2.19469e+07 17
2.19569e+07 14
2.19669e+07 11
2.19769e+07 14
2.19869e+07 12
2.19969e+07 19
2.20069e+07 19
2.20169e+07 16
2.20269e+07 18
2.20369e+07 17
2.20469e+07 16
2.20569e+07 16
2.20669e+07 15
2.20769e+07 19
2.20869e+07 18
2.20969e+07 14
2.21069e+07 18
2.21169e+07 16
2.21269e+07 19
2.21369e+07 20
2.21469e+07 18
2.21569e+07 19
2.21669e+07 14
2.21769e+07 19
2.21869e+07 20
2.21969e+07 16
2.22069e+07 14
2.22169e+07 24
2.22269e+07 9
2.22369e+07 15
2.22469e+07 12
