8087 14
18087 11
28087 11
38087 17
48087 11
58087 14
68087 11
78087 8
88087 5
98087 5
108087 5
118087 4
128087 4
138087 5
148087 10
158087 21
168087 18
178087 18
188087 9
198087 14
208087 12
218087 6
228087 6
238087 18
248087 19
258087 6
268087 18
278087 17
288087 14
298087 16
308087 12
318087 13
328087 7
338087 11
348087 16
358087 13
368087 20
378087 21
388087 17
398087 17
408087 9
418087 16
428087 15
438087 18
448087 11
458087 14
468087 17
478087 17
488087 17
498087 15
508087 16
518087 11
528087 18
538087 16
548087 16
558087 19
568087 15
578087 22
588087 15
598087 7
608087 17
618087 19
628087 23
638087 19
648087 16
658087 13
668087 15
678087 21
688087 18
698087 20
708087 14
718087 10
728087 13
738087 12
748087 20
758087 12
768087 19
778087 10
788087 12
798087 15
808087 19
818087 16
828087 13
838087 20
848087 19
858087 16
868087 19
878087 13
888087 16
898087 16
908087 16
918087 16
928087 15
938087 18
948087 16
958087 18
968087 17
978087 11
988087 15
998087 13
1.00809e+06 11
1.01809e+06 20
1.02809e+06 18
1.03809e+06 16
1.04809e+06 14
1.05809e+06 15
1.06809e+06 19
1.07809e+06 19
1.08809e+06 19
1.09809e+06 20
1.10809e+06 18
1.11809e+06 15
1.12809e+06 15
1.13809e+06 17
1.14809e+06 12
1.15809e+06 14
1.16809e+06 13
1.17809e+06 19
1.18809e+06 19
1.19809e+06 13
1.20809e+06 12
1.21809e+06 20
1.22809e+06 19
1.23809e+06 13
1.24809e+06 19
1.25809e+06 13
1.26809e+06 11
1.27809e+06 16
1.28809e+06 20
1.29809e+06 11
1.30809e+06 17
1.31809e+06 15
1.32809e+06 13
1.33809e+06 14
1.34809e+06 15
1.35809e+06 18
1.36809e+06 17
1.37809e+06 14
1.38809e+06 18
1.39809e+06 17
1.40809e+06 15
1.41809e+06 18
1.42809e+06 15
1.43809e+06 15
1.44809e+06 14
1.45809e+06 12
1.46809e+06 16
1.47809e+06 20
1.48809e+06 19
1.49809e+06 8
1.50809e+06 22
1.51809e+06 21
1.52809e+06 17
1.53809e+06 15
1.54809e+06 17
1.55809e+06 13
1.56809e+06 17
1.57809e+06 19
1.58809e+06 15
1.59809e+06 13
1.60809e+06 16
1.61809e+06 17
1.62809e+06 10
1.63809e+06 16
1.64809e+06 13
1.65809e+06 10
1.66809e+06 12
1.67809e+06 18
1.68809e+06 16
1.69809e+06 10
1.70809e+06 12
1.71809e+06 12
1.72809e+06 19
1.73809e+06 14
1.74809e+06 9
1.75809e+06 16
1.76809e+06 19
1.77809e+06 15
1.78809e+06 17
1.79809e+06 17
1.80809e+06 18
1.81809e+06 12
1.82809e+06 15
1.83809e+06 18
1.84809e+06 19
1.85809e+06 16
1.86809e+06 16
1.87809e+06 16
1.88809e+06 16
1.89809e+06 16
1.90809e+06 16
1.91809e+06 16
1.92809e+06 16
1.93809e+06 16
1.94809e+06 16
1.95809e+06 16
1.96809e+06 16
1.97809e+06 15
1.98809e+06 16
1.99809e+06 16
2.00809e+06 16
2.01809e+06 16
2.02809e+06 16
2.03809e+06 17
2.04809e+06 16
2.05809e+06 14
2.06809e+06 17
2.07809e+06 16
2.08809e+06 8
2.09809e+06 13
2.10809e+06 17
2.11809e+06 16
2.12809e+06 13
2.13809e+06 16
2.14809e+06 16
2.15809e+06 16
2.16809e+06 16
2.17809e+06 16
2.18809e+06 16
2.19809e+06 16
2.20809e+06 16
2.21809e+06 16
2.22809e+06 16
2.23809e+06 16
2.24809e+06 15
2.25809e+06 16
2.26809e+06 20
2.27809e+06 16
2.28809e+06 16
2.29809e+06 16
2.30809e+06 16
2.31809e+06 16
2.32809e+06 20
2.33809e+06 14
2.34809e+06 14
2.35809e+06 16
2.36809e+06 12
2.37809e+06 14
2.38809e+06 14
2.39809e+06 14
2.40809e+06 15
2.41809e+06 15
2.42809e+06 15
2.43809e+06 18
2.44809e+06 22
2.45809e+06 16
2.46809e+06 16
2.47809e+06 16
2.48809e+06 19
2.49809e+06 15
2.50809e+06 17
2.51809e+06 20
2.52809e+06 17
2.53809e+06 18
2.54809e+06 18
2.55809e+06 14
2.56809e+06 19
2.57809e+06 18
2.58809e+06 20
2.59809e+06 13
2.60809e+06 15
2.61809e+06 21
2.62809e+06 12
2.63809e+06 17
2.64809e+06 9
2.65809e+06 17
2.66809e+06 10
2.67809e+06 18
2.68809e+06 18
2.69809e+06 18
2.70809e+06 11
2.71809e+06 19
2.72809e+06 17
2.73809e+06 16
2.74809e+06 16
2.75809e+06 19
2.76809e+06 16
2.77809e+06 16
2.78809e+06 16
2.79809e+06 18
2.80809e+06 16
2.81809e+06 16
2.82809e+06 16
2.83809e+06 16
2.84809e+06 16
2.85809e+06 16
2.86809e+06 11
2.87809e+06 14
2.88809e+06 10
2.89809e+06 21
2.90809e+06 13
2.91809e+06 16
2.92809e+06 15
2.93809e+06 16
2.94809e+06 15
2.95809e+06 21
2.96809e+06 20
2.97809e+06 13
2.98809e+06 21
2.99809e+06 20
3.00809e+06 20
3.01809e+06 16
3.02809e+06 19
3.03809e+06 14
3.04809e+06 12
3.05809e+06 16
3.06809e+06 16
3.07809e+06 14
3.08809e+06 23
3.09809e+06 19
3.10809e+06 17
3.11809e+06 17
3.12809e+06 14
3.13809e+06 18
3.14809e+06 15
3.15809e+06 9
3.16809e+06 13
3.17809e+06 21
3.18809e+06 20
3.19809e+06 11
3.20809e+06 12
3.21809e+06 17
3.22809e+06 14
3.23809e+06 17
3.24809e+06 21
3.25809e+06 20
3.26809e+06 10
3.27809e+06 20
3.28809e+06 12
3.29809e+06 18
3.30809e+06 13
3.31809e+06 18
3.32809e+06 12
3.33809e+06 17
3.34809e+06 17
3.35809e+06 20
3.36809e+06 22
3.37809e+06 22
3.38809e+06 17
3.39809e+06 21
3.40809e+06 17
3.41809e+06 12
3.42809e+06 17
3.43809e+06 13
3.44809e+06 20
3.45809e+06 17
3.46809e+06 17
3.47809e+06 17
3.48809e+06 20
3.49809e+06 21
3.50809e+06 21
3.51809e+06 22
3.52809e+06 17
3.53809e+06 21
3.54809e+06 19
3.55809e+06 19
3.56809e+06 18
3.57809e+06 17
3.58809e+06 11
3.59809e+06 16
3.60809e+06 15
3.61809e+06 20
3.62809e+06 16
3.63809e+06 16
3.64809e+06 15
3.65809e+06 17
3.66809e+06 19
3.67809e+06 21
3.68809e+06 13
3.69809e+06 20
3.70809e+06 19
3.71809e+06 19
3.72809e+06 23
3.73809e+06 19
3.74809e+06 20
3.75809e+06 17
3.76809e+06 18
3.77809e+06 19
3.78809e+06 19
3.79809e+06 19
3.80809e+06 18
3.81809e+06 21
3.82809e+06 18
3.83809e+06 19
3.84809e+06 19
3.85809e+06 15
3.86809e+06 13
3.87809e+06 11
3.88809e+06 18
3.89809e+06 19
3.90809e+06 18
3.91809e+06 19
3.92809e+06 22
3.93809e+06 16
3.94809e+06 18
3.95809e+06 18
3.96809e+06 21
3.97809e+06 16
3.98809e+06 16
3.99809e+06 24
4.00809e+06 16
4.01809e+06 18
4.02809e+06 16
4.03809e+06 17
4.04809e+06 19
4.05809e+06 18
4.06809e+06 17
4.07809e+06 20
4.08809e+06 14
4.09809e+06 16
4.10809e+06 19
4.11809e+06 13
4.12809e+06 16
4.13809e+06 14
4.14809e+06 17
4.15809e+06 15
4.16809e+06 16
4.17809e+06 14
4.18809e+06 17
4.19809e+06 17
4.20809e+06 17
4.21809e+06 15
4.22809e+06 16
4.23809e+06 19
4.24809e+06 17
4.25809e+06 22
4.26809e+06 17
4.27809e+06 14
4.28809e+06 18
4.29809e+06 18
4.30809e+06 15
4.31809e+06 15
4.32809e+06 18
4.33809e+06 17
4.34809e+06 14
4.35809e+06 18
4.36809e+06 16
4.37809e+06 17
4.38809e+06 16
4.39809e+06 20
4.40809e+06 16
4.41809e+06 18
4.42809e+06 16
4.43809e+06 20
4.44809e+06 22
4.45809e+06 16
4.46809e+06 20
4.47809e+06 14
4.48809e+06 19
4.49809e+06 12
4.50809e+06 21
4.51809e+06 21
4.52809e+06 15
4.53809e+06 13
4.54809e+06 14
4.55809e+06 20
4.56809e+06 17
4.57809e+06 15
4.58809e+06 13
4.59809e+06 21
4.60809e+06 15
4.61809e+06 17
4.62809e+06 15
4.63809e+06 22
4.64809e+06 17
4.65809e+06 13
4.66809e+06 13
4.67809e+06 18
4.68809e+06 16
4.69809e+06 16
4.70809e+06 14
4.71809e+06 17
4.72809e+06 16
4.73809e+06 19
4.74809e+06 14
4.75809e+06 15
4.76809e+06 19
4.77809e+06 19
4.78809e+06 17
4.79809e+06 14
4.80809e+06 16
4.81809e+06 10
4.82809e+06 18
4.83809e+06 18
4.84809e+06 18
4.85809e+06 17
4.86809e+06 16
4.87809e+06 12
4.88809e+06 18
4.89809e+06 14
4.90809e+06 16
4.91809e+06 20
4.92809e+06 17
4.93809e+06 18
4.94809e+06 17
4.95809e+06 14
4.96809e+06 16
4.97809e+06 16
4.98809e+06 14
4.99809e+06 11
5.00809e+06 19
5.01809e+06 19
5.02809e+06 15
5.03809e+06 11
5.04809e+06 15
5.05809e+06 17
5.06809e+06 20
5.07809e+06 23
5.08809e+06 17
5.09809e+06 6
5.10809e+06 15
5.11809e+06 7
5.12809e+06 18
5.13809e+06 22
5.14809e+06 17
5.15809e+06 12
5.16809e+06 17
5.17809e+06 20
5.18809e+06 20
5.19809e+06 15
5.20809e+06 16
5.21809e+06 11
5.22809e+06 12
5.23809e+06 11
5.24809e+06 17
5.25809e+06 18
5.26809e+06 17
5.27809e+06 14
5.28809e+06 11
5.29809e+06 5
5.30809e+06 17
5.31809e+06 20
5.32809e+06 16
5.33809e+06 15
5.34809e+06 13
5.35809e+06 5
5.36809e+06 16
5.37809e+06 15
5.38809e+06 14
5.39809e+06 16
5.40809e+06 16
5.41809e+06 16
5.42809e+06 16
5.43809e+06 14
5.44809e+06 17
5.45809e+06 21
5.46809e+06 15
5.47809e+06 13
5.48809e+06 17
5.49809e+06 10
5.50809e+06 16
5.51809e+06 18
5.52809e+06 17
5.53809e+06 13
5.54809e+06 15
5.55809e+06 14
5.56809e+06 19
5.57809e+06 15
5.58809e+06 17
5.59809e+06 16
5.60809e+06 14
5.61809e+06 19
5.62809e+06 17
5.63809e+06 15
5.64809e+06 17
5.65809e+06 21
5.66809e+06 16
5.67809e+06 21
5.68809e+06 19
5.69809e+06 19
5.70809e+06 17
5.71809e+06 14
5.72809e+06 19
5.73809e+06 19
5.74809e+06 14
5.75809e+06 15
5.76809e+06 13
5.77809e+06 14
5.78809e+06 15
5.79809e+06 16
5.80809e+06 21
5.81809e+06 11
5.82809e+06 15
5.83809e+06 15
5.84809e+06 18
5.85809e+06 20
5.86809e+06 16
5.87809e+06 13
5.88809e+06 16
5.89809e+06 13
5.90809e+06 14
5.91809e+06 16
5.92809e+06 14
5.93809e+06 16
5.94809e+06 15
5.95809e+06 22
5.96809e+06 12
5.97809e+06 23
5.98809e+06 18
5.99809e+06 21
6.00809e+06 14
6.01809e+06 15
6.02809e+06 18
6.03809e+06 16
6.04809e+06 19
6.05809e+06 13
6.06809e+06 15
6.07809e+06 17
6.08809e+06 17
6.09809e+06 16
6.10809e+06 12
6.11809e+06 15
6.12809e+06 13
6.13809e+06 16
6.14809e+06 16
6.15809e+06 19
6.16809e+06 16
6.17809e+06 14
6.18809e+06 14
6.19809e+06 15
6.20809e+06 17
6.21809e+06 14
6.22809e+06 15
6.23809e+06 16
6.24809e+06 16
6.25809e+06 12
6.26809e+06 16
6.27809e+06 16
6.28809e+06 14
6.29809e+06 23
6.30809e+06 18
6.31809e+06 21
6.32809e+06 18
6.33809e+06 15
6.34809e+06 7
6.35809e+06 20
6.36809e+06 15
6.37809e+06 10
6.38809e+06 18
6.39809e+06 17
6.40809e+06 18
6.41809e+06 16
6.42809e+06 16
6.43809e+06 16
6.44809e+06 13
6.45809e+06 17
6.46809e+06 13
6.47809e+06 10
6.48809e+06 15
6.49809e+06 21
6.50809e+06 15
6.51809e+06 14
6.52809e+06 13
6.53809e+06 17
6.54809e+06 15
6.55809e+06 13
6.56809e+06 17
6.57809e+06 14
6.58809e+06 19
6.59809e+06 15
6.60809e+06 22
6.61809e+06 19
6.62809e+06 19
6.63809e+06 16
6.64809e+06 19
6.65809e+06 14
6.66809e+06 12
6.67809e+06 21
6.68809e+06 15
6.69809e+06 17
6.70809e+06 22
6.71809e+06 17
6.72809e+06 17
6.73809e+06 19
6.74809e+06 18
6.75809e+06 10
6.76809e+06 13
6.77809e+06 14
6.78809e+06 18
6.79809e+06 18
6.80809e+06 19
6.81809e+06 18
6.82809e+06 16
6.83809e+06 19
6.84809e+06 5
6.85809e+06 19
6.86809e+06 15
6.87809e+06 14
6.88809e+06 12
6.89809e+06 18
6.90809e+06 18
6.91809e+06 15
6.92809e+06 18
6.93809e+06 19
6.94809e+06 22
6.95809e+06 21
6.96809e+06 19
6.97809e+06 20
6.98809e+06 15
6.99809e+06 16
7.00809e+06 11
7.01809e+06 17
7.02809e+06 13
7.03809e+06 19
7.04809e+06 18
7.05809e+06 17
7.06809e+06 16
7.07809e+06 18
7.08809e+06 16
7.09809e+06 19
7.10809e+06 20
7.11809e+06 16
7.12809e+06 21
7.13809e+06 16
7.14809e+06 7
7.15809e+06 17
7.16809e+06 14
7.17809e+06 17
7.18809e+06 16
7.19809e+06 21
7.20809e+06 19
7.21809e+06 19
7.22809e+06 14
7.23809e+06 10
7.24809e+06 8
7.25809e+06 14
7.26809e+06 16
7.27809e+06 10
7.28809e+06 20
7.29809e+06 15
7.30809e+06 16
7.31809e+06 18
7.32809e+06 14
7.33809e+06 10
7.34809e+06 14
7.35809e+06 12
7.36809e+06 10
7.37809e+06 16
7.38809e+06 16
7.39809e+06 16
7.40809e+06 16
7.41809e+06 18
7.42809e+06 21
7.43809e+06 4
7.44809e+06 4
7.45809e+06 4
7.46809e+06 14
7.47809e+06 10
7.48809e+06 16
7.49809e+06 8
7.50809e+06 19
7.51809e+06 13
7.52809e+06 18
7.53809e+06 8
7.54809e+06 16
7.55809e+06 14
7.56809e+06 22
7.57809e+06 13
7.58809e+06 11
7.59809e+06 10
7.60809e+06 22
7.61809e+06 19
7.62809e+06 19
7.63809e+06 10
7.64809e+06 18
7.65809e+06 15
7.66809e+06 11
7.67809e+06 19
7.68809e+06 17
7.69809e+06 12
7.70809e+06 4
7.71809e+06 16
7.72809e+06 10
7.73809e+06 14
7.74809e+06 14
7.75809e+06 16
7.76809e+06 11
7.77809e+06 15
7.78809e+06 13
7.79809e+06 15
7.80809e+06 21
7.81809e+06 16
7.82809e+06 13
7.83809e+06 18
7.84809e+06 13
7.85809e+06 14
7.86809e+06 7
7.87809e+06 7
7.88809e+06 19
7.89809e+06 17
7.90809e+06 14
7.91809e+06 18
7.92809e+06 20
7.93809e+06 14
7.94809e+06 17
7.95809e+06 14
7.96809e+06 13
7.97809e+06 15
7.98809e+06 20
7.99809e+06 18
8.00809e+06 18
8.01809e+06 20
8.02809e+06 20
8.03809e+06 5
8.04809e+06 10
8.05809e+06 12
8.06809e+06 13
8.07809e+06 17
8.08809e+06 16
8.09809e+06 11
8.10809e+06 9
8.11809e+06 11
8.12809e+06 20
8.13809e+06 14
8.14809e+06 21
8.15809e+06 10
8.16809e+06 16
8.17809e+06 16
8.18809e+06 13
8.19809e+06 21
8.20809e+06 17
8.21809e+06 12
8.22809e+06 19
8.23809e+06 12
8.24809e+06 12
8.25809e+06 16
8.26809e+06 18
8.27809e+06 18
8.28809e+06 15
8.29809e+06 19
8.30809e+06 9
8.31809e+06 18
8.32809e+06 11
8.33809e+06 16
8.34809e+06 20
8.35809e+06 12
8.36809e+06 13
8.37809e+06 13
8.38809e+06 16
8.39809e+06 18
8.40809e+06 17
8.41809e+06 6
8.42809e+06 16
8.43809e+06 15
8.44809e+06 13
8.45809e+06 20
8.46809e+06 15
8.47809e+06 7
8.48809e+06 17
8.49809e+06 16
8.50809e+06 20
8.51809e+06 17
8.52809e+06 9
8.53809e+06 18
8.54809e+06 14
8.55809e+06 18
8.56809e+06 9
8.57809e+06 19
8.58809e+06 10
8.59809e+06 15
8.60809e+06 21
8.61809e+06 21
8.62809e+06 16
8.63809e+06 4
8.64809e+06 19
8.65809e+06 16
8.66809e+06 13
8.67809e+06 14
8.68809e+06 13
8.69809e+06 17
8.70809e+06 14
8.71809e+06 17
8.72809e+06 10
8.73809e+06 6
8.74809e+06 12
8.75809e+06 8
8.76809e+06 11
8.77809e+06 17
8.78809e+06 18
8.79809e+06 19
8.80809e+06 21
8.81809e+06 15
8.82809e+06 20
8.83809e+06 18
8.84809e+06 17
8.85809e+06 18
8.86809e+06 15
8.87809e+06 14
8.88809e+06 15
8.89809e+06 10
8.90809e+06 12
8.91809e+06 20
8.92809e+06 20
8.93809e+06 17
8.94809e+06 18
8.95809e+06 16
8.96809e+06 13
8.97809e+06 10
8.98809e+06 13
8.99809e+06 15
9.00809e+06 19
9.01809e+06 19
9.02809e+06 15
9.03809e+06 22
9.04809e+06 15
9.05809e+06 11
9.06809e+06 18
9.07809e+06 8
9.08809e+06 23
9.09809e+06 20
9.10809e+06 16
9.11809e+06 15
9.12809e+06 17
9.13809e+06 16
9.14809e+06 14
9.15809e+06 19
9.16809e+06 19
9.17809e+06 17
9.18809e+06 18
9.19809e+06 18
9.20809e+06 17
9.21809e+06 15
9.22809e+06 14
9.23809e+06 21
9.24809e+06 13
9.25809e+06 14
9.26809e+06 22
9.27809e+06 15
9.28809e+06 11
9.29809e+06 15
9.30809e+06 20
9.31809e+06 16
9.32809e+06 16
9.33809e+06 15
9.34809e+06 12
9.35809e+06 18
9.36809e+06 21
9.37809e+06 3
9.38809e+06 3
9.39809e+06 17
9.40809e+06 12
9.41809e+06 19
9.42809e+06 13
9.43809e+06 19
9.44809e+06 20
9.45809e+06 7
9.46809e+06 7
9.47809e+06 9
9.48809e+06 22
9.49809e+06 13
9.50809e+06 16
9.51809e+06 14
9.52809e+06 16
9.53809e+06 19
9.54809e+06 13
9.55809e+06 16
9.56809e+06 9
9.57809e+06 16
9.58809e+06 8
9.59809e+06 14
9.60809e+06 12
9.61809e+06 21
9.62809e+06 20
9.63809e+06 11
9.64809e+06 14
9.65809e+06 12
9.66809e+06 18
9.67809e+06 7
9.68809e+06 15
9.69809e+06 12
9.70809e+06 11
9.71809e+06 18
9.72809e+06 17
9.73809e+06 20
9.74809e+06 22
9.75809e+06 18
9.76809e+06 17
9.77809e+06 13
9.78809e+06 16
9.79809e+06 14
9.80809e+06 18
9.81809e+06 9
9.82809e+06 16
9.83809e+06 19
9.84809e+06 17
9.85809e+06 19
9.86809e+06 12
9.87809e+06 15
9.88809e+06 18
9.89809e+06 19
9.90809e+06 18
9.91809e+06 19
9.92809e+06 18
9.93809e+06 14
9.94809e+06 9
9.95809e+06 16
9.96809e+06 17
9.97809e+06 8
9.98809e+06 17
9.99809e+06 17
1.00081e+07 19
1.00181e+07 17
1.00281e+07 13
1.00381e+07 15
1.00481e+07 16
1.00581e+07 21
1.00681e+07 16
1.00781e+07 16
1.00881e+07 14
1.00981e+07 20
1.01081e+07 18
1.01181e+07 11
1.01281e+07 17
1.01381e+07 16
1.01481e+07 16
1.01581e+07 12
1.01681e+07 16
1.01781e+07 18
1.01881e+07 16
1.01981e+07 17
1.02081e+07 20
1.02181e+07 20
1.02281e+07 19
1.02381e+07 18
1.02481e+07 14
1.02581e+07 20
1.02681e+07 14
1.02781e+07 18
1.02881e+07 19
1.02981e+07 16
1.03081e+07 21
1.03181e+07 22
1.03281e+07 17
1.03381e+07 16
1.03481e+07 18
1.03581e+07 14
1.03681e+07 16
1.03781e+07 14
1.03881e+07 21
1.03981e+07 13
1.04081e+07 13
1.04181e+07 18
1.04281e+07 19
1.04381e+07 16
1.04481e+07 13
1.04581e+07 8
1.04681e+07 11
1.04781e+07 16
1.04881e+07 16
1.04981e+07 16
1.05081e+07 6
1.05181e+07 14
1.05281e+07 14
1.05381e+07 17
1.05481e+07 21
1.05581e+07 15
1.05681e+07 14
1.05781e+07 18
1.05881e+07 13
1.05981e+07 15
1.06081e+07 12
1.06181e+07 22
1.06281e+07 18
1.06381e+07 11
1.06481e+07 12
1.06581e+07 10
1.06681e+07 17
1.06781e+07 18
1.06881e+07 12
1.06981e+07 11
1.07081e+07 11
1.07181e+07 9
1.07281e+07 19
1.07381e+07 15
1.07481e+07 10
1.07581e+07 9
1.07681e+07 16
1.07781e+07 16
1.07881e+07 15
1.07981e+07 13
1.08081e+07 11
1.08181e+07 17
1.08281e+07 11
1.08381e+07 11
1.08481e+07 16
1.08581e+07 14
1.08681e+07 19
1.08781e+07 11
1.08881e+07 18
1.08981e+07 11
1.09081e+07 14
1.09181e+07 17
1.09281e+07 15
1.09381e+07 14
1.09481e+07 15
1.09581e+07 14
1.09681e+07 16
1.09781e+07 14
1.09881e+07 13
1.09981e+07 14
1.10081e+07 19
1.10181e+07 12
1.10281e+07 15
1.10381e+07 18
1.10481e+07 10
1.10581e+07 11
1.10681e+07 12
1.10781e+07 17
1.10881e+07 18
1.10981e+07 11
1.11081e+07 16
1.11181e+07 18
1.11281e+07 14
1.11381e+07 9
1.11481e+07 12
1.11581e+07 15
1.11681e+07 22
1.11781e+07 20
1.11881e+07 17
1.11981e+07 19
1.12081e+07 13
1.12181e+07 19
1.12281e+07 17
1.12381e+07 15
1.12481e+07 16
1.12581e+07 15
1.12681e+07 16
1.12781e+07 15
1.12881e+07 11
1.12981e+07 13
1.13081e+07 20
1.13181e+07 9
1.13281e+07 20
1.13381e+07 18
1.13481e+07 19
1.13581e+07 12
1.13681e+07 22
1.13781e+07 18
1.13881e+07 13
1.13981e+07 4
1.14081e+07 13
1.14181e+07 14
1.14281e+07 15
1.14381e+07 20
1.14481e+07 20
1.14581e+07 14
1.14681e+07 20
1.14781e+07 16
1.14881e+07 14
1.14981e+07 19
1.15081e+07 10
1.15181e+07 5
1.15281e+07 17
1.15381e+07 11
1.15481e+07 14
1.15581e+07 11
1.15681e+07 10
1.15781e+07 14
1.15881e+07 17
1.15981e+07 14
1.16081e+07 10
1.16181e+07 15
1.16281e+07 10
1.16381e+07 14
1.16481e+07 14
1.16581e+07 15
1.16681e+07 9
1.16781e+07 13
1.16881e+07 19
1.16981e+07 8
1.17081e+07 15
1.17181e+07 21
1.17281e+07 14
1.17381e+07 17
1.17481e+07 16
1.17581e+07 15
1.17681e+07 14
1.17781e+07 14
1.17881e+07 20
1.17981e+07 20
1.18081e+07 14
1.18181e+07 18
1.18281e+07 14
1.18381e+07 13
1.18481e+07 15
1.18581e+07 18
1.18681e+07 16
1.18781e+07 7
1.18881e+07 15
1.18981e+07 16
1.19081e+07 14
1.19181e+07 17
1.19281e+07 12
1.19381e+07 16
1.19481e+07 7
1.19581e+07 19
1.19681e+07 21
1.19781e+07 18
1.19881e+07 19
1.19981e+07 18
1.20081e+07 14
1.20181e+07 12
1.20281e+07 16
1.20381e+07 20
1.20481e+07 13
1.20581e+07 21
1.20681e+07 18
1.20781e+07 20
1.20881e+07 14
1.20981e+07 11
1.21081e+07 17
1.21181e+07 16
1.21281e+07 15
1.21381e+07 14
1.21481e+07 22
1.21581e+07 16
1.21681e+07 16
1.21781e+07 16
1.21881e+07 13
1.21981e+07 16
1.22081e+07 21
1.22181e+07 18
1.22281e+07 16
1.22381e+07 12
1.22481e+07 10
1.22581e+07 13
1.22681e+07 14
1.22781e+07 13
1.22881e+07 7
1.22981e+07 20
1.23081e+07 17
1.23181e+07 20
1.23281e+07 19
1.23381e+07 10
1.23481e+07 22
1.23581e+07 15
1.23681e+07 14
1.23781e+07 15
1.23881e+07 13
1.23981e+07 14
1.24081e+07 19
1.24181e+07 7
1.24281e+07 19
1.24381e+07 15
1.24481e+07 23
1.24581e+07 22
1.24681e+07 16
1.24781e+07 17
1.24881e+07 17
1.24981e+07 22
1.25081e+07 23
1.25181e+07 10
1.25281e+07 18
1.25381e+07 15
1.25481e+07 17
1.25581e+07 20
1.25681e+07 17
1.25781e+07 20
1.25881e+07 14
1.25981e+07 22
1.26081e+07 20
1.26181e+07 20
1.26281e+07 20
1.26381e+07 8
1.26481e+07 20
1.26581e+07 17
1.26681e+07 11
1.26781e+07 20
1.26881e+07 12
1.26981e+07 17
1.27081e+07 17
1.27181e+07 20
1.27281e+07 4
1.27381e+07 4
1.27481e+07 11
1.27581e+07 8
1.27681e+07 16
1.27781e+07 16
1.27881e+07 17
1.27981e+07 8
1.28081e+07 15
1.28181e+07 17
1.28281e+07 17
1.28381e+07 17
1.28481e+07 17
1.28581e+07 22
1.28681e+07 18
1.28781e+07 14
1.28881e+07 10
1.28981e+07 21
1.29081e+07 4
1.29181e+07 19
1.29281e+07 20
1.29381e+07 11
1.29481e+07 12
1.29581e+07 11
1.29681e+07 17
1.29781e+07 7
1.29881e+07 12
1.29981e+07 16
1.30081e+07 13
1.30181e+07 18
1.30281e+07 18
1.30381e+07 15
1.30481e+07 14
1.30581e+07 16
1.30681e+07 14
1.30781e+07 13
1.30881e+07 12
1.30981e+07 7
1.31081e+07 16
1.31181e+07 14
1.31281e+07 17
1.31381e+07 16
1.31481e+07 14
1.31581e+07 16
1.31681e+07 9
1.31781e+07 8
1.31881e+07 16
1.31981e+07 18
1.32081e+07 19
1.32181e+07 5
1.32281e+07 15
1.32381e+07 4
1.32481e+07 20
1.32581e+07 12
1.32681e+07 11
1.32781e+07 10
1.32881e+07 11
1.32981e+07 16
1.33081e+07 6
1.33181e+07 7
1.33281e+07 7
1.33381e+07 5
1.33481e+07 5
1.33581e+07 17
1.33681e+07 18
1.33781e+07 14
1.33881e+07 16
1.33981e+07 13
1.34081e+07 16
1.34181e+07 17
1.34281e+07 6
1.34381e+07 5
1.34481e+07 10
1.34581e+07 11
1.34681e+07 15
1.34781e+07 10
1.34881e+07 9
1.34981e+07 19
1.35081e+07 14
1.35181e+07 14
1.35281e+07 17
1.35381e+07 22
1.35481e+07 13
1.35581e+07 16
1.35681e+07 10
1.35781e+07 3
1.35881e+07 3
1.35981e+07 9
1.36081e+07 16
1.36181e+07 14
1.36281e+07 15
1.36381e+07 19
1.36481e+07 8
1.36581e+07 14
1.36681e+07 19
1.36781e+07 16
1.36881e+07 15
1.36981e+07 13
1.37081e+07 14
1.37181e+07 22
1.37281e+07 8
1.37381e+07 4
1.37481e+07 4
1.37581e+07 13
1.37681e+07 14
1.37781e+07 20
1.37881e+07 8
1.37981e+07 21
1.38081e+07 6
1.38181e+07 12
1.38281e+07 19
1.38381e+07 12
1.38481e+07 8
1.38581e+07 9
1.38681e+07 16
1.38781e+07 10
1.38881e+07 15
1.38981e+07 10
1.39081e+07 9
1.39181e+07 8
1.39281e+07 12
1.39381e+07 16
1.39481e+07 11
1.39581e+07 14
1.39681e+07 16
1.39781e+07 22
1.39881e+07 17
1.39981e+07 5
1.40081e+07 5
1.40181e+07 18
1.40281e+07 18
1.40381e+07 20
1.40481e+07 17
1.40581e+07 8
1.40681e+07 10
1.40781e+07 11
1.40881e+07 10
1.40981e+07 17
1.41081e+07 12
1.41181e+07 11
1.41281e+07 13
1.41381e+07 13
1.41481e+07 8
1.41581e+07 7
1.41681e+07 9
1.41781e+07 13
1.41881e+07 19
1.41981e+07 13
1.42081e+07 19
1.42181e+07 14
1.42281e+07 18
1.42381e+07 14
1.42481e+07 19
1.42581e+07 17
1.42681e+07 10
1.42781e+07 4
1.42881e+07 5
1.42981e+07 13
1.43081e+07 12
1.43181e+07 16
1.43281e+07 14
1.43381e+07 16
1.43481e+07 15
1.43581e+07 18
1.43681e+07 20
1.43781e+07 16
1.43881e+07 14
1.43981e+07 11
1.44081e+07 19
1.44181e+07 19
1.44281e+07 14
1.44381e+07 21
1.44481e+07 15
1.44581e+07 11
1.44681e+07 8
1.44781e+07 21
1.44881e+07 18
1.44981e+07 11
1.45081e+07 15
1.45181e+07 10
1.45281e+07 14
1.45381e+07 7
1.45481e+07 6
1.45581e+07 17
1.45681e+07 11
1.45781e+07 13
1.45881e+07 13
1.45981e+07 9
1.46081e+07 8
1.46181e+07 13
1.46281e+07 10
1.46381e+07 9
1.46481e+07 8
1.46581e+07 11
1.46681e+07 8
1.46781e+07 15
1.46881e+07 13
1.46981e+07 13
1.47081e+07 20
1.47181e+07 15
1.47281e+07 15
1.47381e+07 6
1.47481e+07 8
1.47581e+07 10
1.47681e+07 10
1.47781e+07 7
1.47881e+07 16
1.47981e+07 13
1.48081e+07 16
1.48181e+07 16
1.48281e+07 16
1.48381e+07 16
1.48481e+07 16
1.48581e+07 16
1.48681e+07 16
1.48781e+07 16
1.48881e+07 16
1.48981e+07 16
1.49081e+07 16
1.49181e+07 16
1.49281e+07 16
1.49381e+07 16
1.49481e+07 16
1.49581e+07 16
1.49681e+07 16
1.49781e+07 16
1.49881e+07 16
1.49981e+07 16
1.50081e+07 16
1.50181e+07 16
1.50281e+07 16
1.50381e+07 16
1.50481e+07 16
1.50581e+07 16
1.50681e+07 16
1.50781e+07 16
1.50881e+07 16
1.50981e+07 16
1.51081e+07 16
1.51181e+07 16
1.51281e+07 16
1.51381e+07 16
1.51481e+07 16
1.51581e+07 16
1.51681e+07 16
1.51781e+07 16
1.51881e+07 16
1.51981e+07 16
1.52081e+07 16
1.52181e+07 16
1.52281e+07 16
1.52381e+07 16
1.52481e+07 6
1.52581e+07 7
1.52681e+07 7
1.52781e+07 6
1.52881e+07 16
1.52981e+07 6
1.53081e+07 8
1.53181e+07 11
1.53281e+07 19
1.53381e+07 13
1.53481e+07 11
1.53581e+07 17
1.53681e+07 12
1.53781e+07 10
1.53881e+07 18
1.53981e+07 19
1.54081e+07 7
1.54181e+07 9
1.54281e+07 7
1.54381e+07 17
1.54481e+07 11
1.54581e+07 17
1.54681e+07 13
1.54781e+07 11
1.54881e+07 3
1.54981e+07 3
1.55081e+07 11
1.55181e+07 17
1.55281e+07 6
1.55381e+07 17
1.55481e+07 15
1.55581e+07 10
1.55681e+07 6
1.55781e+07 16
1.55881e+07 13
1.55981e+07 3
1.56081e+07 4
1.56181e+07 10
1.56281e+07 5
1.56381e+07 11
1.56481e+07 14
1.56581e+07 8
1.56681e+07 9
1.56781e+07 14
1.56881e+07 6
1.56981e+07 6
1.57081e+07 15
1.57181e+07 13
1.57281e+07 6
1.57381e+07 19
1.57481e+07 13
1.57581e+07 10
1.57681e+07 7
1.57781e+07 4
1.57881e+07 19
1.57981e+07 14
1.58081e+07 15
1.58181e+07 16
1.58281e+07 9
1.58381e+07 10
1.58481e+07 17
1.58581e+07 16
1.58681e+07 5
1.58781e+07 17
1.58881e+07 11
1.58981e+07 16
1.59081e+07 16
1.59181e+07 16
1.59281e+07 16
1.59381e+07 16
1.59481e+07 16
1.59581e+07 16
1.59681e+07 7
1.59781e+07 16
1.59881e+07 16
1.59981e+07 11
1.60081e+07 16
1.60181e+07 17
1.60281e+07 13
1.60381e+07 12
1.60481e+07 15
1.60581e+07 15
1.60681e+07 14
1.60781e+07 18
1.60881e+07 18
1.60981e+07 6
1.61081e+07 3
1.61181e+07 16
1.61281e+07 13
1.61381e+07 14
1.61481e+07 14
1.61581e+07 12
1.61681e+07 13
1.61781e+07 14
1.61881e+07 13
1.61981e+07 2
1.62081e+07 2
1.62181e+07 2
1.62281e+07 2
1.62381e+07 2
1.62481e+07 2
1.62581e+07 2
1.62681e+07 2
1.62781e+07 9
1.62881e+07 12
1.62981e+07 15
1.63081e+07 15
1.63181e+07 16
1.63281e+07 16
1.63381e+07 12
1.63481e+07 10
1.63581e+07 20
1.63681e+07 11
1.63781e+07 12
1.63881e+07 12
1.63981e+07 15
1.64081e+07 16
1.64181e+07 18
1.64281e+07 16
1.64381e+07 16
1.64481e+07 12
1.64581e+07 17
1.64681e+07 14
1.64781e+07 12
1.64881e+07 11
1.64981e+07 21
1.65081e+07 21
1.65181e+07 15
1.65281e+07 5
1.65381e+07 14
1.65481e+07 15
1.65581e+07 14
1.65681e+07 14
1.65781e+07 12
1.65881e+07 10
1.65981e+07 15
1.66081e+07 9
1.66181e+07 16
1.66281e+07 11
1.66381e+07 17
1.66481e+07 17
1.66581e+07 19
1.66681e+07 16
1.66781e+07 19
1.66881e+07 18
1.66981e+07 21
1.67081e+07 7
1.67181e+07 20
1.67281e+07 16
1.67381e+07 15
1.67481e+07 13
1.67581e+07 5
1.67681e+07 7
1.67781e+07 22
1.67881e+07 9
1.67981e+07 9
1.68081e+07 15
1.68181e+07 10
1.68281e+07 20
1.68381e+07 21
1.68481e+07 19
1.68581e+07 17
1.68681e+07 10
1.68781e+07 22
1.68881e+07 11
1.68981e+07 18
1.69081e+07 21
1.69181e+07 9
1.69281e+07 19
1.69381e+07 19
1.69481e+07 15
1.69581e+07 16
1.69681e+07 20
1.69781e+07 10
1.69881e+07 16
1.69981e+07 16
1.70081e+07 16
1.70181e+07 20
1.70281e+07 15
1.70381e+07 10
1.70481e+07 13
1.70581e+07 14
1.70681e+07 13
1.70781e+07 12
1.70881e+07 15
1.70981e+07 14
1.71081e+07 10
1.71181e+07 16
1.71281e+07 16
1.71381e+07 16
1.71481e+07 16
1.71581e+07 16
1.71681e+07 16
1.71781e+07 16
1.71881e+07 16
1.71981e+07 16
1.72081e+07 16
1.72181e+07 16
1.72281e+07 16
1.72381e+07 16
1.72481e+07 16
1.72581e+07 16
1.72681e+07 16
1.72781e+07 16
1.72881e+07 16
1.72981e+07 16
1.73081e+07 16
1.73181e+07 16
1.73281e+07 16
1.73381e+07 16
1.73481e+07 16
1.73581e+07 16
1.73681e+07 16
1.73781e+07 16
1.73881e+07 16
1.73981e+07 16
1.74081e+07 16
1.74181e+07 12
1.74281e+07 4
1.74381e+07 4
1.74481e+07 10
1.74581e+07 11
1.74681e+07 23
1.74781e+07 7
1.74881e+07 14
1.74981e+07 20
1.75081e+07 16
1.75181e+07 21
1.75281e+07 15
1.75381e+07 16
1.75481e+07 15
1.75581e+07 17
1.75681e+07 20
1.75781e+07 12
1.75881e+07 19
1.75981e+07 13
1.76081e+07 12
1.76181e+07 16
1.76281e+07 23
1.76381e+07 23
1.76481e+07 19
1.76581e+07 17
1.76681e+07 15
1.76781e+07 10
1.76881e+07 19
1.76981e+07 18
1.77081e+07 19
1.77181e+07 19
1.77281e+07 15
1.77381e+07 13
1.77481e+07 7
1.77581e+07 17
1.77681e+07 19
1.77781e+07 10
1.77881e+07 15
1.77981e+07 13
1.78081e+07 10
1.78181e+07 23
1.78281e+07 19
1.78381e+07 12
1.78481e+07 15
1.78581e+07 14
1.78681e+07 18
1.78781e+07 17
1.78881e+07 13
1.78981e+07 15
1.79081e+07 14
1.79181e+07 12
1.79281e+07 17
1.79381e+07 17
1.79481e+07 16
1.79581e+07 18
1.79681e+07 15
1.79781e+07 8
1.79881e+07 22
1.79981e+07 20
1.80081e+07 12
1.80181e+07 16
1.80281e+07 9
1.80381e+07 16
1.80481e+07 5
1.80581e+07 16
1.80681e+07 14
1.80781e+07 14
1.80881e+07 17
1.80981e+07 14
1.81081e+07 21
1.81181e+07 17
1.81281e+07 13
1.81381e+07 18
1.81481e+07 12
1.81581e+07 15
1.81681e+07 14
1.81781e+07 17
1.81881e+07 6
1.81981e+07 17
1.82081e+07 18
1.82181e+07 15
1.82281e+07 17
1.82381e+07 12
1.82481e+07 23
1.82581e+07 18
1.82681e+07 14
1.82781e+07 17
1.82881e+07 20
1.82981e+07 19
1.83081e+07 14
1.83181e+07 18
1.83281e+07 21
1.83381e+07 6
1.83481e+07 16
1.83581e+07 19
1.83681e+07 15
1.83781e+07 16
1.83881e+07 16
1.83981e+07 16
1.84081e+07 18
1.84181e+07 18
1.84281e+07 19
1.84381e+07 16
1.84481e+07 19
1.84581e+07 19
1.84681e+07 15
1.84781e+07 17
1.84881e+07 13
1.84981e+07 16
1.85081e+07 14
1.85181e+07 16
1.85281e+07 16
1.85381e+07 17
1.85481e+07 14
1.85581e+07 17
1.85681e+07 18
1.85781e+07 16
1.85881e+07 20
1.85981e+07 17
1.86081e+07 15
1.86181e+07 11
1.86281e+07 23
1.86381e+07 20
1.86481e+07 17
1.86581e+07 9
1.86681e+07 19
1.86781e+07 18
1.86881e+07 18
1.86981e+07 19
1.87081e+07 18
1.87181e+07 14
1.87281e+07 19
1.87381e+07 18
1.87481e+07 16
1.87581e+07 10
1.87681e+07 12
1.87781e+07 17
1.87881e+07 16
1.87981e+07 12
1.88081e+07 5
1.88181e+07 15
1.88281e+07 23
1.88381e+07 14
1.88481e+07 18
1.88581e+07 19
1.88681e+07 13
1.88781e+07 20
1.88881e+07 20
1.88981e+07 14
1.89081e+07 12
1.89181e+07 8
1.89281e+07 11
1.89381e+07 21
1.89481e+07 19
1.89581e+07 8
1.89681e+07 19
1.89781e+07 15
1.89881e+07 23
1.89981e+07 19
1.90081e+07 12
1.90181e+07 12
1.90281e+07 12
1.90381e+07 12
1.90481e+07 11
1.90581e+07 16
1.90681e+07 16
1.90781e+07 16
1.90881e+07 16
1.90981e+07 10
1.91081e+07 16
1.91181e+07 16
1.91281e+07 16
1.91381e+07 16
1.91481e+07 16
1.91581e+07 16
1.91681e+07 14
1.91781e+07 13
1.91881e+07 20
1.91981e+07 15
1.92081e+07 11
1.92181e+07 12
1.92281e+07 16
1.92381e+07 17
1.92481e+07 14
1.92581e+07 7
1.92681e+07 13
1.92781e+07 18
1.92881e+07 23
1.92981e+07 14
1.93081e+07 18
1.93181e+07 17
1.93281e+07 11
1.93381e+07 17
1.93481e+07 16
1.93581e+07 14
1.93681e+07 14
1.93781e+07 16
1.93881e+07 16
1.93981e+07 18
1.94081e+07 14
1.94181e+07 13
1.94281e+07 16
1.94381e+07 17
1.94481e+07 21
1.94581e+07 21
1.94681e+07 13
1.94781e+07 12
1.94881e+07 7
1.94981e+07 20
1.95081e+07 18
1.95181e+07 17
1.95281e+07 10
1.95381e+07 16
1.95481e+07 19
1.95581e+07 11
1.95681e+07 20
1.95781e+07 21
1.95881e+07 18
1.95981e+07 15
1.96081e+07 16
1.96181e+07 17
1.96281e+07 23
1.96381e+07 18
1.96481e+07 23
1.96581e+07 12
1.96681e+07 10
1.96781e+07 14
1.96881e+07 21
1.96981e+07 20
1.97081e+07 18
1.97181e+07 20
1.97281e+07 14
1.97381e+07 16
1.97481e+07 15
1.97581e+07 16
1.97681e+07 17
1.97781e+07 21
1.97881e+07 15
1.97981e+07 17
1.98081e+07 18
1.98181e+07 16
1.98281e+07 18
1.98381e+07 11
1.98481e+07 16
1.98581e+07 17
1.98681e+07 15
1.98781e+07 19
1.98881e+07 20
1.98981e+07 14
1.99081e+07 12
1.99181e+07 14
1.99281e+07 14
1.99381e+07 11
1.99481e+07 15
1.99581e+07 10
1.99681e+07 17
1.99781e+07 13
1.99881e+07 19
1.99981e+07 18
2.00081e+07 12
2.00181e+07 15
2.00281e+07 23
2.00381e+07 18
2.00481e+07 17
2.00581e+07 16
2.00681e+07 3
2.00781e+07 3
2.00881e+07 3
2.00981e+07 14
2.01081e+07 18
2.01181e+07 17
2.01281e+07 18
2.01381e+07 18
2.01481e+07 19
2.01581e+07 18
2.01681e+07 20
2.01781e+07 18
2.01881e+07 6
2.01981e+07 18
2.02081e+07 13
2.02181e+07 17
2.02281e+07 15
2.02381e+07 12
2.02481e+07 15
2.02581e+07 14
2.02681e+07 13
2.02781e+07 18
2.02881e+07 15
2.02981e+07 19
2.03081e+07 13
2.03181e+07 16
2.03281e+07 20
2.03381e+07 9
2.03481e+07 11
2.03581e+07 18
2.03681e+07 13
2.03781e+07 19
2.03881e+07 16
2.03981e+07 19
2.04081e+07 19
2.04181e+07 19
2.04281e+07 20
2.04381e+07 13
2.04481e+07 12
2.04581e+07 13
2.04681e+07 10
2.04781e+07 18
2.04881e+07 13
2.04981e+07 14
2.05081e+07 15
2.05181e+07 17
2.05281e+07 16
2.05381e+07 14
2.05481e+07 12
2.05581e+07 17
2.05681e+07 10
2.05781e+07 12
2.05881e+07 12
2.05981e+07 14
2.06081e+07 20
2.06181e+07 19
2.06281e+07 14
2.06381e+07 16
2.06481e+07 17
2.06581e+07 16
2.06681e+07 19
2.06781e+07 17
2.06881e+07 16
2.06981e+07 19
2.07081e+07 17
2.07181e+07 17
2.07281e+07 17
2.07381e+07 16
2.07481e+07 16
2.07581e+07 19
2.07681e+07 16
2.07781e+07 17
2.07881e+07 17
2.07981e+07 18
2.08081e+07 15
2.08181e+07 17
2.08281e+07 16
2.08381e+07 10
2.08481e+07 17
2.08581e+07 14
2.08681e+07 18
2.08781e+07 16
2.08881e+07 16
2.08981e+07 16
2.09081e+07 15
2.09181e+07 16
2.09281e+07 8
2.09381e+07 18
2.09481e+07 14
2.09581e+07 15
2.09681e+07 15
2.09781e+07 16
2.09881e+07 18
2.09981e+07 16
2.10081e+07 19
2.10181e+07 17
2.10281e+07 12
2.10381e+07 17
2.10481e+07 14
2.10581e+07 16
2.10681e+07 14
2.10781e+07 15
2.10881e+07 16
2.10981e+07 15
2.11081e+07 16
2.11181e+07 13
2.11281e+07 14
2.11381e+07 12
2.11481e+07 16
2.11581e+07 17
2.11681e+07 21
2.11781e+07 13
2.11881e+07 20
2.11981e+07 13
2.12081e+07 21
2.12181e+07 15
2.12281e+07 21
2.12381e+07 19
2.12481e+07 17
2.12581e+07 19
2.12681e+07 13
2.12781e+07 15
2.12881e+07 12
2.12981e+07 16
2.13081e+07 18
2.13181e+07 18
2.13281e+07 12
2.13381e+07 6
2.13481e+07 16
2.13581e+07 11
2.13681e+07 16
2.13781e+07 13
2.13881e+07 11
2.13981e+07 14
2.14081e+07 10
2.14181e+07 10
2.14281e+07 19
2.14381e+07 12
2.14481e+07 19
2.14581e+07 13
2.14681e+07 16
2.14781e+07 17
2.14881e+07 9
2.14981e+07 14
2.15081e+07 15
2.15181e+07 11
2.15281e+07 4
2.15381e+07 12
2.15481e+07 9
2.15581e+07 9
2.15681e+07 12
2.15781e+07 12
2.15881e+07 13
2.15981e+07 7
2.16081e+07 4
2.16181e+07 11
2.16281e+07 14
2.16381e+07 8
2.16481e+07 9
2.16581e+07 8
2.16681e+07 10
2.16781e+07 4
2.16881e+07 4
2.16981e+07 4
2.17081e+07 4
2.17181e+07 4
2.17281e+07 4
2.17381e+07 4
2.17481e+07 10
2.17581e+07 7
2.17681e+07 9
2.17781e+07 10
2.17881e+07 4
2.17981e+07 4
2.18081e+07 4
2.18181e+07 4
2.18281e+07 4
2.18381e+07 4
2.18481e+07 2
2.18581e+07 2
2.18681e+07 2
2.18781e+07 2
2.18881e+07 2
2.18981e+07 2
2.19081e+07 2
2.19181e+07 2
2.19281e+07 2
2.19381e+07 2
2.19481e+07 2
2.19581e+07 2
2.19681e+07 2
2.19781e+07 2
2.19881e+07 2
2.19981e+07 2
2.20081e+07 2
2.20181e+07 2
2.20281e+07 2
2.20381e+07 2
2.20481e+07 2
2.20581e+07 2
2.20681e+07 2
2.20781e+07 2
2.20881e+07 2
2.20981e+07 2
2.21081e+07 2
2.21181e+07 2
2.21281e+07 2
2.21381e+07 2
2.21481e+07 4
2.21581e+07 4
2.21681e+07 10
2.21781e+07 3
2.21881e+07 3
2.21981e+07 21
2.22081e+07 3
2.22181e+07 3
2.22281e+07 3
2.22381e+07 3
2.22481e+07 3
