chr start stop chr_12.AA/chr_12.BB
chr_12 1 10000 0.00779481919275804
chr_12 10001 20000 0.0476081591173053
chr_12 20001 30000 0.12021448736487
chr_12 30001 40000 0.0923734696453363
chr_12 40001 50000 0.111301768264309
chr_12 50001 60000 0.128286042144795
chr_12 60001 70000 0.0349077186154845
chr_12 70001 80000 0.102971534115602
chr_12 80001 90000 -0.0207894639624662
chr_12 90001 1e+05 -0.0128969486192192
chr_12 100001 110000 0.00180149429210752
chr_12 110001 120000 0.0161464468001572
chr_12 120001 130000 0.0117265469061877
chr_12 130001 140000 -0.014437329538717
chr_12 140001 150000 0.00873191410929863
chr_12 150001 160000 -0.00742118906263056
chr_12 160001 170000 -0.0638841745762357
chr_12 170001 180000 -0.0526387139658551
chr_12 180001 190000 -0.0192965989399294
chr_12 190001 2e+05 -0.0167556912120055
chr_12 200001 210000 -0.0386317038955433
chr_12 210001 220000 0.00519802690068538
chr_12 220001 230000 0.0117390258155444
chr_12 230001 240000 0.0182026476578412
chr_12 240001 250000 -0.0507832597086948
chr_12 250001 260000 -0.0166612684311185
chr_12 260001 270000 0.0175026848868645
chr_12 270001 280000 0.045610691513141
chr_12 280001 290000 0.0569696752112203
chr_12 290001 3e+05 0.00983612079564777
chr_12 300001 310000 -0.0350433225027076
chr_12 310001 320000 0.0126376784576905
chr_12 320001 330000 0.0220940050661413
chr_12 330001 340000 0.0298898232500194
chr_12 340001 350000 0.000947382176147982
chr_12 350001 360000 0.00704006368396848
chr_12 360001 370000 0.0326615764046082
chr_12 370001 380000 0.0362407862407862
chr_12 380001 390000 -0.00942307692307698
chr_12 390001 4e+05 0.00439849453589081
chr_12 400001 410000 -0.0036808558222754
chr_12 410001 420000 -0.0105714349168275
chr_12 420001 430000 -0.0335312840765081
chr_12 430001 440000 -0.014704504187899
chr_12 440001 450000 -0.0112062297848403
chr_12 450001 460000 0.0366794380587483
chr_12 460001 470000 0.00753580310436497
chr_12 470001 480000 -0.00583895585730554
chr_12 480001 490000 -0.00280652968741957
chr_12 490001 5e+05 -0.00417002057061078
chr_12 500001 510000 -0.00138436365714956
chr_12 510001 520000 0.0131362889983581
chr_12 520001 530000 -0.00755935132936814
chr_12 530001 540000 -0.00681225590582035
chr_12 540001 550000 -0.00789876848741988
chr_12 550001 560000 0.0130540620067946
chr_12 560001 570000 0.00183782903537244
chr_12 570001 580000 0.02180877279448
chr_12 580001 590000 -0.00627464807124767
chr_12 590001 6e+05 -0.0320635804761316
chr_12 600001 610000 -0.0251654747853456
chr_12 610001 620000 -0.0156218057921635
chr_12 620001 630000 -0.0019135996644648
chr_12 630001 640000 0.0087138409905354
chr_12 640001 650000 0.0304365861246501
chr_12 650001 660000 0.0133623618059415
chr_12 660001 670000 0.0130610266451662
chr_12 670001 680000 0.0179334435330443
chr_12 680001 690000 0.0149312740793082
chr_12 690001 7e+05 0.0233634915423248
chr_12 700001 710000 -0.00417257805921767
chr_12 710001 720000 0.00735893949694089
chr_12 720001 730000 -0.0288977215029196
chr_12 730001 740000 0.0173182199357397
chr_12 740001 750000 -0.00564731510078609
chr_12 750001 760000 0.00761410981542243
chr_12 760001 770000 0.026998013874902
chr_12 770001 780000 0.0173224485086251
chr_12 780001 790000 -0.0204833684016879
chr_12 790001 8e+05 0.00870892354652542
chr_12 800001 810000 0.00711229900492383
chr_12 810001 820000 0.00969242397813819
chr_12 820001 830000 0.0346902017291066
chr_12 830001 840000 -0.00830917505848849
chr_12 840001 850000 -0.00679540094339637
chr_12 850001 860000 -0.0162135951753191
chr_12 860001 870000 -0.0164329745440608
chr_12 870001 880000 0.00168492912427176
chr_12 880001 890000 -0.063679788213628
chr_12 890001 9e+05 0.114074294795391
chr_12 900001 910000 -0.0646371463714637
chr_12 910001 920000 0
chr_12 920001 930000 0.120197542386063
chr_12 930001 940000 0.0990078108507495
chr_12 940001 950000 -0.00403561203961633
chr_12 950001 960000 -0.0113124868875283
chr_12 960001 970000 0.000875889480869363
chr_12 970001 980000 -0.00115645829390876
chr_12 980001 990000 0.00283762400340815
chr_12 990001 1e+06 0.0164472211026019
chr_12 1000001 1010000 -0.00136670520561233
chr_12 1010001 1020000 0.00994135621207082
chr_12 1020001 1030000 -0.00285401012609232
chr_12 1030001 1040000 0.0314277980367522
chr_12 1040001 1050000 -0.0232583282654233
chr_12 1050001 1060000 -0.00195514377155948
chr_12 1060001 1070000 -0.00140868202951272
chr_12 1070001 1080000 -0.00963314858801811
chr_12 1080001 1090000 0.00917662872732183
chr_12 1090001 1100000 0.019731712247668
chr_12 1100001 1110000 0.00190780675359414
chr_12 1110001 1120000 0.0362981613772104
chr_12 1120001 1130000 0.0213049267643143
chr_12 1130001 1140000 -0.00218835546033924
chr_12 1140001 1150000 0.010814967027949
chr_12 1150001 1160000 -0.0174770342774353
chr_12 1160001 1170000 -0.0119401791426745
chr_12 1170001 1180000 -0.0229205540404764
chr_12 1180001 1190000 0.0048384516954576
chr_12 1190001 1200000 0.0347566822485916
chr_12 1200001 1210000 -0.0319942631975432
chr_12 1210001 1220000 0.00722978092943827
chr_12 1220001 1230000 0.0132505626951281
chr_12 1230001 1240000 0.0207262472973525
chr_12 1240001 1250000 0.0142612725776411
chr_12 1250001 1260000 0.0149238331082095
chr_12 1260001 1270000 0.0172144600398588
chr_12 1270001 1280000 0.00897357938522281
chr_12 1280001 1290000 -0.00944939225900421
chr_12 1290001 1300000 -0.00386891916887611
chr_12 1300001 1310000 0.0103443827006902
chr_12 1310001 1320000 0.000942633988688324
chr_12 1320001 1330000 0.000592903666169264
chr_12 1330001 1340000 -0.0258326889480769
chr_12 1340001 1350000 -0.0119030288914121
chr_12 1350001 1360000 -0.0159948111706685
chr_12 1360001 1370000 -0.00441172848628146
chr_12 1370001 1380000 0.0147859359385684
chr_12 1380001 1390000 -0.00385762844496607
chr_12 1390001 1400000 -0.00261339092872559
chr_12 1400001 1410000 -0.00850052599939888
chr_12 1410001 1420000 0.00421059263303802
chr_12 1420001 1430000 0.00343770196499038
chr_12 1430001 1440000 0.036715605561654
chr_12 1440001 1450000 -0.00661973168382657
chr_12 1450001 1460000 -0.00541606349523271
chr_12 1460001 1470000 -0.017246466966536
chr_12 1470001 1480000 0.0109166800449511
chr_12 1480001 1490000 0.0124672594430658
chr_12 1490001 1500000 0.0098273893183416
chr_12 1500001 1510000 0.00830270077091944
chr_12 1510001 1520000 -0.0159882992583684
chr_12 1520001 1530000 0.0101360063686412
chr_12 1530001 1540000 0.0414955964514
chr_12 1540001 1550000 -0.00235128226501091
chr_12 1550001 1560000 0.0082970603655339
chr_12 1560001 1570000 -0.021533354122814
chr_12 1570001 1580000 -0.0146796822804542
chr_12 1580001 1590000 -0.0209742232676664
chr_12 1590001 1600000 0.0522181146025877
chr_12 1600001 1610000 -0.0244381094034043
chr_12 1610001 1620000 -0.0225741368152577
chr_12 1620001 1630000 -0.0171031262687777
chr_12 1630001 1640000 -0.0262266246991298
chr_12 1640001 1650000 0.00753553570425303
chr_12 1650001 1660000 -0.0032214728299611
chr_12 1660001 1670000 -0.0100544647759822
chr_12 1670001 1680000 0.00758708016772536
chr_12 1680001 1690000 0.0083333333333333
chr_12 1690001 1700000 0.0016001969473165
chr_12 1700001 1710000 0.00669291338582678
chr_12 1710001 1720000 -0.00534650057014985
chr_12 1720001 1730000 -0.00111687563049423
chr_12 1730001 1740000 0.0150529625951673
chr_12 1740001 1750000 -0.0160473122859324
chr_12 1750001 1760000 0.0399904836058483
chr_12 1760001 1770000 -0.0074728384917373
chr_12 1770001 1780000 -0.00203844262983077
chr_12 1780001 1790000 0.0055231412627591
chr_12 1790001 1800000 -0.00139759362426495
chr_12 1800001 1810000 -0.0145146278268307
chr_12 1810001 1820000 -0.00966906611550611
chr_12 1820001 1830000 -0.00291880417477453
chr_12 1830001 1840000 0.0120049213845013
chr_12 1840001 1850000 0.0240403016998761
chr_12 1850001 1860000 0.0296296296296297
chr_12 1860001 1870000 0.00301554163767115
chr_12 1870001 1880000 -0.0736894164193866
chr_12 1880001 1890000 0
chr_12 1890001 1900000 0.0574395373291272
chr_12 1900001 1910000 -0.0390804597701151
chr_12 1910001 1920000 -0.0772701635645798
chr_12 1920001 1930000 0.0253189792663477
chr_12 1930001 1940000 0
chr_12 1940001 1950000 0.0627777777777778
chr_12 1950001 1960000 -0.00769669327251998
chr_12 1960001 1970000 0.014313725490196
chr_12 1970001 1980000 0.04375
chr_12 1980001 1990000 0.0180555555555556
chr_12 1990001 2e+06 -0.0678528347406513
chr_12 2000001 2010000 -0.0201863354037268
chr_12 2010001 2020000 0.0638888888888889
chr_12 2020001 2030000 -0.00718621674700937
chr_12 2030001 2040000 0.00295315682281061
chr_12 2040001 2050000 0
chr_12 2050001 2060000 0.0933691756272401
chr_12 2060001 2070000 0.0334305150631682
chr_12 2070001 2080000 0
chr_12 2080001 2090000 -0.0167037861915369
chr_12 2090001 2100000 0.021463514064411
chr_12 2100001 2110000 0.00182305019085072
chr_12 2110001 2120000 0.0152777777777777
chr_12 2120001 2130000 0.0912416612868517
chr_12 2130001 2140000 -0.0132361689470553
chr_12 2140001 2150000 0
chr_12 2150001 2160000 0.0083333333333333
chr_12 2160001 2170000 -0.12037037037037
chr_12 2170001 2180000 0
chr_12 2180001 2190000 0
chr_12 2190001 2200000 0.0042861852950874
chr_12 2200001 2210000 0.0429824561403508
chr_12 2210001 2220000 0
chr_12 2220001 2230000 0.0400743099787686
chr_12 2230001 2240000 0.00767018216682658
chr_12 2240001 2250000 0.0149782135076254
chr_12 2250001 2260000 -0.0146460537021968
chr_12 2260001 2270000 0.0373293515358363
chr_12 2270001 2280000 0.0349417637271215
chr_12 2280001 2290000 -0.0676100628930818
chr_12 2290001 2300000 0.0194444444444444
chr_12 2300001 2310000 0.0212842712842712
chr_12 2310001 2320000 -0.11405529953917
chr_12 2320001 2330000 0.0126906085221605
chr_12 2330001 2340000 0.0200803212851405
chr_12 2340001 2350000 0.0032473493367603
chr_12 2350001 2360000 0.0505924899969222
chr_12 2360001 2370000 -0.000511155210776382
chr_12 2370001 2380000 0.00509312458105904
chr_12 2380001 2390000 -0.00849098441336515
chr_12 2390001 2400000 -0.0256106504202629
chr_12 2400001 2410000 -0.0142794352831526
chr_12 2410001 2420000 0.0150119687845511
chr_12 2420001 2430000 0.0175773036920749
chr_12 2430001 2440000 0.012130017569942
chr_12 2440001 2450000 0.0142475066863299
chr_12 2450001 2460000 0.0245815572415395
chr_12 2460001 2470000 -0.00273727783899869
chr_12 2470001 2480000 -0.00231998860548677
chr_12 2480001 2490000 -0.0058535397525592
chr_12 2490001 2500000 0.0130720832016548
chr_12 2500001 2510000 0.00543401602347104
chr_12 2510001 2520000 -0.0139806729079799
chr_12 2520001 2530000 0.0101316486765403
chr_12 2530001 2540000 0.0268575238571488
chr_12 2540001 2550000 0.0228617433546204
chr_12 2550001 2560000 -0.0178632708174804
chr_12 2560001 2570000 0.00746836860373989
chr_12 2570001 2580000 0.0512004006037267
chr_12 2580001 2590000 0.0107581331900294
chr_12 2590001 2600000 0.00275609841458735
chr_12 2600001 2610000 0.0215521514971247
chr_12 2610001 2620000 -0.0030744241282179
chr_12 2620001 2630000 0.0344365190563126
chr_12 2630001 2640000 -0.0064437243076183
chr_12 2640001 2650000 0.0144130456801378
chr_12 2650001 2660000 0.0145707656612529
chr_12 2660001 2670000 -0.0188040712468194
chr_12 2670001 2680000 -0.00369316166560263
chr_12 2680001 2690000 0.014590911991831
chr_12 2690001 2700000 0.00938451628015935
chr_12 2700001 2710000 -0.00575502337699429
chr_12 2710001 2720000 0.0277919383255972
chr_12 2720001 2730000 0.00148055129218794
chr_12 2730001 2740000 -0.00200330981621821
chr_12 2740001 2750000 0.0128834768568353
chr_12 2750001 2760000 0.0243690306409092
chr_12 2760001 2770000 0.00702883873456772
chr_12 2770001 2780000 0
chr_12 2780001 2790000 0.00421992789249426
chr_12 2790001 2800000 0
chr_12 2800001 2810000 0.0474637681159421
chr_12 2810001 2820000 0
chr_12 2820001 2830000 0.011808910359635
chr_12 2830001 2840000 NA
chr_12 2840001 2850000 0.0133333333333333
chr_12 2850001 2860000 0.143888888888889
chr_12 2860001 2870000 -0.0210770111242264
chr_12 2870001 2880000 -0.0287483336841368
chr_12 2880001 2890000 0.00336927223719685
chr_12 2890001 2900000 -0.0130418794519644
chr_12 2900001 2910000 0.0184220379354573
chr_12 2910001 2920000 0.0414303606030531
chr_12 2920001 2930000 0.00917731891183227
chr_12 2930001 2940000 0.00960475690800977
chr_12 2940001 2950000 -0.00885086024473281
chr_12 2950001 2960000 -0.00228378647274829
chr_12 2960001 2970000 0.0161476632815132
chr_12 2970001 2980000 0.0338087929944931
chr_12 2980001 2990000 0.00953596369952847
chr_12 2990001 3e+06 0.0255273465574243
chr_12 3000001 3010000 0.0118878550440744
chr_12 3010001 3020000 0.0202658033405277
chr_12 3020001 3030000 0.00706526604792734
chr_12 3030001 3040000 0.0280092781726902
chr_12 3040001 3050000 -0.0222571066978194
chr_12 3050001 3060000 0.0243502658003544
chr_12 3060001 3070000 -0.0114187550525464
chr_12 3070001 3080000 -0.024861085668926
chr_12 3080001 3090000 0.0182880592354698
chr_12 3090001 3100000 0.0056759645598311
chr_12 3100001 3110000 -0.0235306874864454
chr_12 3110001 3120000 -0.01318359375
chr_12 3120001 3130000 0.00742402771217132
chr_12 3130001 3140000 -0.0173596787943791
chr_12 3140001 3150000 0.0274165241652417
chr_12 3150001 3160000 0.0363173187648965
chr_12 3160001 3170000 -0.00797430237628083
chr_12 3170001 3180000 0.00286578838681406
chr_12 3180001 3190000 -0.00927188437414794
chr_12 3190001 3200000 -0.0303279270506853
chr_12 3200001 3210000 -0.00107068054643777
chr_12 3210001 3220000 0.00165463884012729
chr_12 3220001 3230000 0.0191500989631029
chr_12 3230001 3240000 0.046225832990539
chr_12 3240001 3250000 0.0285191526504851
chr_12 3250001 3260000 0.00965794620667337
chr_12 3260001 3270000 -0.00165868873443853
chr_12 3270001 3280000 -0.0131984934831066
chr_12 3280001 3290000 -0.0251065714443892
chr_12 3290001 3300000 0.0378650446412691
chr_12 3300001 3310000 -0.00554326993955456
chr_12 3310001 3320000 -0.0119461467703592
chr_12 3320001 3330000 0.000293398533007472
chr_12 3330001 3340000 -0.00670431119476556
chr_12 3340001 3350000 -0.0157358481334704
chr_12 3350001 3360000 0.0303270936770798
chr_12 3360001 3370000 0.028907917810308
chr_12 3370001 3380000 -0.00900239825321258
chr_12 3380001 3390000 0.025994085441394
chr_12 3390001 3400000 -0.0214445375803298
chr_12 3400001 3410000 -0.0165168903431816
chr_12 3410001 3420000 0.0195830575777631
chr_12 3420001 3430000 0.0180322232046369
chr_12 3430001 3440000 0.00971503361294546
chr_12 3440001 3450000 -0.0288128190429395
chr_12 3450001 3460000 -0.00235588710333356
chr_12 3460001 3470000 -0.00835312747426764
chr_12 3470001 3480000 0.0219056709988497
chr_12 3480001 3490000 0.0714636158872461
chr_12 3490001 3500000 0.0367003441932228
chr_12 3500001 3510000 -0.0161729420450352
chr_12 3510001 3520000 0.00887773550284676
chr_12 3520001 3530000 0.0237113698079463
chr_12 3530001 3540000 -0.00359481613774792
chr_12 3540001 3550000 -0.0058133999761989
chr_12 3550001 3560000 0.0525162884745002
chr_12 3560001 3570000 0.0171036886738464
chr_12 3570001 3580000 -0.00754535204631135
chr_12 3580001 3590000 -0.000178029235922139
chr_12 3590001 3600000 0.00170304105292929
chr_12 3600001 3610000 0.021909892334863
chr_12 3610001 3620000 -0.00842944174106286
chr_12 3620001 3630000 -0.0263598105755589
chr_12 3630001 3640000 0.0118235362724516
chr_12 3640001 3650000 -0.00382651879441487
chr_12 3650001 3660000 0.00776402613177507
chr_12 3660001 3670000 0.0189204169186029
chr_12 3670001 3680000 -0.00103315084411482
chr_12 3680001 3690000 -0.0029593143275235
chr_12 3690001 3700000 4.4742729306213e-05
chr_12 3700001 3710000 -0.00475719011856746
chr_12 3710001 3720000 0.0322940105003751
chr_12 3720001 3730000 0.029139013379701
chr_12 3730001 3740000 -0.00175101057213944
chr_12 3740001 3750000 -0.00513098501275078
chr_12 3750001 3760000 0.00127561595104031
chr_12 3760001 3770000 0.0056330607985573
chr_12 3770001 3780000 -0.0115728455342083
chr_12 3780001 3790000 3.98141382347283e-05
chr_12 3790001 3800000 -0.011597768597216
chr_12 3800001 3810000 0.01311218716282
chr_12 3810001 3820000 0.000154973231896283
chr_12 3820001 3830000 -0.00732048977663013
chr_12 3830001 3840000 0.000279322673552462
chr_12 3840001 3850000 0.000791830493665491
chr_12 3850001 3860000 0.00319117167045158
chr_12 3860001 3870000 0.0111360368846362
chr_12 3870001 3880000 -0.00369791479525228
chr_12 3880001 3890000 -0.00412701086498779
chr_12 3890001 3900000 0.00553743366704962
chr_12 3900001 3910000 0.00216031776214309
chr_12 3910001 3920000 0.0141290425872558
chr_12 3920001 3930000 0.00783941802888544
chr_12 3930001 3940000 0.0125060296625428
chr_12 3940001 3950000 0.00671764605737313
chr_12 3950001 3960000 -0.00520251291189711
chr_12 3960001 3970000 0.00475858014257369
chr_12 3970001 3980000 -0.0195833944550388
chr_12 3980001 3990000 0.00975103322206328
chr_12 3990001 4e+06 0.0240523347324239
chr_12 4000001 4010000 0.0190035575573616
chr_12 4010001 4020000 0.0125824268725695
chr_12 4020001 4030000 0.0250413000235999
chr_12 4030001 4040000 -0.00464143806499751
chr_12 4040001 4050000 -0.0119574619650944
chr_12 4050001 4060000 -0.00474550510930016
chr_12 4060001 4070000 0.0133304940374788
chr_12 4070001 4080000 0.0233210345855696
chr_12 4080001 4090000 -0.00575511671017304
chr_12 4090001 4100000 -0.0119055725797297
chr_12 4100001 4110000 0.0249417712576304
chr_12 4110001 4120000 -0.0072496060347722
chr_12 4120001 4130000 -0.0120730117340286
chr_12 4130001 4140000 0.0042720608471567
chr_12 4140001 4150000 -0.0224698942799131
chr_12 4150001 4160000 -0.00479529864115014
chr_12 4160001 4170000 0.0541894353369763
chr_12 4170001 4180000 -0.00488922841864015
chr_12 4180001 4190000 0.0127244241192411
chr_12 4190001 4200000 0.00187589072614569
chr_12 4200001 4210000 -0.0400565839233415
chr_12 4210001 4220000 0.0121724718071727
chr_12 4220001 4230000 0.0159676489500877
chr_12 4230001 4240000 -0.00682905012557189
chr_12 4240001 4250000 0.000370300337209639
chr_12 4250001 4260000 -0.0187114736391232
chr_12 4260001 4270000 -0.00444822071171536
chr_12 4270001 4280000 0.00560033187151832
chr_12 4280001 4290000 -0.0156288406390823
chr_12 4290001 4300000 0.025843716736585
chr_12 4300001 4310000 -0.0232236119263709
chr_12 4310001 4320000 0.0406809170580404
chr_12 4320001 4330000 0.0113249306024458
chr_12 4330001 4340000 0.00988187937178309
chr_12 4340001 4350000 -0.00695382882882867
chr_12 4350001 4360000 0.0148030261094197
chr_12 4360001 4370000 -0.0136961040702743
chr_12 4370001 4380000 -0.0208008640253738
chr_12 4380001 4390000 0.00639639206639131
chr_12 4390001 4400000 -0.0162794395495445
chr_12 4400001 4410000 0.0195842423330574
chr_12 4410001 4420000 0.0281670281995662
chr_12 4420001 4430000 0.0256975272898841
chr_12 4430001 4440000 -0.00845485173469118
chr_12 4440001 4450000 0.00321515990530075
chr_12 4450001 4460000 -0.00678029005367131
chr_12 4460001 4470000 -0.00382805786812046
chr_12 4470001 4480000 0.00647617934634404
chr_12 4480001 4490000 -0.0111139608446611
chr_12 4490001 4500000 -0.0148574251835123
chr_12 4500001 4510000 0.0135932061641394
chr_12 4510001 4520000 0.00695817490494288
chr_12 4520001 4530000 0.0226119419667806
chr_12 4530001 4540000 0.00602516669802056
chr_12 4540001 4550000 0.00381166750032413
chr_12 4550001 4560000 -0.0335407185048899
chr_12 4560001 4570000 0.056454418928323
chr_12 4570001 4580000 0.0445022886172728
chr_12 4580001 4590000 0.0553652256966073
chr_12 4590001 4600000 0.0159456239553326
chr_12 4600001 4610000 -0.022271119919173
chr_12 4610001 4620000 -0.00210066994338742
chr_12 4620001 4630000 0.0178212204054262
chr_12 4630001 4640000 -0.00760113912387972
chr_12 4640001 4650000 0.0376156268451093
chr_12 4650001 4660000 0.00811531753360017
chr_12 4660001 4670000 -0.0167912193296376
chr_12 4670001 4680000 0.00585228915437919
chr_12 4680001 4690000 -0.00890709714239124
chr_12 4690001 4700000 0.00983522769900214
chr_12 4700001 4710000 -0.03058340443686
chr_12 4710001 4720000 0.00633713561470195
chr_12 4720001 4730000 0.0100336613153806
chr_12 4730001 4740000 -0.0105172175356107
chr_12 4740001 4750000 0.0195785026280713
chr_12 4750001 4760000 -0.00138269912010047
chr_12 4760001 4770000 -0.0117991261657315
chr_12 4770001 4780000 -0.0235724347166539
chr_12 4780001 4790000 0.00409336684182471
chr_12 4790001 4800000 -0.0215168357435789
chr_12 4800001 4810000 0.0321351309157412
chr_12 4810001 4820000 -0.0148224191340682
chr_12 4820001 4830000 -0.0151345051749208
chr_12 4830001 4840000 0.0344136157801828
chr_12 4840001 4850000 0.0268152934309929
chr_12 4850001 4860000 0.0223134671805788
chr_12 4860001 4870000 -0.00646366671966914
chr_12 4870001 4880000 0.0055424969282547
chr_12 4880001 4890000 0.0236611854424131
chr_12 4890001 4900000 0.00178159714944459
chr_12 4900001 4910000 0.00580784366335751
chr_12 4910001 4920000 0.0458158750048949
chr_12 4920001 4930000 0.00299371391188097
chr_12 4930001 4940000 -0.00396016044598535
chr_12 4940001 4950000 -0.00373073054580542
chr_12 4950001 4960000 0.0297272576085149
chr_12 4960001 4970000 -0.0311775801670708
chr_12 4970001 4980000 -0.0129801353133174
chr_12 4980001 4990000 -0.00143653293641166
chr_12 4990001 5e+06 -0.000976426764517813
chr_12 5000001 5010000 -0.00710490350104109
chr_12 5010001 5020000 0.0540792280992262
chr_12 5020001 5030000 -0.010406085231945
chr_12 5030001 5040000 -0.00444662270540008
chr_12 5040001 5050000 0.0538545185577709
chr_12 5050001 5060000 0.0215479269755586
chr_12 5060001 5070000 -0.0129694431696497
chr_12 5070001 5080000 0.0140227686879028
chr_12 5080001 5090000 0.0338960035496803
chr_12 5090001 5100000 0.0596891259825085
chr_12 5100001 5110000 0.026606079598872
chr_12 5110001 5120000 -0.0281414498166415
chr_12 5120001 5130000 -0.011352792452459
chr_12 5130001 5140000 0.0164691472457629
chr_12 5140001 5150000 -0.0155246714070243
chr_12 5150001 5160000 -0.030357873210634
chr_12 5160001 5170000 0.0464184560265317
chr_12 5170001 5180000 0.015945996781542
chr_12 5180001 5190000 -0.00284119097230162
chr_12 5190001 5200000 -0.02246330280397
chr_12 5200001 5210000 0.0230000090774579
chr_12 5210001 5220000 -0.0296861105763502
chr_12 5220001 5230000 -0.00129179615831054
chr_12 5230001 5240000 -0.00944412177532539
chr_12 5240001 5250000 0.0246048928339468
chr_12 5250001 5260000 0.0267679339217016
chr_12 5260001 5270000 0.0201830499262364
chr_12 5270001 5280000 -0.0194964706339265
chr_12 5280001 5290000 -0.0179359472805969
chr_12 5290001 5300000 -0.0217038847357995
chr_12 5300001 5310000 0.0156377879106747
chr_12 5310001 5320000 0.00345274460797929
chr_12 5320001 5330000 0.0453836021796399
chr_12 5330001 5340000 0.0181382094032696
chr_12 5340001 5350000 -0.0319772477911877
chr_12 5350001 5360000 0.0134488827670646
chr_12 5360001 5370000 -0.00393685517027387
chr_12 5370001 5380000 0.0386291043822666
chr_12 5380001 5390000 -0.00920950624214711
chr_12 5390001 5400000 0.0203245917531633
chr_12 5400001 5410000 -0.0155962205477815
chr_12 5410001 5420000 0.00453152806061607
chr_12 5420001 5430000 -0.0151930823725519
chr_12 5430001 5440000 0.0445922498554079
chr_12 5440001 5450000 -0.00660664172123493
chr_12 5450001 5460000 -0.00483532564617928
chr_12 5460001 5470000 0.00973503147416177
chr_12 5470001 5480000 -0.0181114627633272
chr_12 5480001 5490000 -0.000956053927923195
chr_12 5490001 5500000 -0.0410125003389463
chr_12 5500001 5510000 -0.00400802726579674
chr_12 5510001 5520000 0.00770303906218628
chr_12 5520001 5530000 0.0173992673992674
chr_12 5530001 5540000 0.0160918849635505
chr_12 5540001 5550000 -0.00088439671509799
chr_12 5550001 5560000 0.00316086030371754
chr_12 5560001 5570000 -0.0185557341907825
chr_12 5570001 5580000 -0.0121318745762091
chr_12 5580001 5590000 -0.00378618113912244
chr_12 5590001 5600000 -0.0167735728030789
chr_12 5600001 5610000 -0.0291275253127334
chr_12 5610001 5620000 -0.00710610313136306
chr_12 5620001 5630000 -0.0134611543838625
chr_12 5630001 5640000 -0.00725883920547865
chr_12 5640001 5650000 -0.0042469442718045
chr_12 5650001 5660000 0.029911172221131
chr_12 5660001 5670000 -0.0127796420581654
chr_12 5670001 5680000 -0.0215770583417643
chr_12 5680001 5690000 -0.00796876794121038
chr_12 5690001 5700000 -0.00607972657662081
chr_12 5700001 5710000 -0.0113691078049014
chr_12 5710001 5720000 -0.00292153589315514
chr_12 5720001 5730000 -0.00274911831066138
chr_12 5730001 5740000 -0.0261380622367169
chr_12 5740001 5750000 0.010449301307872
chr_12 5750001 5760000 0.00982329941891857
chr_12 5760001 5770000 0.00109993094603922
chr_12 5770001 5780000 -0.00910708508573266
chr_12 5780001 5790000 0.00500526474127572
chr_12 5790001 5800000 0.0311963979416809
chr_12 5800001 5810000 0.00247428792957971
chr_12 5810001 5820000 -0.00272857242485514
chr_12 5820001 5830000 -0.00324012067589341
chr_12 5830001 5840000 -4.84458569103285e-05
chr_12 5840001 5850000 -0.00644104397036371
chr_12 5850001 5860000 -0.0297305503848337
chr_12 5860001 5870000 0.00633337412801371
chr_12 5870001 5880000 0.00229652365092836
chr_12 5880001 5890000 -0.0143635526450425
chr_12 5890001 5900000 -0.0180997077265761
chr_12 5900001 5910000 0.0156746759598922
chr_12 5910001 5920000 0.00529774256429627
chr_12 5920001 5930000 -0.00912202696026521
chr_12 5930001 5940000 0.00536023731900015
chr_12 5940001 5950000 -0.0251867001746693
chr_12 5950001 5960000 0.0519410291438981
chr_12 5960001 5970000 -0.00523990409224373
chr_12 5970001 5980000 0.00280745800977
chr_12 5980001 5990000 0.00205505394836514
chr_12 5990001 6e+06 0.00677559998428834
chr_12 6000001 6010000 0.0581647042581307
chr_12 6010001 6020000 0.0128308058281297
chr_12 6020001 6030000 0.0377068094740508
chr_12 6030001 6040000 0.0134553175294695
chr_12 6040001 6050000 0.0334820152112999
chr_12 6050001 6060000 -0.00748298193934183
chr_12 6060001 6070000 0.0100270546578896
chr_12 6070001 6080000 0.0386312935626074
chr_12 6080001 6090000 -0.0236585365853657
chr_12 6090001 6100000 -0.00960314429380693
chr_12 6100001 6110000 -0.0015795326783008
chr_12 6110001 6120000 0.0159915185066895
chr_12 6120001 6130000 0.0282573772537277
chr_12 6130001 6140000 -0.000160448399794566
chr_12 6140001 6150000 0.00830208438904101
chr_12 6150001 6160000 -0.0111281619225292
chr_12 6160001 6170000 0.0499533871970167
chr_12 6170001 6180000 -0.000834131970326224
chr_12 6180001 6190000 -0.000941769888902932
chr_12 6190001 6200000 -0.0281816205710488
chr_12 6200001 6210000 -0.00339471852313933
chr_12 6210001 6220000 -0.0069374284367214
chr_12 6220001 6230000 0.00926850083897468
chr_12 6230001 6240000 0.0114230593491393
chr_12 6240001 6250000 -0.011932091477546
chr_12 6250001 6260000 -0.00358297616362147
chr_12 6260001 6270000 0.0144273127753305
chr_12 6270001 6280000 0.00177521774574163
chr_12 6280001 6290000 0.0355761636299261
chr_12 6290001 6300000 0.013411574829395
chr_12 6300001 6310000 0.00112270860155728
chr_12 6310001 6320000 -0.0219477511538004
chr_12 6320001 6330000 0.0038039444385537
chr_12 6330001 6340000 -0.0122954349698536
chr_12 6340001 6350000 0.00128399884259245
chr_12 6350001 6360000 -0.0327189911171628
chr_12 6360001 6370000 0.0312206894974034
chr_12 6370001 6380000 -0.00725410264450721
chr_12 6380001 6390000 -0.0337331639549847
chr_12 6390001 6400000 -0.0215530125112089
chr_12 6400001 6410000 0.00208947081287503
chr_12 6410001 6420000 0.00680891515484683
chr_12 6420001 6430000 0.0452499728879732
chr_12 6430001 6440000 -0.0213228259635809
chr_12 6440001 6450000 -0.00793249797898143
chr_12 6450001 6460000 0.000643580800531618
chr_12 6460001 6470000 -0.0197628119314865
chr_12 6470001 6480000 -0.0225361402737316
chr_12 6480001 6490000 0.00959135332736505
chr_12 6490001 6500000 -0.0199017921795799
chr_12 6500001 6510000 -0.0153886213844208
chr_12 6510001 6520000 0.00610898360438317
chr_12 6520001 6530000 0.0110086187637425
chr_12 6530001 6540000 -0.0183017355773651
chr_12 6540001 6550000 0.0176773693929826
chr_12 6550001 6560000 0.00979354889839901
chr_12 6560001 6570000 -0.000810782272905541
chr_12 6570001 6580000 -0.0336549067521936
chr_12 6580001 6590000 0.00319203963846237
chr_12 6590001 6600000 -0.0107196372997271
chr_12 6600001 6610000 -0.00529567080157434
chr_12 6610001 6620000 0.0191131833973304
chr_12 6620001 6630000 0.0350850033776177
chr_12 6630001 6640000 0.010693033976603
chr_12 6640001 6650000 0.0187302323369242
chr_12 6650001 6660000 0.0980635161866165
chr_12 6660001 6670000 0.00510890694312904
chr_12 6670001 6680000 0.0181944379455024
chr_12 6680001 6690000 -0.0039585104038784
chr_12 6690001 6700000 -0.0223425363053023
chr_12 6700001 6710000 -0.0203593617306572
chr_12 6710001 6720000 0.00928211830767733
chr_12 6720001 6730000 0.0187010647505182
chr_12 6730001 6740000 -0.0216902717091054
chr_12 6740001 6750000 0.00773940842423493
chr_12 6750001 6760000 0.0365870250018314
chr_12 6760001 6770000 0.00448865310934266
chr_12 6770001 6780000 0.0042088830389666
chr_12 6780001 6790000 0.017444130855388
chr_12 6790001 6800000 -0.0111425583186697
chr_12 6800001 6810000 0.000361595649281177
chr_12 6810001 6820000 0.00844839944919173
chr_12 6820001 6830000 -0.000628417606948206
chr_12 6830001 6840000 -0.0345744407830577
chr_12 6840001 6850000 -0.00545135536860819
chr_12 6850001 6860000 -0.0157153860966686
chr_12 6860001 6870000 -0.00282507379870922
chr_12 6870001 6880000 0.0236522480289795
chr_12 6880001 6890000 -0.0026486730582187
chr_12 6890001 6900000 -0.0263079755329887
chr_12 6900001 6910000 -0.00510382917448227
chr_12 6910001 6920000 0.0192685012828896
chr_12 6920001 6930000 -0.00704401249617881
chr_12 6930001 6940000 -0.0169660428966942
chr_12 6940001 6950000 0.0232724742099231
chr_12 6950001 6960000 -0.0149678293261091
chr_12 6960001 6970000 0.00441417144964618
chr_12 6970001 6980000 0.0297981527999797
chr_12 6980001 6990000 0.013835691393731
chr_12 6990001 7e+06 -0.00866711455200808
chr_12 7000001 7010000 -0.000653395969222759
chr_12 7010001 7020000 0.0218216134179087
chr_12 7020001 7030000 -0.00830682219865664
chr_12 7030001 7040000 -0.0166382737081205
chr_12 7040001 7050000 -0.00719543360072628
chr_12 7050001 7060000 0.0104279487518161
chr_12 7060001 7070000 0.0236932221102526
chr_12 7070001 7080000 0.0461694918693002
chr_12 7080001 7090000 0.0022519814430717
chr_12 7090001 7100000 -0.0308625842681569
chr_12 7100001 7110000 -0.0469233354088219
chr_12 7110001 7120000 0.0111728395061728
chr_12 7120001 7130000 -0.0294802191725734
chr_12 7130001 7140000 0.0111504511814315
chr_12 7140001 7150000 0.0153536522168795
chr_12 7150001 7160000 0.0457614323838685
chr_12 7160001 7170000 -0.00261296302614666
chr_12 7170001 7180000 -0.00188852727946243
chr_12 7180001 7190000 -0.00847776265845446
chr_12 7190001 7200000 0.000853022973194117
chr_12 7200001 7210000 0.0254845265508338
chr_12 7210001 7220000 0.0263032687807012
chr_12 7220001 7230000 0.00479829506046747
chr_12 7230001 7240000 0.0511475093008649
chr_12 7240001 7250000 0.0247050247661478
chr_12 7250001 7260000 -0.0204036405990704
chr_12 7260001 7270000 0.000529813218390851
chr_12 7270001 7280000 0.0666872099767982
chr_12 7280001 7290000 0.0298428357407354
chr_12 7290001 7300000 -0.00424936465310588
chr_12 7300001 7310000 -0.0150772025431427
chr_12 7310001 7320000 0.0269010650918431
chr_12 7320001 7330000 -0.0133398254047186
chr_12 7330001 7340000 -0.0093436435607106
chr_12 7340001 7350000 -0.0360024695612222
chr_12 7350001 7360000 -0.0181346950721692
chr_12 7360001 7370000 -0.0263278903903903
chr_12 7370001 7380000 0.00978733687771871
chr_12 7380001 7390000 0
chr_12 7390001 7400000 0
chr_12 7400001 7410000 -0.0716741405082213
chr_12 7410001 7420000 -0.0219768392957078
chr_12 7420001 7430000 -0.0178853888913995
chr_12 7430001 7440000 -0.00718043090988529
chr_12 7440001 7450000 -0.0504166155272812
chr_12 7450001 7460000 -0.0157532982747486
chr_12 7460001 7470000 -0.00547281048793735
chr_12 7470001 7480000 -0.0365568792338238
chr_12 7480001 7490000 6.97999069334543e-05
chr_12 7490001 7500000 -0.0282155756544582
chr_12 7500001 7510000 0.0323540706605222
chr_12 7510001 7520000 -0.00464173975483395
chr_12 7520001 7530000 0.0301517679349873
chr_12 7530001 7540000 -0.00963527733190639
chr_12 7540001 7550000 -0.0257358790771678
chr_12 7550001 7560000 0.0145816678375608
chr_12 7560001 7570000 -0.0220728436156805
chr_12 7570001 7580000 -0.0117187970831074
chr_12 7580001 7590000 0.023550284681184
chr_12 7590001 7600000 0.0414315388610006
chr_12 7600001 7610000 0.0207151721818202
chr_12 7610001 7620000 -0.0208553061121992
chr_12 7620001 7630000 -0.00982320222487099
chr_12 7630001 7640000 -0.015216130938444
chr_12 7640001 7650000 -0.00327061323088551
chr_12 7650001 7660000 -0.0154785299631814
chr_12 7660001 7670000 0.0301962257480002
chr_12 7670001 7680000 0.0115842894969109
chr_12 7680001 7690000 -0.003914921339639
chr_12 7690001 7700000 0.0084965628898267
chr_12 7700001 7710000 -0.0124141618822471
chr_12 7710001 7720000 -0.0153094511963829
chr_12 7720001 7730000 -0.0265748422180765
chr_12 7730001 7740000 -0.0142476580057067
chr_12 7740001 7750000 0.00577148525565874
chr_12 7750001 7760000 0.00284123284123272
chr_12 7760001 7770000 0.0190195590228788
chr_12 7770001 7780000 0.0317252319045486
chr_12 7780001 7790000 -0.0010996727479895
chr_12 7790001 7800000 0.00202651733087833
chr_12 7800001 7810000 0.00740034352762708
chr_12 7810001 7820000 -0.0062876264401186
chr_12 7820001 7830000 0.0198141703329174
chr_12 7830001 7840000 0.0418320160047226
chr_12 7840001 7850000 -0.0214529428490191
chr_12 7850001 7860000 -0.0183623774184998
chr_12 7860001 7870000 0.0611521917742013
chr_12 7870001 7880000 -0.0264573717587901
chr_12 7880001 7890000 -0.00717923364803963
chr_12 7890001 7900000 0.0317687050229631
chr_12 7900001 7910000 0.0236405485758128
chr_12 7910001 7920000 0.0296052631578949
chr_12 7920001 7930000 -0.00142008374317371
chr_12 7930001 7940000 0.00203498660195156
chr_12 7940001 7950000 -0.00214848484848473
chr_12 7950001 7960000 -0.0125819031884644
chr_12 7960001 7970000 -0.0240604815032297
chr_12 7970001 7980000 -0.00411471469337976
chr_12 7980001 7990000 0.00214134394098742
chr_12 7990001 8e+06 0.0138682720325471
chr_12 8000001 8010000 0.00834698990355642
chr_12 8010001 8020000 0.00142445048395556
chr_12 8020001 8030000 0.0277848495134645
chr_12 8030001 8040000 0.0489198317295683
chr_12 8040001 8050000 0.0327514286283176
chr_12 8050001 8060000 -0.00771785567975658
chr_12 8060001 8070000 0.0372300038530404
chr_12 8070001 8080000 -0.0206169822846671
chr_12 8080001 8090000 -0.0155228758169934
chr_12 8090001 8100000 -0.0194102782290297
chr_12 8100001 8110000 -0.0256204351650031
chr_12 8110001 8120000 0.0157965821015054
chr_12 8120001 8130000 -0.0116405125811845
chr_12 8130001 8140000 -0.0234292415433404
chr_12 8140001 8150000 0.017543717703917
chr_12 8150001 8160000 0.0965481699908534
chr_12 8160001 8170000 0.037274345809871
chr_12 8170001 8180000 0.0112425171557892
chr_12 8180001 8190000 -0.0230469897209986
chr_12 8190001 8200000 -0.0315395972732699
chr_12 8200001 8210000 -0.00258017310265801
chr_12 8210001 8220000 -0.00156155551077952
chr_12 8220001 8230000 -0.00610403397027603
chr_12 8230001 8240000 0.0255478242808183
chr_12 8240001 8250000 0.0276192694382983
chr_12 8250001 8260000 0.0133290945614716
chr_12 8260001 8270000 0.028540977308498
chr_12 8270001 8280000 0.00500287776154429
chr_12 8280001 8290000 0.0174918423694779
chr_12 8290001 8300000 0.0125783806740113
chr_12 8300001 8310000 0.0316983780411728
chr_12 8310001 8320000 -0.0103144218629088
chr_12 8320001 8330000 -0.0209193409295241
chr_12 8330001 8340000 -0.0050988616848282
chr_12 8340001 8350000 0.0334220044686244
chr_12 8350001 8360000 -0.0106726278485767
chr_12 8360001 8370000 -0.0192004889468995
chr_12 8370001 8380000 0.0266959798994976
chr_12 8380001 8390000 -0.0162638919967182
chr_12 8390001 8400000 -0.0229526693984201
chr_12 8400001 8410000 0.0211168050892384
chr_12 8410001 8420000 0.0117474940610697
chr_12 8420001 8430000 -0.00860613146271771
chr_12 8430001 8440000 0.0573341344090635
chr_12 8440001 8450000 0.029432300524009
chr_12 8450001 8460000 0.0651674415470656
chr_12 8460001 8470000 0.0110454672797087
chr_12 8470001 8480000 -0.00716507442790482
chr_12 8480001 8490000 -0.0412598749077535
chr_12 8490001 8500000 0.0237283816237324
chr_12 8500001 8510000 0.00831591991447189
chr_12 8510001 8520000 -0.0206821190541404
chr_12 8520001 8530000 -0.00766102701098226
chr_12 8530001 8540000 0.0166137439679505
chr_12 8540001 8550000 0.0291130051494166
chr_12 8550001 8560000 0.0541730781560558
chr_12 8560001 8570000 0.00515561179186641
chr_12 8570001 8580000 -0.00257009345794401
chr_12 8580001 8590000 -0.0199737951688537
chr_12 8590001 8600000 0.00816627886164301
chr_12 8600001 8610000 0.0019710256320673
chr_12 8610001 8620000 0.0260327447621558
chr_12 8620001 8630000 -0.0160901390520956
chr_12 8630001 8640000 0.00139844698781888
chr_12 8640001 8650000 0.00624036237471093
chr_12 8650001 8660000 0.0567636125329085
chr_12 8660001 8670000 -0.00640046712181097
chr_12 8670001 8680000 0.000664196322449739
chr_12 8680001 8690000 0.00715633567130713
chr_12 8690001 8700000 -0.0120784526241193
chr_12 8700001 8710000 -0.0264351678522401
chr_12 8710001 8720000 -0.0018757149586166
chr_12 8720001 8730000 0.0186669647419521
chr_12 8730001 8740000 -0.0396573112110405
chr_12 8740001 8750000 -0.0115994989952377
chr_12 8750001 8760000 -0.00618141469210887
chr_12 8760001 8770000 0.0010517148981779
chr_12 8770001 8780000 -0.0177742363877822
chr_12 8780001 8790000 -0.0103425948408433
chr_12 8790001 8800000 -0.00818274612735692
chr_12 8800001 8810000 0.0338779796795624
chr_12 8810001 8820000 0.0331038271566906
chr_12 8820001 8830000 0.0176190012654531
chr_12 8830001 8840000 -0.0261480774836367
chr_12 8840001 8850000 -0.00261029149739844
chr_12 8850001 8860000 -0.019219307086273
chr_12 8860001 8870000 0.00869309046606159
chr_12 8870001 8880000 -0.000639151849964659
chr_12 8880001 8890000 0.0104780812577708
chr_12 8890001 8900000 0.0290793396520268
chr_12 8900001 8910000 -0.0137245696400625
chr_12 8910001 8920000 0.0334628890934506
chr_12 8920001 8930000 0.0195893624406065
chr_12 8930001 8940000 -0.0177479447616733
chr_12 8940001 8950000 -0.0236634589681903
chr_12 8950001 8960000 0.0117202665976447
chr_12 8960001 8970000 0.00126156197669058
chr_12 8970001 8980000 0.0165181528730474
chr_12 8980001 8990000 0.039582692329607
chr_12 8990001 9e+06 0.0448987080367963
chr_12 9000001 9010000 -0.0377511896203484
chr_12 9010001 9020000 -0.00908425980105321
chr_12 9020001 9030000 0.0550634327632167
chr_12 9030001 9040000 0.000297857854937078
chr_12 9040001 9050000 -0.00581662567389629
chr_12 9050001 9060000 -0.0237972685471144
chr_12 9060001 9070000 0.0210377793135222
chr_12 9070001 9080000 0.00167337856972094
chr_12 9080001 9090000 -0.039062831783242
chr_12 9090001 9100000 0.011026220821342
chr_12 9100001 9110000 0.0016054309435346
chr_12 9110001 9120000 0.0156845361602597
chr_12 9120001 9130000 0.0159183971921615
chr_12 9130001 9140000 0.0252086394634716
chr_12 9140001 9150000 -0.00503375843961007
chr_12 9150001 9160000 0.0153374072090801
chr_12 9160001 9170000 0.0235478031273221
chr_12 9170001 9180000 0.00558134785033659
chr_12 9180001 9190000 0.00269099907206949
chr_12 9190001 9200000 -0.0033625464061835
chr_12 9200001 9210000 -0.017023506006876
chr_12 9210001 9220000 -0.0391828396322778
chr_12 9220001 9230000 -0.00434655339078827
chr_12 9230001 9240000 0.0420496436470879
chr_12 9240001 9250000 -0.010854608945007
chr_12 9250001 9260000 -0.0339593535056186
chr_12 9260001 9270000 -0.00998192653380214
chr_12 9270001 9280000 -0.00132496963051354
chr_12 9280001 9290000 -0.00574768949413795
chr_12 9290001 9300000 -0.0237914307787785
chr_12 9300001 9310000 -0.0286558843349873
chr_12 9310001 9320000 0.0149016689869267
chr_12 9320001 9330000 0.00725126897207007
chr_12 9330001 9340000 -0.0138348959524355
chr_12 9340001 9350000 -0.019540352372833
chr_12 9350001 9360000 -0.0221693522223423
chr_12 9360001 9370000 -0.031720169683092
chr_12 9370001 9380000 -0.0322360436893205
chr_12 9380001 9390000 -0.0271730414561784
chr_12 9390001 9400000 0.0103845901854157
chr_12 9400001 9410000 -0.0116002310803005
chr_12 9410001 9420000 -0.00619212962962967
chr_12 9420001 9430000 0.0121380573340253
chr_12 9430001 9440000 0.00325859606162648
chr_12 9440001 9450000 0.0269055555555555
chr_12 9450001 9460000 0.0484879563551415
chr_12 9460001 9470000 -0.0588123202716282
chr_12 9470001 9480000 -0.0338263086578234
chr_12 9480001 9490000 -0.00807047806801386
chr_12 9490001 9500000 0.0459810311814836
chr_12 9500001 9510000 0.0139075578908781
chr_12 9510001 9520000 0.0567427209262727
chr_12 9520001 9530000 0.0159510381953346
chr_12 9530001 9540000 0.0127191676367343
chr_12 9540001 9550000 0.00819271869230176
chr_12 9550001 9560000 0.00227219710020088
chr_12 9560001 9570000 0.0251637243735763
chr_12 9570001 9580000 -0.0471308370219723
chr_12 9580001 9590000 -0.0167229605697921
chr_12 9590001 9600000 -0.0206822576746435
chr_12 9600001 9610000 0.00770406963067527
chr_12 9610001 9620000 -0.0138681532776384
chr_12 9620001 9630000 -0.0243776144255372
chr_12 9630001 9640000 -0.0327130724254192
chr_12 9640001 9650000 0.00962591740606855
chr_12 9650001 9660000 0.0373069597602844
chr_12 9660001 9670000 0.0114794774446205
chr_12 9670001 9680000 0.0581240069791698
chr_12 9680001 9690000 -0.0198218055383088
chr_12 9690001 9700000 -0.00338758819756246
chr_12 9700001 9710000 0.00986467236467226
chr_12 9710001 9720000 -0.0438801034468139
chr_12 9720001 9730000 -0.0659934527352415
chr_12 9730001 9740000 0.0640662468049223
chr_12 9740001 9750000 0.0119234585843433
chr_12 9750001 9760000 0.000778793595511029
chr_12 9760001 9770000 -0.0478398557701385
chr_12 9770001 9780000 -0.0226992430041677
chr_12 9780001 9790000 -0.0255768131636736
chr_12 9790001 9800000 0.00840158848349459
chr_12 9800001 9810000 -0.0222929583702391
chr_12 9810001 9820000 -0.0237795187918173
chr_12 9820001 9830000 0.0202764675052411
chr_12 9830001 9840000 -0.0122697730128809
chr_12 9840001 9850000 -0.015800879979911
chr_12 9850001 9860000 0.0241435063800036
chr_12 9860001 9870000 0.0305309277685288
chr_12 9870001 9880000 0.0298422784522865
chr_12 9880001 9890000 -0.0122091729185487
chr_12 9890001 9900000 0.0648300095495044
chr_12 9900001 9910000 -0.00687910653213564
chr_12 9910001 9920000 -0.0243115566309482
chr_12 9920001 9930000 0.0133996687879127
chr_12 9930001 9940000 0.0398629098606913
chr_12 9940001 9950000 0.0370947145482294
chr_12 9950001 9960000 -0.0167834587767108
chr_12 9960001 9970000 -0.0128739715781601
chr_12 9970001 9980000 -0.0101224105461395
chr_12 9980001 9990000 -0.0176831169843683
chr_12 9990001 1e+07 -0.0364231007088152
chr_12 10000001 10010000 0.00237826610938752
chr_12 10010001 10020000 -0.0316438959894225
chr_12 10020001 10030000 -0.0178034958350402
chr_12 10030001 10040000 -0.0508001684565171
chr_12 10040001 10050000 0.0454782196969697
chr_12 10050001 10060000 0.0131855607302168
chr_12 10060001 10070000 -0.0454286896266418
chr_12 10070001 10080000 0.0109816994540017
chr_12 10080001 10090000 0.0249775592241345
chr_12 10090001 10100000 0.00349941716520719
chr_12 10100001 10110000 -0.0062428534543173
chr_12 10110001 10120000 0.00468877546002622
chr_12 10120001 10130000 0.0174061209386713
chr_12 10130001 10140000 0.000867046126853843
chr_12 10140001 10150000 -0.0177441808664662
chr_12 10150001 10160000 0.0136252739527768
chr_12 10160001 10170000 -0.00998519465661696
chr_12 10170001 10180000 0.0103996992858038
chr_12 10180001 10190000 0.0155087947113682
chr_12 10190001 10200000 0.0154427319431852
chr_12 10200001 10210000 0.0335028328947682
chr_12 10210001 10220000 -0.0237832890256984
chr_12 10220001 10230000 -0.00688475597707972
chr_12 10230001 10240000 -0.000686975376226417
chr_12 10240001 10250000 0.0266184354643454
chr_12 10250001 10260000 0.000639755654614382
chr_12 10260001 10270000 -0.016154009333899
chr_12 10270001 10280000 0.0302972213093804
chr_12 10280001 10290000 0.00728521680623362
chr_12 10290001 10300000 0.00940408728428943
chr_12 10300001 10310000 -0.0013408557035588
chr_12 10310001 10320000 -0.0313432835820897
chr_12 10320001 10330000 -0.00921498306435553
chr_12 10330001 10340000 -0.0170664838930776
chr_12 10340001 10350000 0.00158744951848389
chr_12 10350001 10360000 0.00091257930094224
chr_12 10360001 10370000 0.00897476647066087
chr_12 10370001 10380000 0.0319267017820024
chr_12 10380001 10390000 -0.00393596458411305
chr_12 10390001 10400000 -0.00332344169177046
chr_12 10400001 10410000 0.0505331773641203
chr_12 10410001 10420000 0.0523912617380303
chr_12 10420001 10430000 0.00519051977455565
chr_12 10430001 10440000 0.0169797893538286
chr_12 10440001 10450000 -0.0374487828392385
chr_12 10450001 10460000 0.0361287985984773
chr_12 10460001 10470000 -0.0207128488810662
chr_12 10470001 10480000 -0.00130386695483642
chr_12 10480001 10490000 -0.010981181683628
chr_12 10490001 10500000 0.0111072266165566
chr_12 10500001 10510000 -0.00581975104875876
chr_12 10510001 10520000 -0.0294021899970405
chr_12 10520001 10530000 0.0354510451045105
chr_12 10530001 10540000 0.0165753791941168
chr_12 10540001 10550000 -0.0230864268474889
chr_12 10550001 10560000 -0.0153332054233819
chr_12 10560001 10570000 0.00111516626115182
chr_12 10570001 10580000 -0.0033271242634052
chr_12 10580001 10590000 -0.0118709735549849
chr_12 10590001 10600000 0.0291932323836089
chr_12 10600001 10610000 -0.0283672997140543
chr_12 10610001 10620000 0.0103516412613922
chr_12 10620001 10630000 0.0242830500183442
chr_12 10630001 10640000 0.00164798945286759
chr_12 10640001 10650000 0.0445521816789998
chr_12 10650001 10660000 -0.0156717658796142
chr_12 10660001 10670000 -0.0121927833234858
chr_12 10670001 10680000 -0.00976096851100716
chr_12 10680001 10690000 0.070237232339706
chr_12 10690001 10700000 -0.0265678534187397
chr_12 10700001 10710000 -0.00300221719507943
chr_12 10710001 10720000 0.0342697707579246
chr_12 10720001 10730000 -0.0152260774101307
chr_12 10730001 10740000 -0.000752638112973436
chr_12 10740001 10750000 -0.0180867177885071
chr_12 10750001 10760000 -0.00415696238266627
chr_12 10760001 10770000 0.00467839838858963
chr_12 10770001 10780000 0.0149436886430457
chr_12 10780001 10790000 0.0301733931240658
chr_12 10790001 10800000 0.0107368333610233
chr_12 10800001 10810000 0.015313814171229
chr_12 10810001 10820000 -0.0103958263865733
chr_12 10820001 10830000 0.035825938484477
chr_12 10830001 10840000 -0.00397665210267606
chr_12 10840001 10850000 0.0193537253304363
chr_12 10850001 10860000 0.0201007659536896
chr_12 10860001 10870000 0.00697145073542171
chr_12 10870001 10880000 0.0233157151835481
chr_12 10880001 10890000 0.0602489362414983
chr_12 10890001 10900000 0.0415767009791614
chr_12 10900001 10910000 0.0108930473147725
chr_12 10910001 10920000 0.00876554198020341
chr_12 10920001 10930000 0.0418700768831659
chr_12 10930001 10940000 0.00657190891028592
chr_12 10940001 10950000 0.0258648209414358
chr_12 10950001 10960000 0.0264129939786469
chr_12 10960001 10970000 0.00142239681105016
chr_12 10970001 10980000 0.00555324811174185
chr_12 10980001 10990000 0.00488222171808839
chr_12 10990001 1.1e+07 0.0183596625332654
chr_12 11000001 11010000 0.0223916477780066
chr_12 11010001 11020000 -0.00909773025698746
chr_12 11020001 11030000 -0.00541063494338556
chr_12 11030001 11040000 0.0211581032273097
chr_12 11040001 11050000 -0.0167725044563281
chr_12 11050001 11060000 -0.0269001593570291
chr_12 11060001 11070000 -0.00742048788019134
chr_12 11070001 11080000 -0.0459142120266052
chr_12 11080001 11090000 0.0148185966770037
chr_12 11090001 11100000 -0.00636651240620179
chr_12 11100001 11110000 -0.0126162534649361
chr_12 11110001 11120000 -0.00949473393008882
chr_12 11120001 11130000 0.0765422885572139
chr_12 11130001 11140000 0.0125409983376017
chr_12 11140001 11150000 0.0503880492501604
chr_12 11150001 11160000 -0.0143584151217737
chr_12 11160001 11170000 0.00568816631686664
chr_12 11170001 11180000 0.0196506161407507
chr_12 11180001 11190000 0.0384524033592356
chr_12 11190001 11200000 -0.00657122525932752
chr_12 11200001 11210000 0.00697795650878763
chr_12 11210001 11220000 0.0222890607993838
chr_12 11220001 11230000 -0.0319889737065309
chr_12 11230001 11240000 -0.0250782592322356
chr_12 11240001 11250000 -0.0391637748793427
chr_12 11250001 11260000 -0.0106942295570454
chr_12 11260001 11270000 -0.0427518469342594
chr_12 11270001 11280000 -0.00681513481304918
chr_12 11280001 11290000 0.0353538706679061
chr_12 11290001 11300000 0.00324427480916023
chr_12 11300001 11310000 -0.0341618558905281
chr_12 11310001 11320000 0.029866423048734
chr_12 11320001 11330000 0.0154997956240409
chr_12 11330001 11340000 0.0185447593342331
chr_12 11340001 11350000 0.10001220347893
chr_12 11350001 11360000 -0.0084831466718307
chr_12 11360001 11370000 -0.00350496277915635
chr_12 11370001 11380000 -0.0135161386730425
chr_12 11380001 11390000 -0.0277634456155869
chr_12 11390001 11400000 -0.0103253806440844
chr_12 11400001 11410000 -0.0166635383428226
chr_12 11410001 11420000 -0.0271897601240345
chr_12 11420001 11430000 0.00370446147360048
chr_12 11430001 11440000 -0.0116166118120313
chr_12 11440001 11450000 0.026506488191251
chr_12 11450001 11460000 0.0392270633329818
chr_12 11460001 11470000 0.0409294126543035
chr_12 11470001 11480000 0.0324231420963449
chr_12 11480001 11490000 0.111022535816457
chr_12 11490001 11500000 0.000436009233136581
chr_12 11500001 11510000 0.0393530140241657
chr_12 11510001 11520000 -0.0297993503556597
chr_12 11520001 11530000 0.00775630966392038
chr_12 11530001 11540000 0.0778266036536495
chr_12 11540001 11550000 0.00760119380712565
chr_12 11550001 11560000 -0.0411646586345382
chr_12 11560001 11570000 0.0117980072463768
chr_12 11570001 11580000 -0.0236652387420333
chr_12 11580001 11590000 0.00249993094113432
chr_12 11590001 11600000 -0.00365817240692823
chr_12 11600001 11610000 0.00634933290809547
chr_12 11610001 11620000 -0.000576876366286116
chr_12 11620001 11630000 -0.010542288557214
chr_12 11630001 11640000 -0.00471412645325686
chr_12 11640001 11650000 -0.00713057904099457
chr_12 11650001 11660000 -0.0225514587921798
chr_12 11660001 11670000 0.0076833248263809
chr_12 11670001 11680000 -0.0247747747747749
chr_12 11680001 11690000 0.0268618706438563
chr_12 11690001 11700000 -0.00351376325260189
chr_12 11700001 11710000 0.0528784129602606
chr_12 11710001 11720000 -0.0267665700619684
chr_12 11720001 11730000 0.0203170284497546
chr_12 11730001 11740000 0.00663421587359347
chr_12 11740001 11750000 0.0321383539660705
chr_12 11750001 11760000 0.0136722511072599
chr_12 11760001 11770000 -0.0173052995099159
chr_12 11770001 11780000 -0.0359484495774309
chr_12 11780001 11790000 0.0404081317748718
chr_12 11790001 11800000 -0.0396065853064915
chr_12 11800001 11810000 0.00171437090041737
chr_12 11810001 11820000 -0.0326758781977854
chr_12 11820001 11830000 0.0263516690173953
chr_12 11830001 11840000 0.0247031206848937
chr_12 11840001 11850000 0.0643665703275529
chr_12 11850001 11860000 0.0390593310962795
chr_12 11860001 11870000 0.0405283201508031
chr_12 11870001 11880000 -0.0120008133921072
chr_12 11880001 11890000 -0.00433639639005268
chr_12 11890001 11900000 0.00191168738788883
chr_12 11900001 11910000 -0.00685010766970562
chr_12 11910001 11920000 -0.0358044485163129
chr_12 11920001 11930000 -0.0291292584867446
chr_12 11930001 11940000 -0.00937445718256025
chr_12 11940001 11950000 0.00768928282957093
chr_12 11950001 11960000 0.0140149616676876
chr_12 11960001 11970000 -0.0132240341340815
chr_12 11970001 11980000 -0.0210121956588738
chr_12 11980001 11990000 -0.0392382884544451
chr_12 11990001 1.2e+07 -0.0236632409889783
chr_12 12000001 12010000 -0.0279369429219951
chr_12 12010001 12020000 0.0229082790884348
chr_12 12020001 12030000 -0.0233178579488666
chr_12 12030001 12040000 -0.00555417597880958
chr_12 12040001 12050000 -0.00258707447274009
chr_12 12050001 12060000 -0.00597269624573382
chr_12 12060001 12070000 0.0645474528885758
chr_12 12070001 12080000 0.00162997935700127
chr_12 12080001 12090000 0.0111220472440944
chr_12 12090001 12100000 -0.00631714073373435
chr_12 12100001 12110000 -0.00813576994841392
chr_12 12110001 12120000 0.00270318177789586
chr_12 12120001 12130000 -0.0108926411414747
chr_12 12130001 12140000 -0.0229262479639745
chr_12 12140001 12150000 0.000666645752290029
chr_12 12150001 12160000 -0.00138530083492472
chr_12 12160001 12170000 -0.0140393760065562
chr_12 12170001 12180000 -0.00750205888408484
chr_12 12180001 12190000 0.0479256238641902
chr_12 12190001 12200000 -0.0161862588701249
chr_12 12200001 12210000 -0.0224871248446101
chr_12 12210001 12220000 0.0196810315575162
chr_12 12220001 12230000 -0.0435385371332304
chr_12 12230001 12240000 -0.0161262304574405
chr_12 12240001 12250000 -0.0163308223477716
chr_12 12250001 12260000 -0.032635196738273
chr_12 12260001 12270000 -0.021472887677521
chr_12 12270001 12280000 -0.00406964666779985
chr_12 12280001 12290000 -0.015676941674222
chr_12 12290001 12300000 -0.0144890104324926
chr_12 12300001 12310000 -0.0130968405616294
chr_12 12310001 12320000 0.0388630965814446
chr_12 12320001 12330000 0.0191049227960556
chr_12 12330001 12340000 -0.02554543274994
chr_12 12340001 12350000 -0.0088929942766065
chr_12 12350001 12360000 -0.0176194846915361
chr_12 12360001 12370000 -0.0186198111793796
chr_12 12370001 12380000 -0.0449888415500102
chr_12 12380001 12390000 -0.0202095582692596
chr_12 12390001 12400000 0.0511885467314965
chr_12 12400001 12410000 -0.00219474938731667
chr_12 12410001 12420000 -0.0365366317792577
chr_12 12420001 12430000 0.0124505684626791
chr_12 12430001 12440000 -0.0300082523667167
chr_12 12440001 12450000 -0.00723610651800755
chr_12 12450001 12460000 -0.0113113712956989
chr_12 12460001 12470000 0.0228247816912083
chr_12 12470001 12480000 -4.55260326130968e-05
chr_12 12480001 12490000 0.00947544785432808
chr_12 12490001 12500000 -0.0290692173781411
chr_12 12500001 12510000 -0.0337629841802887
chr_12 12510001 12520000 -0.0172428795173734
chr_12 12520001 12530000 0.0121386717086548
chr_12 12530001 12540000 -0.0304272756355972
chr_12 12540001 12550000 -0.0302313279870026
chr_12 12550001 12560000 -0.0105392261726494
chr_12 12560001 12570000 -0.000631074088097927
chr_12 12570001 12580000 0.028374105508404
chr_12 12580001 12590000 0.0333293608231041
chr_12 12590001 12600000 0.0130941568271269
chr_12 12600001 12610000 -0.0395325708602685
chr_12 12610001 12620000 0.00758182789432793
chr_12 12620001 12630000 0.00728030217823272
chr_12 12630001 12640000 0.0394497366790582
chr_12 12640001 12650000 0.014644116704072
chr_12 12650001 12660000 0.0220223398001176
chr_12 12660001 12670000 -0.00498540856031116
chr_12 12670001 12680000 0.015122764173982
chr_12 12680001 12690000 -0.0209766214177978
chr_12 12690001 12700000 -0.0188823500743232
chr_12 12700001 12710000 -0.00795769558511039
chr_12 12710001 12720000 -0.0228715728715729
chr_12 12720001 12730000 0.00132586489981534
chr_12 12730001 12740000 -0.0534321760294045
chr_12 12740001 12750000 0.00481812738567455
chr_12 12750001 12760000 0.012332866727808
chr_12 12760001 12770000 -0.023574966937888
chr_12 12770001 12780000 -0.00537825824270666
chr_12 12780001 12790000 -0.0249146393512589
chr_12 12790001 12800000 -0.0432019213871477
chr_12 12800001 12810000 0.00511575198316339
chr_12 12810001 12820000 -0.0165957840236688
chr_12 12820001 12830000 0.0427422529666497
chr_12 12830001 12840000 0.0149308342382324
chr_12 12840001 12850000 0.031886889516429
chr_12 12850001 12860000 0.00736362051937489
chr_12 12860001 12870000 -0.000827975842587092
chr_12 12870001 12880000 -0.000954448925052143
chr_12 12880001 12890000 0.0197331940629553
chr_12 12890001 12900000 -0.0367584865845259
chr_12 12900001 12910000 0.0294596156185379
chr_12 12910001 12920000 0.023283170615426
chr_12 12920001 12930000 0.0210345793084138
chr_12 12930001 12940000 0.0232564455388181
chr_12 12940001 12950000 0.00867177337765568
chr_12 12950001 12960000 -0.0201351865955826
chr_12 12960001 12970000 -0.0288122379157394
chr_12 12970001 12980000 -0.0325806730686047
chr_12 12980001 12990000 0.0408734362793883
chr_12 12990001 1.3e+07 -0.00137981118373265
chr_12 13000001 13010000 0.0512082259415136
chr_12 13010001 13020000 -0.0280466910528085
chr_12 13020001 13030000 0.0335335222757059
chr_12 13030001 13040000 0.0227343506695733
chr_12 13040001 13050000 -0.0034082097929613
chr_12 13050001 13060000 0.0184326756095227
chr_12 13060001 13070000 -0.0140545514523327
chr_12 13070001 13080000 0.00394451057786693
chr_12 13080001 13090000 0.00689843529743439
chr_12 13090001 13100000 -0.0257577522389605
chr_12 13100001 13110000 -0.00783683002786439
chr_12 13110001 13120000 -0.0144823324207877
chr_12 13120001 13130000 0.035774647887324
chr_12 13130001 13140000 -0.00518068640109681
chr_12 13140001 13150000 0.0656967561657149
chr_12 13150001 13160000 0.0550617074914399
chr_12 13160001 13170000 -0.0143793212107732
chr_12 13170001 13180000 0.00810687597867232
chr_12 13180001 13190000 0.007567955087039
chr_12 13190001 13200000 0.0156804272404787
chr_12 13200001 13210000 0.00320113978610981
chr_12 13210001 13220000 0.132451162557124
chr_12 13220001 13230000 0.0324938092649635
chr_12 13230001 13240000 -0.0183204486222144
chr_12 13240001 13250000 -0.0186508885170134
chr_12 13250001 13260000 0.00126317309080404
chr_12 13260001 13270000 -0.0243830370650531
chr_12 13270001 13280000 -0.00217888615017792
chr_12 13280001 13290000 -0.00623524446378876
chr_12 13290001 13300000 -0.014736567553469
chr_12 13300001 13310000 -0.00227612668270782
chr_12 13310001 13320000 0.0553112397634776
chr_12 13320001 13330000 0.0707514270506397
chr_12 13330001 13340000 0.0072797469532051
chr_12 13340001 13350000 0.0132525930629894
chr_12 13350001 13360000 0.0487732269945447
chr_12 13360001 13370000 0.0166812180860915
chr_12 13370001 13380000 -0.0229304180418042
chr_12 13380001 13390000 0.0300822878726561
chr_12 13390001 13400000 -0.0162307633992873
chr_12 13400001 13410000 0.0528790051011901
chr_12 13410001 13420000 0.177992658250515
chr_12 13420001 13430000 0.0424810072295061
chr_12 13430001 13440000 -0.0213867108793018
chr_12 13440001 13450000 -0.0480232840164929
chr_12 13450001 13460000 0.0113509419672442
chr_12 13460001 13470000 -0.025531458229676
chr_12 13470001 13480000 0.00750467504346974
chr_12 13480001 13490000 0.000636695083373717
chr_12 13490001 13500000 0.0168350769450495
chr_12 13500001 13510000 0.0239698817442719
chr_12 13510001 13520000 0.053423698612702
chr_12 13520001 13530000 0.0555103464310627
chr_12 13530001 13540000 0.0674872318692543
chr_12 13540001 13550000 -0.0221896122376379
chr_12 13550001 13560000 0.138131611523745
chr_12 13560001 13570000 0.0115330121847548
chr_12 13570001 13580000 0.0136790595175252
chr_12 13580001 13590000 -0.0136033815214061
chr_12 13590001 13600000 -0.0460692776451301
chr_12 13600001 13610000 -0.0278425141242937
chr_12 13610001 13620000 -0.0511844586191681
chr_12 13620001 13630000 -0.0107092795065882
chr_12 13630001 13640000 -0.0161185315860215
chr_12 13640001 13650000 0.0470251783713662
chr_12 13650001 13660000 0.0162127371273713
chr_12 13660001 13670000 0.0108503339953061
chr_12 13670001 13680000 0.00312020566405458
chr_12 13680001 13690000 -0.00224909692749353
chr_12 13690001 13700000 0.016770500937041
chr_12 13700001 13710000 -0.0150690598943415
chr_12 13710001 13720000 -0.00358006111187126
chr_12 13720001 13730000 -0.00669151507785393
chr_12 13730001 13740000 0.00112267129073862
chr_12 13740001 13750000 -0.0256892876787678
chr_12 13750001 13760000 -0.0209887226823806
chr_12 13760001 13770000 -0.0109002013229795
chr_12 13770001 13780000 -0.0546526203722784
chr_12 13780001 13790000 0.0516292958927075
chr_12 13790001 13800000 0.174145802384144
chr_12 13800001 13810000 0.179327621439299
chr_12 13810001 13820000 0.0675561064718164
chr_12 13820001 13830000 0.0308528147764333
chr_12 13830001 13840000 0.0273449191407192
chr_12 13840001 13850000 -0.0157529506747145
chr_12 13850001 13860000 0.0564483287911538
chr_12 13860001 13870000 0.00349367088607588
chr_12 13870001 13880000 0.014377474905608
chr_12 13880001 13890000 0.0255849641132214
chr_12 13890001 13900000 0.0238213334725632
chr_12 13900001 13910000 0.059004440099393
chr_12 13910001 13920000 0.0306549998519441
chr_12 13920001 13930000 0.0349945000652535
chr_12 13930001 13940000 0.174810035842294
chr_12 13940001 13950000 0.187126642771804
chr_12 13950001 13960000 0.000464833553831312
chr_12 13960001 13970000 0.129241888056895
chr_12 13970001 13980000 0.0296040405649357
chr_12 13980001 13990000 0.122615643496782
chr_12 13990001 1.4e+07 0.0240744142111201
chr_12 14000001 14010000 0.321013607567967
chr_12 14010001 14020000 0.177272686947187
chr_12 14020001 14030000 0.0719266230305956
chr_12 14030001 14040000 0.116197069063234
chr_12 14040001 14050000 0.0732630312242699
chr_12 14050001 14060000 0.0808445919254167
chr_12 14060001 14070000 0.147476396677788
chr_12 14070001 14080000 0.270834757639981
chr_12 14080001 14090000 0.248626079508957
chr_12 14090001 14100000 0.238367973547473
chr_12 14100001 14110000 0.203249714937286
chr_12 14110001 14120000 0.379735835940216
chr_12 14120001 14130000 0.501495485327314
chr_12 14130001 14140000 0.606890806345345
chr_12 14140001 14150000 0.337636793847974
chr_12 14150001 14160000 0.42142936165505
chr_12 14160001 14170000 0.31028285301689
chr_12 14170001 14180000 0.569481241618422
chr_12 14180001 14190000 0.596833387304111
chr_12 14190001 14200000 0.589574936326995
chr_12 14200001 14210000 0.711185605689863
chr_12 14210001 14220000 0.599882634749728
chr_12 14220001 14230000 0.591504595159665
chr_12 14230001 14240000 0.662249876699782
chr_12 14240001 14250000 0.714878267268132
chr_12 14250001 14260000 0.694684646371573
chr_12 14260001 14270000 0.712335908820081
chr_12 14270001 14280000 0.731099926117473
chr_12 14280001 14290000 0.733084059650139
chr_12 14290001 14300000 0.823448034126842
chr_12 14300001 14310000 0.707931936991996
chr_12 14310001 14320000 0.705660334067548
chr_12 14320001 14330000 0.547363835864183
chr_12 14330001 14340000 0.654833071439958
chr_12 14340001 14350000 0.698104379594764
chr_12 14350001 14360000 0.644923337493314
chr_12 14360001 14370000 0.656303564226659
chr_12 14370001 14380000 0.634446684706673
chr_12 14380001 14390000 0.606735553829781
chr_12 14390001 14400000 0.54186225260095
chr_12 14400001 14410000 0.523304523192164
chr_12 14410001 14420000 0.504766560743095
chr_12 14420001 14430000 0.590738166524095
chr_12 14430001 14440000 0.716477489673366
chr_12 14440001 14450000 0.520667789617586
chr_12 14450001 14460000 0.693601022288746
chr_12 14460001 14470000 0.686716459407542
chr_12 14470001 14480000 0.727502541049742
chr_12 14480001 14490000 0.611041124070509
chr_12 14490001 14500000 0.743632714708377
chr_12 14500001 14510000 0.726078810774287
chr_12 14510001 14520000 0.557502748126935
chr_12 14520001 14530000 0.651310170884914
chr_12 14530001 14540000 0.745916261426113
chr_12 14540001 14550000 0.630458407429362
chr_12 14550001 14560000 0.648508850586164
chr_12 14560001 14570000 0.513864342738741
chr_12 14570001 14580000 0.612476052728403
chr_12 14580001 14590000 0.706782584801392
chr_12 14590001 14600000 0.650956486346481
chr_12 14600001 14610000 0.64290043797904
chr_12 14610001 14620000 0.605947268781456
chr_12 14620001 14630000 0.484676971652614
chr_12 14630001 14640000 0.461745856567534
chr_12 14640001 14650000 0.494740589400693
chr_12 14650001 14660000 0.541898247114151
chr_12 14660001 14670000 0.495429655499504
chr_12 14670001 14680000 0.474479616944869
chr_12 14680001 14690000 0.557411793637234
chr_12 14690001 14700000 0.607221548090433
chr_12 14700001 14710000 0.642303948537814
chr_12 14710001 14720000 0.646171638409996
chr_12 14720001 14730000 0.661833333333333
chr_12 14730001 14740000 0.766056287483425
chr_12 14740001 14750000 0.680645692976492
chr_12 14750001 14760000 0.666925320484397
chr_12 14760001 14770000 0.717973893682692
chr_12 14770001 14780000 0.698991522946507
chr_12 14780001 14790000 0.782432217178096
chr_12 14790001 14800000 0.888259409651726
chr_12 14800001 14810000 0.868129238381164
chr_12 14810001 14820000 0.481088944305902
chr_12 14820001 14830000 0
chr_12 14830001 14840000 0
chr_12 14840001 14850000 0
chr_12 14850001 14860000 0
chr_12 14860001 14870000 0.194444444444444
chr_12 14870001 14880000 0
chr_12 14880001 14890000 0
chr_12 14890001 14900000 0
chr_12 14900001 14910000 0
chr_12 14910001 14920000 0
chr_12 14920001 14930000 0
chr_12 14930001 14940000 0
chr_12 14940001 14950000 0
chr_12 14950001 14960000 0
chr_12 14960001 14970000 0
chr_12 14970001 14980000 0
chr_12 14980001 14990000 0
chr_12 14990001 1.5e+07 0
chr_12 15000001 15010000 0
chr_12 15010001 15020000 0
chr_12 15020001 15030000 0
chr_12 15030001 15040000 0
chr_12 15040001 15050000 0
chr_12 15050001 15060000 0
chr_12 15060001 15070000 0
chr_12 15070001 15080000 0
chr_12 15080001 15090000 0
chr_12 15090001 15100000 0
chr_12 15100001 15110000 0
chr_12 15110001 15120000 0
chr_12 15120001 15130000 0
chr_12 15130001 15140000 0
chr_12 15140001 15150000 0
chr_12 15150001 15160000 0
chr_12 15160001 15170000 0
chr_12 15170001 15180000 0
chr_12 15180001 15190000 0
chr_12 15190001 15200000 0
chr_12 15200001 15210000 0
chr_12 15210001 15220000 0
chr_12 15220001 15230000 0
chr_12 15230001 15240000 0
chr_12 15240001 15250000 0
chr_12 15250001 15260000 0.867999949876571
chr_12 15260001 15270000 0.682997513642675
chr_12 15270001 15280000 0.893288134591808
chr_12 15280001 15290000 0.789188468536295
chr_12 15290001 15300000 0.694387102101482
chr_12 15300001 15310000 0.71432000698324
chr_12 15310001 15320000 0.576718671268171
chr_12 15320001 15330000 0.618023787740165
chr_12 15330001 15340000 0.633662996076265
chr_12 15340001 15350000 0.67534262485482
chr_12 15350001 15360000 0.535921801234717
chr_12 15360001 15370000 0.69817556643692
chr_12 15370001 15380000 0.708873497898538
chr_12 15380001 15390000 0.6897277197446
chr_12 15390001 15400000 0.624357693801676
chr_12 15400001 15410000 0.810173722044728
chr_12 15410001 15420000 0.766429702143363
chr_12 15420001 15430000 0.581445418958426
chr_12 15430001 15440000 0.628936549578095
chr_12 15440001 15450000 0.606828693850912
chr_12 15450001 15460000 0.648612392051648
chr_12 15460001 15470000 0.489080845642668
chr_12 15470001 15480000 0.65175720495231
chr_12 15480001 15490000 0.577069989968362
chr_12 15490001 15500000 0.542042885327112
chr_12 15500001 15510000 0.604858685140229
chr_12 15510001 15520000 0.627795236143371
chr_12 15520001 15530000 0.502352909540712
chr_12 15530001 15540000 0.629517060056142
chr_12 15540001 15550000 0.647560716561637
chr_12 15550001 15560000 0.612891752097544
chr_12 15560001 15570000 0.568002316265117
chr_12 15570001 15580000 0.593177460082398
chr_12 15580001 15590000 0.550767165324127
chr_12 15590001 15600000 0.485064667200505
chr_12 15600001 15610000 0.677598214695489
chr_12 15610001 15620000 0.547362577658092
chr_12 15620001 15630000 0.521001468685018
chr_12 15630001 15640000 0.643900831704768
chr_12 15640001 15650000 0.659933395471669
chr_12 15650001 15660000 0.532313048963944
chr_12 15660001 15670000 0.58127478582024
chr_12 15670001 15680000 0.42998966637142
chr_12 15680001 15690000 0.572959063292633
chr_12 15690001 15700000 0.676328969193359
chr_12 15700001 15710000 0.551221874534347
chr_12 15710001 15720000 0.498212077216755
chr_12 15720001 15730000 0.5225003082234
chr_12 15730001 15740000 0.453262622503412
chr_12 15740001 15750000 0.572794035984007
chr_12 15750001 15760000 0.688390673040239
chr_12 15760001 15770000 0.55963099743621
chr_12 15770001 15780000 0.44808982426977
chr_12 15780001 15790000 0.608965472625781
chr_12 15790001 15800000 0.50481107286925
chr_12 15800001 15810000 0.376805540083918
chr_12 15810001 15820000 0.60420901707765
chr_12 15820001 15830000 0.547246278158051
chr_12 15830001 15840000 0.623563682898902
chr_12 15840001 15850000 0.51035864978903
chr_12 15850001 15860000 0.517651136993899
chr_12 15860001 15870000 0.520652715495765
chr_12 15870001 15880000 0.573812724014337
chr_12 15880001 15890000 0
chr_12 15890001 15900000 0
chr_12 15900001 15910000 0.04375
chr_12 15910001 15920000 0
chr_12 15920001 15930000 0
chr_12 15930001 15940000 0
chr_12 15940001 15950000 0.0407407407407409
chr_12 15950001 15960000 0.290774719673802
chr_12 15960001 15970000 0.572741596638655
chr_12 15970001 15980000 0.763826232247285
chr_12 15980001 15990000 0.275
chr_12 15990001 1.6e+07 0.486999889478338
chr_12 16000001 16010000 0.598831955678014
chr_12 16010001 16020000 0.446025789655663
chr_12 16020001 16030000 0.467971944991842
chr_12 16030001 16040000 0.445337369258754
chr_12 16040001 16050000 0.592414835389266
chr_12 16050001 16060000 0.585431643847164
chr_12 16060001 16070000 0.555174081237911
chr_12 16070001 16080000 0.487348010982432
chr_12 16080001 16090000 0.493655078970252
chr_12 16090001 16100000 0.530755278773773
chr_12 16100001 16110000 0.414158420377497
chr_12 16110001 16120000 0.493702020647666
chr_12 16120001 16130000 0.49311716121138
chr_12 16130001 16140000 0.46719173917111
chr_12 16140001 16150000 0.434415523836179
chr_12 16150001 16160000 0.52616507320678
chr_12 16160001 16170000 0.525146682226328
chr_12 16170001 16180000 0.516674323243666
chr_12 16180001 16190000 0.497026415645067
chr_12 16190001 16200000 0.606243301178992
chr_12 16200001 16210000 0.531864907962163
chr_12 16210001 16220000 0.523817502159473
chr_12 16220001 16230000 0.413103693181818
chr_12 16230001 16240000 0.500335333568655
chr_12 16240001 16250000 0.549997950798676
chr_12 16250001 16260000 0.546173726676752
chr_12 16260001 16270000 0.578821765563533
chr_12 16270001 16280000 0.666349650842293
chr_12 16280001 16290000 0.623662345220006
chr_12 16290001 16300000 0.525437774735173
chr_12 16300001 16310000 0.507666524033662
chr_12 16310001 16320000 0.532493081458308
chr_12 16320001 16330000 0.520538438216512
chr_12 16330001 16340000 0.470826299614769
chr_12 16340001 16350000 0.602924724308774
chr_12 16350001 16360000 0.539642195135651
chr_12 16360001 16370000 0.556565344058576
chr_12 16370001 16380000 0.593348796808033
chr_12 16380001 16390000 0.572390427173486
chr_12 16390001 16400000 0.538152779650353
chr_12 16400001 16410000 0.540730069355856
chr_12 16410001 16420000 0.493849115708412
chr_12 16420001 16430000 0.547443228721089
chr_12 16430001 16440000 0.664074009247509
chr_12 16440001 16450000 0.489268863400974
chr_12 16450001 16460000 0.492405927081302
chr_12 16460001 16470000 0.370800241062397
chr_12 16470001 16480000 0.485991859946476
chr_12 16480001 16490000 0.597560115647698
chr_12 16490001 16500000 0.525918193247126
chr_12 16500001 16510000 0.511288164554922
chr_12 16510001 16520000 0.588572186452531
chr_12 16520001 16530000 0.520929035323935
chr_12 16530001 16540000 0.555961712390714
chr_12 16540001 16550000 0.469240719571626
chr_12 16550001 16560000 0.49171249962432
chr_12 16560001 16570000 0.653455497905607
chr_12 16570001 16580000 0.592770695565445
chr_12 16580001 16590000 0.557992093083055
chr_12 16590001 16600000 0.580848428316383
chr_12 16600001 16610000 0.539844422376696
chr_12 16610001 16620000 0.546178415080854
chr_12 16620001 16630000 0.515525288122678
chr_12 16630001 16640000 0.56343476531424
chr_12 16640001 16650000 0.51764267373478
chr_12 16650001 16660000 0.554415075608502
chr_12 16660001 16670000 0.616528636416657
chr_12 16670001 16680000 0.541332543996556
chr_12 16680001 16690000 0.294617356279751
chr_12 16690001 16700000 0.413347664258275
chr_12 16700001 16710000 0.489078039374873
chr_12 16710001 16720000 0.394785271388864
chr_12 16720001 16730000 0.621677777051609
chr_12 16730001 16740000 0.704250953548563
chr_12 16740001 16750000 0.533819158090002
chr_12 16750001 16760000 0.528535303451012
chr_12 16760001 16770000 0.637016884951207
chr_12 16770001 16780000 0.632589373450744
chr_12 16780001 16790000 0.605653046662433
chr_12 16790001 16800000 0.604589354012857
chr_12 16800001 16810000 0.648596794993191
chr_12 16810001 16820000 0.634884148584038
chr_12 16820001 16830000 0.480642862645405
chr_12 16830001 16840000 0.470032437002338
chr_12 16840001 16850000 0.505116852953985
chr_12 16850001 16860000 0.56487393511746
chr_12 16860001 16870000 0.508723459286604
chr_12 16870001 16880000 0.589538517363142
chr_12 16880001 16890000 0.706385142441687
chr_12 16890001 16900000 0.705122225411405
chr_12 16900001 16910000 0.64746653163275
chr_12 16910001 16920000 0.523235964318767
chr_12 16920001 16930000 0.572537098032717
chr_12 16930001 16940000 0.599181740803525
chr_12 16940001 16950000 0.655075808842485
chr_12 16950001 16960000 0.672976219072784
chr_12 16960001 16970000 0.568772610366853
chr_12 16970001 16980000 0.720009421448672
chr_12 16980001 16990000 0.81631990989833
chr_12 16990001 1.7e+07 0.742767497542257
chr_12 17000001 17010000 0.863783716599223
chr_12 17010001 17020000 0.634661909824447
chr_12 17020001 17030000 0.729651570386988
chr_12 17030001 17040000 0.829540655750767
chr_12 17040001 17050000 0.815001430615165
chr_12 17050001 17060000 0.64602257228587
chr_12 17060001 17070000 0.594562855968528
chr_12 17070001 17080000 0.662703509613189
chr_12 17080001 17090000 0.632755859408635
chr_12 17090001 17100000 0.745579096309317
chr_12 17100001 17110000 0.833767667703978
chr_12 17110001 17120000 0.826775326528372
chr_12 17120001 17130000 0
chr_12 17130001 17140000 0
chr_12 17140001 17150000 0
chr_12 17150001 17160000 0
chr_12 17160001 17170000 0
chr_12 17170001 17180000 0
chr_12 17180001 17190000 0
chr_12 17190001 17200000 0
chr_12 17200001 17210000 0
chr_12 17210001 17220000 0
chr_12 17220001 17230000 0
chr_12 17230001 17240000 0
chr_12 17240001 17250000 0
chr_12 17250001 17260000 0
chr_12 17260001 17270000 0
chr_12 17270001 17280000 0
chr_12 17280001 17290000 0
chr_12 17290001 17300000 0
chr_12 17300001 17310000 0
chr_12 17310001 17320000 0
chr_12 17320001 17330000 0
chr_12 17330001 17340000 0
chr_12 17340001 17350000 0
chr_12 17350001 17360000 0
chr_12 17360001 17370000 0
chr_12 17370001 17380000 0.209523809523809
chr_12 17380001 17390000 0
chr_12 17390001 17400000 0
chr_12 17400001 17410000 0
chr_12 17410001 17420000 0.84619441817983
chr_12 17420001 17430000 0.768860645021773
chr_12 17430001 17440000 0.788040902140673
chr_12 17440001 17450000 0.653962925622107
chr_12 17450001 17460000 0.756719110201068
chr_12 17460001 17470000 0.610613501497479
chr_12 17470001 17480000 0.631186922982995
chr_12 17480001 17490000 0.570140751326273
chr_12 17490001 17500000 0.551829870329333
chr_12 17500001 17510000 0.648381813568314
chr_12 17510001 17520000 0.571707208842632
chr_12 17520001 17530000 0.489916821903565
chr_12 17530001 17540000 0.526323890483714
chr_12 17540001 17550000 0.55587304169802
chr_12 17550001 17560000 0.435284214695979
chr_12 17560001 17570000 0.453650414677055
chr_12 17570001 17580000 0.456530690549052
chr_12 17580001 17590000 0.455309192550485
chr_12 17590001 17600000 0.504348505925614
chr_12 17600001 17610000 0.501152520988014
chr_12 17610001 17620000 0.485585706010783
chr_12 17620001 17630000 0.491125609063462
chr_12 17630001 17640000 0.48086809779836
chr_12 17640001 17650000 0.494543511654311
chr_12 17650001 17660000 0.500859144219239
chr_12 17660001 17670000 0.528790698288263
chr_12 17670001 17680000 0.452100084638172
chr_12 17680001 17690000 0.564727215389467
chr_12 17690001 17700000 0.644438698479499
chr_12 17700001 17710000 0.558751658172171
chr_12 17710001 17720000 0.541414326166186
chr_12 17720001 17730000 0.420870099154007
chr_12 17730001 17740000 0.526702187925834
chr_12 17740001 17750000 0.472425707518375
chr_12 17750001 17760000 0.421732399898339
chr_12 17760001 17770000 0.384895984988191
chr_12 17770001 17780000 0.523425594646525
chr_12 17780001 17790000 0.555213148433487
chr_12 17790001 17800000 0.472886016960633
chr_12 17800001 17810000 0.563523325072823
chr_12 17810001 17820000 0.525239616613419
chr_12 17820001 17830000 0.416920911971998
chr_12 17830001 17840000 0.485413237809404
chr_12 17840001 17850000 0.50023012992478
chr_12 17850001 17860000 0.477983939213886
chr_12 17860001 17870000 0.47283630179898
chr_12 17870001 17880000 0.510785684690284
chr_12 17880001 17890000 0.575264862256058
chr_12 17890001 17900000 0.568541738389897
chr_12 17900001 17910000 0.513087860346528
chr_12 17910001 17920000 0.570544235233428
chr_12 17920001 17930000 0.46141447436615
chr_12 17930001 17940000 0.461916863584348
chr_12 17940001 17950000 0.543049027739379
chr_12 17950001 17960000 0.445370902817711
chr_12 17960001 17970000 0.525307158119658
chr_12 17970001 17980000 0.594635428930225
chr_12 17980001 17990000 0.51194657132612
chr_12 17990001 1.8e+07 0.625414259584563
chr_12 18000001 18010000 0.538826384292963
chr_12 18010001 18020000 0.498421911565464
chr_12 18020001 18030000 0.440404683402431
chr_12 18030001 18040000 0.470696817420435
chr_12 18040001 18050000 0.471855628874225
chr_12 18050001 18060000 0.478623305069586
chr_12 18060001 18070000 0.534281155485699
chr_12 18070001 18080000 0.472797288971041
chr_12 18080001 18090000 0.457901229096496
chr_12 18090001 18100000 0.581255389479736
chr_12 18100001 18110000 0.495293550515045
chr_12 18110001 18120000 0.472672469858422
chr_12 18120001 18130000 0.573711917562724
chr_12 18130001 18140000 0.57787024764057
chr_12 18140001 18150000 0.486388474913065
chr_12 18150001 18160000 0.55367546598141
chr_12 18160001 18170000 0.522240591116182
chr_12 18170001 18180000 0.566041151378284
chr_12 18180001 18190000 0.533946083047677
chr_12 18190001 18200000 0.565397173431207
chr_12 18200001 18210000 0.532838595506096
chr_12 18210001 18220000 0.55190598944317
chr_12 18220001 18230000 0.456793021775649
chr_12 18230001 18240000 0.412052873338546
chr_12 18240001 18250000 0.580714212028472
chr_12 18250001 18260000 0.538255139486249
chr_12 18260001 18270000 0.449200813079465
chr_12 18270001 18280000 0.373781727362491
chr_12 18280001 18290000 0.48191384413022
chr_12 18290001 18300000 0.512891617714452
chr_12 18300001 18310000 0.525894777544165
chr_12 18310001 18320000 0.533290005777008
chr_12 18320001 18330000 0.497482131254061
chr_12 18330001 18340000 0.488226999414676
chr_12 18340001 18350000 0.542129313731572
chr_12 18350001 18360000 0.481944880698938
chr_12 18360001 18370000 0.460893934832781
chr_12 18370001 18380000 0.507154741252498
chr_12 18380001 18390000 0.522172485825127
chr_12 18390001 18400000 0.564282184334075
chr_12 18400001 18410000 0.548017060958487
chr_12 18410001 18420000 0.558547459814619
chr_12 18420001 18430000 0.507255907464484
chr_12 18430001 18440000 0.476405736849099
chr_12 18440001 18450000 0.527876250069393
chr_12 18450001 18460000 0.630642255212928
chr_12 18460001 18470000 0.515206003579815
chr_12 18470001 18480000 0.554951806079114
chr_12 18480001 18490000 0.575519687234105
chr_12 18490001 18500000 0.588235729566872
chr_12 18500001 18510000 0.636728115721113
chr_12 18510001 18520000 0.567793876508696
chr_12 18520001 18530000 0.496894002211166
chr_12 18530001 18540000 0.38027091490032
chr_12 18540001 18550000 0.474489019352033
chr_12 18550001 18560000 0.522146754036883
chr_12 18560001 18570000 0.534472393608606
chr_12 18570001 18580000 0.560193182472505
chr_12 18580001 18590000 0.49481021593352
chr_12 18590001 18600000 0.556597631540423
chr_12 18600001 18610000 0.549931546702262
chr_12 18610001 18620000 0.564355998114542
chr_12 18620001 18630000 0.54344565624949
chr_12 18630001 18640000 0.605306597626453
chr_12 18640001 18650000 0.544609281599826
chr_12 18650001 18660000 0.559575100282276
chr_12 18660001 18670000 0.45496405616316
chr_12 18670001 18680000 0.406612828515237
chr_12 18680001 18690000 0.359132555046549
chr_12 18690001 18700000 0.481983045511783
chr_12 18700001 18710000 0.478329035460478
chr_12 18710001 18720000 0.373957098909517
chr_12 18720001 18730000 0.316884339878968
chr_12 18730001 18740000 0.495460291581012
chr_12 18740001 18750000 0.557011208461599
chr_12 18750001 18760000 0.612746245367661
chr_12 18760001 18770000 0.490656716943896
chr_12 18770001 18780000 0.620316139665858
chr_12 18780001 18790000 0.666047109110338
chr_12 18790001 18800000 0.551916443417205
chr_12 18800001 18810000 0.615881307510879
chr_12 18810001 18820000 0.6232696438516
chr_12 18820001 18830000 0.679089293164841
chr_12 18830001 18840000 0.567155978938493
chr_12 18840001 18850000 0.531226449097284
chr_12 18850001 18860000 0.569689398393102
chr_12 18860001 18870000 0.565603403862211
chr_12 18870001 18880000 0.535931550106808
chr_12 18880001 18890000 0.563180065588167
chr_12 18890001 18900000 0.639977813735466
chr_12 18900001 18910000 0.46695833915514
chr_12 18910001 18920000 0.630477513748487
chr_12 18920001 18930000 0.618532831975489
chr_12 18930001 18940000 0.626589434845569
chr_12 18940001 18950000 0.698156062571368
chr_12 18950001 18960000 0.788724772771407
chr_12 18960001 18970000 0.759807662749962
chr_12 18970001 18980000 0.660683243310362
chr_12 18980001 18990000 0.736970822409943
chr_12 18990001 1.9e+07 0.726627903189029
chr_12 19000001 19010000 0.75882411727597
chr_12 19010001 19020000 0.746148663666167
chr_12 19020001 19030000 0.755667398184641
chr_12 19030001 19040000 0.791107011396616
chr_12 19040001 19050000 0.89231915679047
chr_12 19050001 19060000 0.54259925093633
chr_12 19060001 19070000 0.363794447442586
chr_12 19070001 19080000 0.82428059719463
chr_12 19080001 19090000 0.816591847728497
chr_12 19090001 19100000 0.767589034689116
chr_12 19100001 19110000 0.789701425897955
chr_12 19110001 19120000 0.694268653872113
chr_12 19120001 19130000 0.694291473461128
chr_12 19130001 19140000 0.736716200052709
chr_12 19140001 19150000 0.605930992606351
chr_12 19150001 19160000 0.68929713434876
chr_12 19160001 19170000 0.741281968506761
chr_12 19170001 19180000 0.634531872988423
chr_12 19180001 19190000 0.704444424146099
chr_12 19190001 19200000 0.677838533700418
chr_12 19200001 19210000 0.623041022110634
chr_12 19210001 19220000 0.632433726738065
chr_12 19220001 19230000 0.685525324655759
chr_12 19230001 19240000 0.721568534044715
chr_12 19240001 19250000 0.745643220566409
chr_12 19250001 19260000 0.621550422705314
chr_12 19260001 19270000 0.591565150966912
chr_12 19270001 19280000 0.514304993252362
chr_12 19280001 19290000 0.658548369212248
chr_12 19290001 19300000 0.64238369857747
chr_12 19300001 19310000 0.687310313855871
chr_12 19310001 19320000 0.650733988567763
chr_12 19320001 19330000 0.605363920267766
chr_12 19330001 19340000 0.611460342260088
chr_12 19340001 19350000 0.591844425158727
chr_12 19350001 19360000 0.564035196175404
chr_12 19360001 19370000 0.613248666946921
chr_12 19370001 19380000 0.498575578671165
chr_12 19380001 19390000 0.559503504672897
chr_12 19390001 19400000 0.568131272413889
chr_12 19400001 19410000 0.633101723947397
chr_12 19410001 19420000 0.591356295388412
chr_12 19420001 19430000 0.668916978673117
chr_12 19430001 19440000 0.706572932939883
chr_12 19440001 19450000 0.60994663241115
chr_12 19450001 19460000 0.61698636577339
chr_12 19460001 19470000 0.60444573266254
chr_12 19470001 19480000 0.60968813764109
chr_12 19480001 19490000 0.57242357632144
chr_12 19490001 19500000 0.570488960813779
chr_12 19500001 19510000 0.601301325345466
chr_12 19510001 19520000 0.511474056150862
chr_12 19520001 19530000 0.51761330020116
chr_12 19530001 19540000 0.568369833500669
chr_12 19540001 19550000 0.363987446316485
chr_12 19550001 19560000 0.518793525731822
chr_12 19560001 19570000 0.630310269197994
chr_12 19570001 19580000 0.596374407293347
chr_12 19580001 19590000 0.571669347721662
chr_12 19590001 19600000 0.53560936968834
chr_12 19600001 19610000 0.471452188028047
chr_12 19610001 19620000 0.55644829868004
chr_12 19620001 19630000 0.539413453332299
chr_12 19630001 19640000 0.598264295948938
chr_12 19640001 19650000 0.528578058288472
chr_12 19650001 19660000 0.632098604973572
chr_12 19660001 19670000 0.674321524544093
chr_12 19670001 19680000 0.524936934876125
chr_12 19680001 19690000 0.569474014963134
chr_12 19690001 19700000 0.60767994135621
chr_12 19700001 19710000 0.612093546087624
chr_12 19710001 19720000 0.576708706265256
chr_12 19720001 19730000 0.592933658729435
chr_12 19730001 19740000 0.551959673676178
chr_12 19740001 19750000 0.627678008821676
chr_12 19750001 19760000 0.508550109283744
chr_12 19760001 19770000 0.536916412642387
chr_12 19770001 19780000 0.534281968224587
chr_12 19780001 19790000 0.487575505997538
chr_12 19790001 19800000 0.545535590638416
chr_12 19800001 19810000 0.546688058822022
chr_12 19810001 19820000 0.558395604259764
chr_12 19820001 19830000 0.611087822002569
chr_12 19830001 19840000 0.631074219524773
chr_12 19840001 19850000 0.584873677545125
chr_12 19850001 19860000 0.652926787400223
chr_12 19860001 19870000 0.562992099580164
chr_12 19870001 19880000 0.572191328721913
chr_12 19880001 19890000 0.634773219434574
chr_12 19890001 19900000 0.563680387409201
chr_12 19900001 19910000 0.601902373199566
chr_12 19910001 19920000 0.575402401635156
chr_12 19920001 19930000 0.612396414980261
chr_12 19930001 19940000 0.496364653243848
chr_12 19940001 19950000 0.580474393107089
chr_12 19950001 19960000 0.707999291670691
chr_12 19960001 19970000 0.606591503629196
chr_12 19970001 19980000 0.606001735763402
chr_12 19980001 19990000 0.574029872337348
chr_12 19990001 2e+07 0.583358797138353
chr_12 20000001 20010000 0.621143678975834
chr_12 20010001 20020000 0.601282960162265
chr_12 20020001 20030000 0.579004076425193
chr_12 20030001 20040000 0.599591023423492
chr_12 20040001 20050000 0.583089892329522
chr_12 20050001 20060000 0.675285156233921
chr_12 20060001 20070000 0.637851686230669
chr_12 20070001 20080000 0.745670995670996
chr_12 20080001 20090000 0.70760522940422
chr_12 20090001 20100000 0.729507894857985
chr_12 20100001 20110000 0.619928735269913
chr_12 20110001 20120000 0.690346948379663
chr_12 20120001 20130000 0.602338147822653
chr_12 20130001 20140000 0.607812204202688
chr_12 20140001 20150000 0.647665653963004
chr_12 20150001 20160000 0.583854518185227
chr_12 20160001 20170000 0.549184052881636
chr_12 20170001 20180000 0.550130094899583
chr_12 20180001 20190000 0.567329073442516
chr_12 20190001 20200000 0.581563260851314
chr_12 20200001 20210000 0.640659327058154
chr_12 20210001 20220000 0.648400703755915
chr_12 20220001 20230000 0.655788685035023
chr_12 20230001 20240000 0.667971683941715
chr_12 20240001 20250000 0.567058805762783
chr_12 20250001 20260000 0.630843913368185
chr_12 20260001 20270000 0.633785879765972
chr_12 20270001 20280000 0.551626638921804
chr_12 20280001 20290000 0.571515777089646
chr_12 20290001 20300000 0.578860869745547
chr_12 20300001 20310000 0.579135674408406
chr_12 20310001 20320000 0.60492007974034
chr_12 20320001 20330000 0.559954855886098
chr_12 20330001 20340000 0.641741606349361
chr_12 20340001 20350000 0.581971131875163
chr_12 20350001 20360000 0.591562830327685
chr_12 20360001 20370000 0.602465794617351
chr_12 20370001 20380000 0.567452746864512
chr_12 20380001 20390000 0.472096317280453
chr_12 20390001 20400000 0.0534077149282132
chr_12 20400001 20410000 0.325301204819277
chr_12 20410001 20420000 0.543125810635538
chr_12 20420001 20430000 0.564516497577918
chr_12 20430001 20440000 0.553784057374237
chr_12 20440001 20450000 0.616142634193835
chr_12 20450001 20460000 0.60970367750366
chr_12 20460001 20470000 0.61959124337267
chr_12 20470001 20480000 0.5646808095488
chr_12 20480001 20490000 0.651041075361595
chr_12 20490001 20500000 0.597190045587026
chr_12 20500001 20510000 0.513425328862523
chr_12 20510001 20520000 0.607968382748563
chr_12 20520001 20530000 0.611307033058683
chr_12 20530001 20540000 0.59854813514516
chr_12 20540001 20550000 0.620516444478399
chr_12 20550001 20560000 0.59264043755477
chr_12 20560001 20570000 0.630531237505296
chr_12 20570001 20580000 0.65494364090609
chr_12 20580001 20590000 0.643511385036809
chr_12 20590001 20600000 0.665756076987961
chr_12 20600001 20610000 0.658983425140192
chr_12 20610001 20620000 0.555814452287174
chr_12 20620001 20630000 0.608467135411201
chr_12 20630001 20640000 0.83730996853893
chr_12 20640001 20650000 0.609764014324644
chr_12 20650001 20660000 0.646557982619093
chr_12 20660001 20670000 0.61416995636817
chr_12 20670001 20680000 0.627988191497597
chr_12 20680001 20690000 0.59824688339446
chr_12 20690001 20700000 0.662928519328957
chr_12 20700001 20710000 0.599033143010081
chr_12 20710001 20720000 0.657715068009186
chr_12 20720001 20730000 0.703939482726474
chr_12 20730001 20740000 0.626721994607277
chr_12 20740001 20750000 0.566922416606365
chr_12 20750001 20760000 0.563159591821251
chr_12 20760001 20770000 0.60573832245103
chr_12 20770001 20780000 0.613709343277398
chr_12 20780001 20790000 0.631992556541655
chr_12 20790001 20800000 0.612462093271043
chr_12 20800001 20810000 0.617879678822579
chr_12 20810001 20820000 0.65332466272114
chr_12 20820001 20830000 0.58125239581622
chr_12 20830001 20840000 0.476627913177964
chr_12 20840001 20850000 0.54712677037381
chr_12 20850001 20860000 0.484850263320578
chr_12 20860001 20870000 0.526388785694826
chr_12 20870001 20880000 0.558847514789628
chr_12 20880001 20890000 0.499948808518263
chr_12 20890001 20900000 0.534332826981926
chr_12 20900001 20910000 0.54739788734744
chr_12 20910001 20920000 0.526931181490242
chr_12 20920001 20930000 0.428285502866262
chr_12 20930001 20940000 0.527638971511666
chr_12 20940001 20950000 0.567462862028428
chr_12 20950001 20960000 0.449001115753296
chr_12 20960001 20970000 0.594572865751709
chr_12 20970001 20980000 0.512666868294814
chr_12 20980001 20990000 0.504071824981903
chr_12 20990001 2.1e+07 0.358651815695642
chr_12 21000001 21010000 0.493324061196106
chr_12 21010001 21020000 0.501115188712076
chr_12 21020001 21030000 0.517344033134869
chr_12 21030001 21040000 0.567565876506132
chr_12 21040001 21050000 0.562051900814885
chr_12 21050001 21060000 0.516813153961136
chr_12 21060001 21070000 0.426676108213211
chr_12 21070001 21080000 0.555051350747935
chr_12 21080001 21090000 0.420197846230904
chr_12 21090001 21100000 0.457465368950507
chr_12 21100001 21110000 0.406303605097889
chr_12 21110001 21120000 0.548417824007925
chr_12 21120001 21130000 0.508813228929197
chr_12 21130001 21140000 0.524273971254184
chr_12 21140001 21150000 0.465438560743061
chr_12 21150001 21160000 0.587880319542384
chr_12 21160001 21170000 0.567606336534863
chr_12 21170001 21180000 0.559330642358791
chr_12 21180001 21190000 0.543547708080533
chr_12 21190001 21200000 0.49876284458417
chr_12 21200001 21210000 0.510616432391005
chr_12 21210001 21220000 0.596750850552765
chr_12 21220001 21230000 0.473303531612665
chr_12 21230001 21240000 0.572256044846069
chr_12 21240001 21250000 0.513239636657164
chr_12 21250001 21260000 0.52643876878971
chr_12 21260001 21270000 0.581238279020466
chr_12 21270001 21280000 0.552304200425214
chr_12 21280001 21290000 0.51901626298022
chr_12 21290001 21300000 0.490487643297425
chr_12 21300001 21310000 0.461353827690461
chr_12 21310001 21320000 0.602069316602688
chr_12 21320001 21330000 0.576599301837579
chr_12 21330001 21340000 0.453154412449912
chr_12 21340001 21350000 0.504399104411718
chr_12 21350001 21360000 0.539588714484403
chr_12 21360001 21370000 0.549338891989953
chr_12 21370001 21380000 0.62921289749447
chr_12 21380001 21390000 0.506019519224471
chr_12 21390001 21400000 0.397842414311075
chr_12 21400001 21410000 0.614154835578206
chr_12 21410001 21420000 0.577480099502488
chr_12 21420001 21430000 0.639727524840071
chr_12 21430001 21440000 0.618218420410487
chr_12 21440001 21450000 0.649147373661937
chr_12 21450001 21460000 0.644778958415322
chr_12 21460001 21470000 0.742355185307101
chr_12 21470001 21480000 0.592468749474251
chr_12 21480001 21490000 0.718737219428874
chr_12 21490001 21500000 0.655831950004882
chr_12 21500001 21510000 0.669630102040816
chr_12 21510001 21520000 0.670356755341041
chr_12 21520001 21530000 0.646768559718456
chr_12 21530001 21540000 0.615436209741563
chr_12 21540001 21550000 0.611820444209529
chr_12 21550001 21560000 0.713111249958894
chr_12 21560001 21570000 0.620045599254841
chr_12 21570001 21580000 0.752992154448906
chr_12 21580001 21590000 0.807212984956453
chr_12 21590001 21600000 0.748140424052833
chr_12 21600001 21610000 0.615966491622906
chr_12 21610001 21620000 0.696833547282841
chr_12 21620001 21630000 0.703880585833614
chr_12 21630001 21640000 0.744382718598984
chr_12 21640001 21650000 0.768019826441432
chr_12 21650001 21660000 0.760334998401094
chr_12 21660001 21670000 0.732540623999699
chr_12 21670001 21680000 0.784359976636564
chr_12 21680001 21690000 0.680449382985694
chr_12 21690001 21700000 0.716227964259841
chr_12 21700001 21710000 0.739082270033634
chr_12 21710001 21720000 0.761786362367392
chr_12 21720001 21730000 0.667636564438026
chr_12 21730001 21740000 0.653995879144078
chr_12 21740001 21750000 0.766319018404908
chr_12 21750001 21760000 0.693339043889705
chr_12 21760001 21770000 0.779110096638406
chr_12 21770001 21780000 0.720415751225283
chr_12 21780001 21790000 0.745483739611676
chr_12 21790001 21800000 0.844648737650933
chr_12 21800001 21810000 0.746280112654265
chr_12 21810001 21820000 0.782201480824978
chr_12 21820001 21830000 0.791119666004352
chr_12 21830001 21840000 0.75476557978005
chr_12 21840001 21850000 0.784031316348195
chr_12 21850001 21860000 0.743266184651297
chr_12 21860001 21870000 0.814339452700734
chr_12 21870001 21880000 0.671373279816514
chr_12 21880001 21890000 0.703671237451214
chr_12 21890001 21900000 0.792619650626664
chr_12 21900001 21910000 0.727363946312201
chr_12 21910001 21920000 0.783750597644195
chr_12 21920001 21930000 0.796764933425628
chr_12 21930001 21940000 0.847551605011126
chr_12 21940001 21950000 0.608437540414441
chr_12 21950001 21960000 0.776088365988266
chr_12 21960001 21970000 0.841273446520167
chr_12 21970001 21980000 0.576967244185787
chr_12 21980001 21990000 0.741348005166825
chr_12 21990001 2.2e+07 0.799557665541764
chr_12 22000001 22010000 0.845823227826728
chr_12 22010001 22020000 0.767667025963957
chr_12 22020001 22030000 0.688844260171029
chr_12 22030001 22040000 0.120646010530579
chr_12 22040001 22050000 0.7680265508532
chr_12 22050001 22060000 0.818130762390602
chr_12 22060001 22070000 0.852249843612089
chr_12 22070001 22080000 0.824896704885859
chr_12 22080001 22090000 0.860014902881501
chr_12 22090001 22100000 0.837192137065932
chr_12 22100001 22110000 0.863800165412942
chr_12 22110001 22120000 0.872863819615398
chr_12 22120001 22130000 0.865138672020225
chr_12 22130001 22140000 0.883589342530948
chr_12 22140001 22150000 0.904793148210859
chr_12 22150001 22160000 0.894370352547577
chr_12 22160001 22170000 0.433144631660278
chr_12 22170001 22180000 0.788006410571705
chr_12 22180001 22190000 0.87229727896693
chr_12 22190001 22200000 0.721243907239531
chr_12 22200001 22210000 0.86846556296137
chr_12 22210001 22220000 0.853377607460873
chr_12 22220001 22230000 0.753979483551468
chr_12 22230001 22240000 0.882638964627186
