chr start stop chr_12.AA/chr_12.BB
chr_12 1 10000 0.00338396694214876
chr_12 10001 20000 0.00379504132231405
chr_12 20001 30000 0.0016003305785124
chr_12 30001 40000 0.00174611570247934
chr_12 40001 50000 0.00142082644628099
chr_12 50001 60000 0.00158446280991736
chr_12 60001 70000 0.00186876033057851
chr_12 70001 80000 0.00152132231404959
chr_12 80001 90000 0.00149140495867769
chr_12 90001 1e+05 0.00133074380165289
chr_12 100001 110000 0.00145272727272727
chr_12 110001 120000 0.00112264462809917
chr_12 120001 130000 0.0013801652892562
chr_12 130001 140000 0.00139388429752066
chr_12 140001 150000 0.00119570247933884
chr_12 150001 160000 0.00197669421487603
chr_12 160001 170000 0.0026295867768595
chr_12 170001 180000 0.0031497520661157
chr_12 180001 190000 0.00149685950413223
chr_12 190001 2e+05 0.00216611570247934
chr_12 200001 210000 0.00204231404958678
chr_12 210001 220000 0.00192115702479339
chr_12 220001 230000 0.00160280991735537
chr_12 230001 240000 0.00259702479338843
chr_12 240001 250000 0.00310561983471074
chr_12 250001 260000 0.00357223140495868
chr_12 260001 270000 0.00297553719008264
chr_12 270001 280000 0.00234165289256198
chr_12 280001 290000 0.00230198347107438
chr_12 290001 3e+05 0.00327123966942149
chr_12 300001 310000 0.00264528925619835
chr_12 310001 320000 0.00354661157024793
chr_12 320001 330000 0.00234909090909091
chr_12 330001 340000 0.0028304132231405
chr_12 340001 350000 0.00379471074380165
chr_12 350001 360000 0.0044295867768595
chr_12 360001 370000 0.00489239669421488
chr_12 370001 380000 0.00578545454545455
chr_12 380001 390000 0.00601652892561984
chr_12 390001 4e+05 0.00607520661157025
chr_12 400001 410000 0.00443438016528926
chr_12 410001 420000 0.00496165289256198
chr_12 420001 430000 0.00560842975206612
chr_12 430001 440000 0.00470330578512397
chr_12 440001 450000 0.00470148760330579
chr_12 450001 460000 0.00215702479338843
chr_12 460001 470000 0.0051398347107438
chr_12 470001 480000 0.00585504132231405
chr_12 480001 490000 0.0053495867768595
chr_12 490001 5e+05 0.0061603305785124
chr_12 500001 510000 0.00771107438016529
chr_12 510001 520000 0.00479818181818182
chr_12 520001 530000 0.00541900826446281
chr_12 530001 540000 0.00492347107438016
chr_12 540001 550000 0.00467520661157025
chr_12 550001 560000 0.00617900826446281
chr_12 560001 570000 0.00473669421487603
chr_12 570001 580000 0.00402446280991736
chr_12 580001 590000 0.00421917355371901
chr_12 590001 6e+05 0.00267074380165289
chr_12 600001 610000 0.00476132231404959
chr_12 610001 620000 0.00485123966942149
chr_12 620001 630000 0.00472909090909091
chr_12 630001 640000 0.00702628099173554
chr_12 640001 650000 0.00478165289256198
chr_12 650001 660000 0.0044603305785124
chr_12 660001 670000 0.0057401652892562
chr_12 670001 680000 0.0052996694214876
chr_12 680001 690000 0.00327487603305785
chr_12 690001 7e+05 0.00453074380165289
chr_12 700001 710000 0.00477669421487603
chr_12 710001 720000 0.00243140495867769
chr_12 720001 730000 0.00347239669421488
chr_12 730001 740000 0.00584743801652893
chr_12 740001 750000 0.00369272727272727
chr_12 750001 760000 0.00473421487603306
chr_12 760001 770000 0.00393917355371901
chr_12 770001 780000 0.00286495867768595
chr_12 780001 790000 0.00479190082644628
chr_12 790001 8e+05 0.00577603305785124
chr_12 800001 810000 0.00640066115702479
chr_12 810001 820000 0.00473801652892562
chr_12 820001 830000 0.00458842975206612
chr_12 830001 840000 0.0064998347107438
chr_12 840001 850000 0.00560661157024793
chr_12 850001 860000 0.00363603305785124
chr_12 860001 870000 0.00517504132231405
chr_12 870001 880000 0.00380132231404959
chr_12 880001 890000 0.000478677685950413
chr_12 890001 9e+05 0.000277355371900826
chr_12 900001 910000 0.00022396694214876
chr_12 910001 920000 0
chr_12 920001 930000 0.000354214876033058
chr_12 930001 940000 0.00026099173553719
chr_12 940001 950000 0.00569652892561983
chr_12 950001 960000 0.00577752066115702
chr_12 960001 970000 0.0045604958677686
chr_12 970001 980000 0.00524066115702479
chr_12 980001 990000 0.00362115702479339
chr_12 990001 1e+06 0.00492099173553719
chr_12 1000001 1010000 0.00386
chr_12 1010001 1020000 0.00647322314049587
chr_12 1020001 1030000 0.00512545454545455
chr_12 1030001 1040000 0.00539388429752066
chr_12 1040001 1050000 0.00407685950413223
chr_12 1050001 1060000 0.00442429752066116
chr_12 1060001 1070000 0.0021804958677686
chr_12 1070001 1080000 0.00354892561983471
chr_12 1080001 1090000 0.00692710743801653
chr_12 1090001 1100000 0.00572347107438017
chr_12 1100001 1110000 0.00659173553719008
chr_12 1110001 1120000 0.00705702479338843
chr_12 1120001 1130000 0.00645487603305785
chr_12 1130001 1140000 0.00509206611570248
chr_12 1140001 1150000 0.00410231404958678
chr_12 1150001 1160000 0.00346066115702479
chr_12 1160001 1170000 0.00344462809917355
chr_12 1170001 1180000 0.00460628099173554
chr_12 1180001 1190000 0.00654479338842975
chr_12 1190001 1200000 0.00459669421487603
chr_12 1200001 1210000 0.00570479338842975
chr_12 1210001 1220000 0.00487157024793388
chr_12 1220001 1230000 0.00303537190082645
chr_12 1230001 1240000 0.00540231404958678
chr_12 1240001 1250000 0.00381603305785124
chr_12 1250001 1260000 0.00440528925619835
chr_12 1260001 1270000 0.0051697520661157
chr_12 1270001 1280000 0.00625190082644628
chr_12 1280001 1290000 0.00491818181818182
chr_12 1290001 1300000 0.00536165289256198
chr_12 1300001 1310000 0.00597867768595041
chr_12 1310001 1320000 0.0049097520661157
chr_12 1320001 1330000 0.00476247933884298
chr_12 1330001 1340000 0.00577140495867769
chr_12 1340001 1350000 0.00567719008264463
chr_12 1350001 1360000 0.00225107438016529
chr_12 1360001 1370000 0.00447404958677686
chr_12 1370001 1380000 0.00628528925619835
chr_12 1380001 1390000 0.00450611570247934
chr_12 1390001 1400000 0.0057396694214876
chr_12 1400001 1410000 0.00439933884297521
chr_12 1410001 1420000 0.00393537190082645
chr_12 1420001 1430000 0.00400677685950413
chr_12 1430001 1440000 0.00240925619834711
chr_12 1440001 1450000 0.00406165289256198
chr_12 1450001 1460000 0.00331123966942149
chr_12 1460001 1470000 0.00345421487603306
chr_12 1470001 1480000 0.00205917355371901
chr_12 1480001 1490000 0.00479603305785124
chr_12 1490001 1500000 0.00376330578512397
chr_12 1500001 1510000 0.00431669421487603
chr_12 1510001 1520000 0.00439801652892562
chr_12 1520001 1530000 0.00491388429752066
chr_12 1530001 1540000 0.00342198347107438
chr_12 1540001 1550000 0.00396595041322314
chr_12 1550001 1560000 0.00451884297520661
chr_12 1560001 1570000 0.0042403305785124
chr_12 1570001 1580000 0.00445322314049587
chr_12 1580001 1590000 0.00337289256198347
chr_12 1590001 1600000 0.00250380165289256
chr_12 1600001 1610000 0.00533421487603306
chr_12 1610001 1620000 0.00434198347107438
chr_12 1620001 1630000 0.00407107438016529
chr_12 1630001 1640000 0.00446363636363636
chr_12 1640001 1650000 0.00392264462809917
chr_12 1650001 1660000 0.0020095867768595
chr_12 1660001 1670000 0.00371256198347107
chr_12 1670001 1680000 0.00265421487603306
chr_12 1680001 1690000 0.0024396694214876
chr_12 1690001 1700000 0.00391652892561983
chr_12 1700001 1710000 0.00440826446280992
chr_12 1710001 1720000 0.00256082644628099
chr_12 1720001 1730000 0.00305851239669422
chr_12 1730001 1740000 0.00332892561983471
chr_12 1740001 1750000 0.00310462809917355
chr_12 1750001 1760000 0.00318429752066116
chr_12 1760001 1770000 0.00301735537190083
chr_12 1770001 1780000 0.00459487603305785
chr_12 1780001 1790000 0.00433438016528926
chr_12 1790001 1800000 0.00284826446280992
chr_12 1800001 1810000 0.0021902479338843
chr_12 1810001 1820000 0.00231917355371901
chr_12 1820001 1830000 0.00186876033057851
chr_12 1830001 1840000 0.00304512396694215
chr_12 1840001 1850000 0.00244710743801653
chr_12 1850001 1860000 0.00230578512396694
chr_12 1860001 1870000 0.00047504132231405
chr_12 1870001 1880000 5.5702479338843e-05
chr_12 1880001 1890000 0
chr_12 1890001 1900000 0.000104793388429752
chr_12 1900001 1910000 2.39669421487603e-05
chr_12 1910001 1920000 9.76859504132231e-05
chr_12 1920001 1930000 6.90909090909091e-05
chr_12 1930001 1940000 0
chr_12 1940001 1950000 2.47933884297521e-05
chr_12 1950001 1960000 0.00014495867768595
chr_12 1960001 1970000 0.000210743801652893
chr_12 1970001 1980000 6.61157024793388e-06
chr_12 1980001 1990000 9.91735537190083e-06
chr_12 1990001 2e+06 0.00013702479338843
chr_12 2000001 2010000 0.000133057851239669
chr_12 2010001 2020000 9.91735537190083e-06
chr_12 2020001 2030000 0.000308595041322314
chr_12 2030001 2040000 0.000405785123966942
chr_12 2040001 2050000 0
chr_12 2050001 2060000 7.68595041322314e-05
chr_12 2060001 2070000 0.000283471074380165
chr_12 2070001 2080000 1.65289256198347e-06
chr_12 2080001 2090000 7.42148760330579e-05
chr_12 2090001 2100000 0.00202727272727273
chr_12 2100001 2110000 0.000967107438016529
chr_12 2110001 2120000 9.91735537190083e-06
chr_12 2120001 2130000 0.00025603305785124
chr_12 2130001 2140000 0.000277851239669421
chr_12 2140001 2150000 0
chr_12 2150001 2160000 1.65289256198347e-06
chr_12 2160001 2170000 4.90909090909091e-05
chr_12 2170001 2180000 0
chr_12 2180001 2190000 0
chr_12 2190001 2200000 0.000334214876033058
chr_12 2200001 2210000 1.5702479338843e-05
chr_12 2210001 2220000 0
chr_12 2220001 2230000 5.1900826446281e-05
chr_12 2230001 2240000 0.000172396694214876
chr_12 2240001 2250000 0.000202314049586777
chr_12 2250001 2260000 0.000203140495867769
chr_12 2260001 2270000 0.000193719008264463
chr_12 2270001 2280000 9.93388429752066e-05
chr_12 2280001 2290000 2.62809917355372e-05
chr_12 2290001 2300000 1.48760330578512e-05
chr_12 2300001 2310000 3.81818181818182e-05
chr_12 2310001 2320000 3.58677685950413e-05
chr_12 2320001 2330000 0.00193305785123967
chr_12 2330001 2340000 0.00315537190082645
chr_12 2340001 2350000 0.00360115702479339
chr_12 2350001 2360000 0.00071603305785124
chr_12 2360001 2370000 0.00458099173553719
chr_12 2370001 2380000 0.00460297520661157
chr_12 2380001 2390000 0.00509371900826446
chr_12 2390001 2400000 0.0029300826446281
chr_12 2400001 2410000 0.00520214876033058
chr_12 2410001 2420000 0.00513272727272727
chr_12 2420001 2430000 0.00589603305785124
chr_12 2430001 2440000 0.00733785123966942
chr_12 2440001 2450000 0.00661272727272727
chr_12 2450001 2460000 0.00616545454545455
chr_12 2460001 2470000 0.0038998347107438
chr_12 2470001 2480000 0.00502876033057851
chr_12 2480001 2490000 0.00588280991735537
chr_12 2490001 2500000 0.00575322314049587
chr_12 2500001 2510000 0.00390611570247934
chr_12 2510001 2520000 0.00420198347107438
chr_12 2520001 2530000 0.00592611570247934
chr_12 2530001 2540000 0.00528859504132231
chr_12 2540001 2550000 0.00504710743801653
chr_12 2550001 2560000 0.00369272727272727
chr_12 2560001 2570000 0.00492066115702479
chr_12 2570001 2580000 0.00390595041322314
chr_12 2580001 2590000 0.00399851239669421
chr_12 2590001 2600000 0.00472280991735537
chr_12 2600001 2610000 0.00222280991735537
chr_12 2610001 2620000 0.00561371900826446
chr_12 2620001 2630000 0.00389305785123967
chr_12 2630001 2640000 0.00367239669421488
chr_12 2640001 2650000 0.0027198347107438
chr_12 2650001 2660000 0.00178099173553719
chr_12 2660001 2670000 0.00270661157024793
chr_12 2670001 2680000 0.00310677685950413
chr_12 2680001 2690000 0.00172661157024793
chr_12 2690001 2700000 0.00376330578512397
chr_12 2700001 2710000 0.00463123966942149
chr_12 2710001 2720000 0.0061604958677686
chr_12 2720001 2730000 0.00355388429752066
chr_12 2730001 2740000 0.00379537190082645
chr_12 2740001 2750000 0.00614214876033058
chr_12 2750001 2760000 0.0025497520661157
chr_12 2760001 2770000 0.00228495867768595
chr_12 2770001 2780000 0
chr_12 2780001 2790000 0.000336198347107438
chr_12 2790001 2800000 0
chr_12 2800001 2810000 0.000152066115702479
chr_12 2810001 2820000 0
chr_12 2820001 2830000 0.000102644628099174
chr_12 2830001 2840000 0
chr_12 2840001 2850000 8.26446280991736e-06
chr_12 2850001 2860000 2.47933884297521e-05
chr_12 2860001 2870000 0.0015403305785124
chr_12 2870001 2880000 0.00549702479338843
chr_12 2880001 2890000 0.00515107438016529
chr_12 2890001 2900000 0.00666743801652893
chr_12 2900001 2910000 0.00691619834710744
chr_12 2910001 2920000 0.00233157024793388
chr_12 2920001 2930000 0.00369818181818182
chr_12 2930001 2940000 0.00393801652892562
chr_12 2940001 2950000 0.00299421487603306
chr_12 2950001 2960000 0.00304578512396694
chr_12 2960001 2970000 0.00343421487603306
chr_12 2970001 2980000 0.00366181818181818
chr_12 2980001 2990000 0.00466264462809917
chr_12 2990001 3e+06 0.00613289256198347
chr_12 3000001 3010000 0.00337520661157025
chr_12 3010001 3020000 0.00283355371900826
chr_12 3020001 3030000 0.00553867768595041
chr_12 3030001 3040000 0.00606892561983471
chr_12 3040001 3050000 0.00226380165289256
chr_12 3050001 3060000 0.00279834710743802
chr_12 3060001 3070000 0.00490710743801653
chr_12 3070001 3080000 0.00451157024793388
chr_12 3080001 3090000 0.00617603305785124
chr_12 3090001 3100000 0.00427834710743802
chr_12 3100001 3110000 0.00482694214876033
chr_12 3110001 3120000 0.00296198347107438
chr_12 3120001 3130000 0.0017495867768595
chr_12 3130001 3140000 0.00400694214876033
chr_12 3140001 3150000 0.00367305785123967
chr_12 3150001 3160000 0.00411471074380165
chr_12 3160001 3170000 0.00404363636363636
chr_12 3170001 3180000 0.00653669421487603
chr_12 3180001 3190000 0.00545504132231405
chr_12 3190001 3200000 0.00543190082644628
chr_12 3200001 3210000 0.00352495867768595
chr_12 3210001 3220000 0.00423719008264463
chr_12 3220001 3230000 0.00559520661157025
chr_12 3230001 3240000 0.00321454545454545
chr_12 3240001 3250000 0.00328231404958678
chr_12 3250001 3260000 0.00374661157024793
chr_12 3260001 3270000 0.00611190082644628
chr_12 3270001 3280000 0.00501768595041322
chr_12 3280001 3290000 0.0019904132231405
chr_12 3290001 3300000 0.00464677685950413
chr_12 3300001 3310000 0.00560578512396694
chr_12 3310001 3320000 0.00461206611570248
chr_12 3320001 3330000 0.0033801652892562
chr_12 3330001 3340000 0.00307355371900826
chr_12 3340001 3350000 0.00450446280991736
chr_12 3350001 3360000 0.0053598347107438
chr_12 3360001 3370000 0.00578115702479339
chr_12 3370001 3380000 0.00461768595041322
chr_12 3380001 3390000 0.00689338842975207
chr_12 3390001 3400000 0.0063100826446281
chr_12 3400001 3410000 0.00697090909090909
chr_12 3410001 3420000 0.00624380165289256
chr_12 3420001 3430000 0.00560826446280992
chr_12 3430001 3440000 0.00463057851239669
chr_12 3440001 3450000 0.00605504132231405
chr_12 3450001 3460000 0.00474165289256198
chr_12 3460001 3470000 0.00313140495867769
chr_12 3470001 3480000 0.00225107438016529
chr_12 3480001 3490000 0.00247057851239669
chr_12 3490001 3500000 0.00371371900826446
chr_12 3500001 3510000 0.00477619834710744
chr_12 3510001 3520000 0.00612545454545455
chr_12 3520001 3530000 0.00671586776859504
chr_12 3530001 3540000 0.00601570247933884
chr_12 3540001 3550000 0.0046297520661157
chr_12 3550001 3560000 0.00662132231404959
chr_12 3560001 3570000 0.00741305785123967
chr_12 3570001 3580000 0.00654809917355372
chr_12 3580001 3590000 0.00704066115702479
chr_12 3590001 3600000 0.00428661157024793
chr_12 3600001 3610000 0.00745603305785124
chr_12 3610001 3620000 0.00431388429752066
chr_12 3620001 3630000 0.00574743801652893
chr_12 3630001 3640000 0.00566876033057851
chr_12 3640001 3650000 0.00594661157024793
chr_12 3650001 3660000 0.00503487603305785
chr_12 3660001 3670000 0.00382710743801653
chr_12 3670001 3680000 0.00673272727272727
chr_12 3680001 3690000 0.00632545454545455
chr_12 3690001 3700000 0.00800413223140496
chr_12 3700001 3710000 0.00684479338842975
chr_12 3710001 3720000 0.00514214876033058
chr_12 3720001 3730000 0.00674925619834711
chr_12 3730001 3740000 0.00708760330578512
chr_12 3740001 3750000 0.0080803305785124
chr_12 3750001 3760000 0.0073102479338843
chr_12 3760001 3770000 0.00543818181818182
chr_12 3770001 3780000 0.00467157024793388
chr_12 3780001 3790000 0.00588132231404959
chr_12 3790001 3800000 0.00628148760330579
chr_12 3800001 3810000 0.00628082644628099
chr_12 3810001 3820000 0.00586611570247934
chr_12 3820001 3830000 0.00652909090909091
chr_12 3830001 3840000 0.00665719008264463
chr_12 3840001 3850000 0.00706247933884298
chr_12 3850001 3860000 0.00793338842975207
chr_12 3860001 3870000 0.00666809917355372
chr_12 3870001 3880000 0.0046001652892562
chr_12 3880001 3890000 0.00588743801652892
chr_12 3890001 3900000 0.00805685950413223
chr_12 3900001 3910000 0.00782330578512397
chr_12 3910001 3920000 0.00653851239669421
chr_12 3920001 3930000 0.00775553719008264
chr_12 3930001 3940000 0.0081095867768595
chr_12 3940001 3950000 0.00582528925619835
chr_12 3950001 3960000 0.00547256198347107
chr_12 3960001 3970000 0.00224909090909091
chr_12 3970001 3980000 0.00225355371900826
chr_12 3980001 3990000 0.00277289256198347
chr_12 3990001 4e+06 0.0025203305785124
chr_12 4000001 4010000 0.00337619834710744
chr_12 4010001 4020000 0.00293272727272727
chr_12 4020001 4030000 0.00326842975206612
chr_12 4030001 4040000 0.00317537190082645
chr_12 4040001 4050000 0.00216561983471074
chr_12 4050001 4060000 0.00340760330578512
chr_12 4060001 4070000 0.0019404958677686
chr_12 4070001 4080000 0.00147834710743802
chr_12 4080001 4090000 0.00291272727272727
chr_12 4090001 4100000 0.00242727272727273
chr_12 4100001 4110000 0.00499123966942149
chr_12 4110001 4120000 0.00426545454545455
chr_12 4120001 4130000 0.00316942148760331
chr_12 4130001 4140000 0.00440429752066116
chr_12 4140001 4150000 0.00314776859504132
chr_12 4150001 4160000 0.00252198347107438
chr_12 4160001 4170000 0.00396247933884298
chr_12 4170001 4180000 0.00324545454545455
chr_12 4180001 4190000 0.00325289256198347
chr_12 4190001 4200000 0.00320876033057851
chr_12 4200001 4210000 0.00581305785123967
chr_12 4210001 4220000 0.00661520661157025
chr_12 4220001 4230000 0.0049695867768595
chr_12 4230001 4240000 0.00320297520661157
chr_12 4240001 4250000 0.00349652892561983
chr_12 4250001 4260000 0.00295851239669421
chr_12 4260001 4270000 0.0024803305785124
chr_12 4270001 4280000 0.00278909090909091
chr_12 4280001 4290000 0.00201735537190083
chr_12 4290001 4300000 0.0026398347107438
chr_12 4300001 4310000 0.00366066115702479
chr_12 4310001 4320000 0.00376578512396694
chr_12 4320001 4330000 0.00367190082644628
chr_12 4330001 4340000 0.00250479338842975
chr_12 4340001 4350000 0.00244628099173554
chr_12 4350001 4360000 0.00298595041322314
chr_12 4360001 4370000 0.00164330578512397
chr_12 4370001 4380000 0.00201504132231405
chr_12 4380001 4390000 0.00343900826446281
chr_12 4390001 4400000 0.00294528925619835
chr_12 4400001 4410000 0.00219719008264463
chr_12 4410001 4420000 0.0038099173553719
chr_12 4420001 4430000 0.00256909090909091
chr_12 4430001 4440000 0.00214231404958678
chr_12 4440001 4450000 0.00274611570247934
chr_12 4450001 4460000 0.00289487603305785
chr_12 4460001 4470000 0.00391123966942149
chr_12 4470001 4480000 0.00282876033057851
chr_12 4480001 4490000 0.00257785123966942
chr_12 4490001 4500000 0.00351272727272727
chr_12 4500001 4510000 0.0044798347107438
chr_12 4510001 4520000 0.00217355371900826
chr_12 4520001 4530000 0.00246462809917355
chr_12 4530001 4540000 0.00263586776859504
chr_12 4540001 4550000 0.00297404958677686
chr_12 4550001 4560000 0.00341388429752066
chr_12 4560001 4570000 0.00205851239669421
chr_12 4570001 4580000 0.00219074380165289
chr_12 4580001 4590000 0.00265355371900826
chr_12 4590001 4600000 0.00309851239669421
chr_12 4600001 4610000 0.00283570247933884
chr_12 4610001 4620000 0.00339652892561983
chr_12 4620001 4630000 0.00320446280991735
chr_12 4630001 4640000 0.00197338842975207
chr_12 4640001 4650000 0.00335933884297521
chr_12 4650001 4660000 0.0053702479338843
chr_12 4660001 4670000 0.00471107438016529
chr_12 4670001 4680000 0.00590760330578512
chr_12 4680001 4690000 0.00405471074380165
chr_12 4690001 4700000 0.00587504132231405
chr_12 4700001 4710000 0.00464925619834711
chr_12 4710001 4720000 0.00447752066115702
chr_12 4720001 4730000 0.00510677685950413
chr_12 4730001 4740000 0.00597603305785124
chr_12 4740001 4750000 0.00657239669421488
chr_12 4750001 4760000 0.00723223140495868
chr_12 4760001 4770000 0.00815884297520661
chr_12 4770001 4780000 0.00762727272727273
chr_12 4780001 4790000 0.00651123966942149
chr_12 4790001 4800000 0.00612628099173554
chr_12 4800001 4810000 0.00494082644628099
chr_12 4810001 4820000 0.00688314049586777
chr_12 4820001 4830000 0.0077295867768595
chr_12 4830001 4840000 0.00717851239669422
chr_12 4840001 4850000 0.00670231404958678
chr_12 4850001 4860000 0.00574644628099174
chr_12 4860001 4870000 0.00519752066115702
chr_12 4870001 4880000 0.00309404958677686
chr_12 4880001 4890000 0.00485504132231405
chr_12 4890001 4900000 0.0055201652892562
chr_12 4900001 4910000 0.00492826446280992
chr_12 4910001 4920000 0.00422099173553719
chr_12 4920001 4930000 0.00387404958677686
chr_12 4930001 4940000 0.00405206611570248
chr_12 4940001 4950000 0.00268413223140496
chr_12 4950001 4960000 0.00298165289256198
chr_12 4960001 4970000 0.00306694214876033
chr_12 4970001 4980000 0.00509785123966942
chr_12 4980001 4990000 0.00477504132231405
chr_12 4990001 5e+06 0.00396396694214876
chr_12 5000001 5010000 0.00431355371900826
chr_12 5010001 5020000 0.00519057851239669
chr_12 5020001 5030000 0.00455603305785124
chr_12 5030001 5040000 0.00463719008264463
chr_12 5040001 5050000 0.00499074380165289
chr_12 5050001 5060000 0.00587900826446281
chr_12 5060001 5070000 0.00576264462809917
chr_12 5070001 5080000 0.00855652892561983
chr_12 5080001 5090000 0.00720198347107438
chr_12 5090001 5100000 0.00796297520661157
chr_12 5100001 5110000 0.00791157024793388
chr_12 5110001 5120000 0.00814314049586777
chr_12 5120001 5130000 0.00560049586776859
chr_12 5130001 5140000 0.0074895867768595
chr_12 5140001 5150000 0.00511404958677686
chr_12 5150001 5160000 0.00538842975206612
chr_12 5160001 5170000 0.00682793388429752
chr_12 5170001 5180000 0.00790892561983471
chr_12 5180001 5190000 0.00721867768595041
chr_12 5190001 5200000 0.00489074380165289
chr_12 5200001 5210000 0.0060695867768595
chr_12 5210001 5220000 0.0060100826446281
chr_12 5220001 5230000 0.00441438016528926
chr_12 5230001 5240000 0.00227669421487603
chr_12 5240001 5250000 0.00381735537190083
chr_12 5250001 5260000 0.00486942148760331
chr_12 5260001 5270000 0.00567669421487603
chr_12 5270001 5280000 0.00567454545454545
chr_12 5280001 5290000 0.00650462809917355
chr_12 5290001 5300000 0.00689851239669422
chr_12 5300001 5310000 0.00612611570247934
chr_12 5310001 5320000 0.00595206611570248
chr_12 5320001 5330000 0.00305355371900826
chr_12 5330001 5340000 0.00271636363636364
chr_12 5340001 5350000 0.00286231404958678
chr_12 5350001 5360000 0.00144
chr_12 5360001 5370000 0.00142049586776859
chr_12 5370001 5380000 0.00215619834710744
chr_12 5380001 5390000 0.00206099173553719
chr_12 5390001 5400000 0.00329636363636364
chr_12 5400001 5410000 0.00230330578512397
chr_12 5410001 5420000 0.00300314049586777
chr_12 5420001 5430000 0.0023798347107438
chr_12 5430001 5440000 0.00285785123966942
chr_12 5440001 5450000 0.00282710743801653
chr_12 5450001 5460000 0.00312495867768595
chr_12 5460001 5470000 0.00376363636363636
chr_12 5470001 5480000 0.00334247933884298
chr_12 5480001 5490000 0.0025500826446281
chr_12 5490001 5500000 0.00203190082644628
chr_12 5500001 5510000 0.00245719008264463
chr_12 5510001 5520000 0.00274479338842975
chr_12 5520001 5530000 0.00150413223140496
chr_12 5530001 5540000 0.00275107438016529
chr_12 5540001 5550000 0.00261652892561983
chr_12 5550001 5560000 0.00240545454545455
chr_12 5560001 5570000 0.00308429752066116
chr_12 5570001 5580000 0.00300644628099174
chr_12 5580001 5590000 0.0029504132231405
chr_12 5590001 5600000 0.00257685950413223
chr_12 5600001 5610000 0.00346628099173554
chr_12 5610001 5620000 0.00200231404958678
chr_12 5620001 5630000 0.00413801652892562
chr_12 5630001 5640000 0.00177801652892562
chr_12 5640001 5650000 0.00292545454545455
chr_12 5650001 5660000 0.00252446280991736
chr_12 5660001 5670000 0.00246280991735537
chr_12 5670001 5680000 0.00228727272727273
chr_12 5680001 5690000 0.00239917355371901
chr_12 5690001 5700000 0.00167652892561983
chr_12 5700001 5710000 0.00228859504132231
chr_12 5710001 5720000 0.00277223140495868
chr_12 5720001 5730000 0.00251520661157025
chr_12 5730001 5740000 0.00202727272727273
chr_12 5740001 5750000 0.00221586776859504
chr_12 5750001 5760000 0.00255057851239669
chr_12 5760001 5770000 0.00279256198347107
chr_12 5770001 5780000 0.00255454545454545
chr_12 5780001 5790000 0.00366280991735537
chr_12 5790001 5800000 0.00346909090909091
chr_12 5800001 5810000 0.00241603305785124
chr_12 5810001 5820000 0.0047401652892562
chr_12 5820001 5830000 0.00407256198347107
chr_12 5830001 5840000 0.00426479338842975
chr_12 5840001 5850000 0.00443950413223141
chr_12 5850001 5860000 0.00417338842975207
chr_12 5860001 5870000 0.00405173553719008
chr_12 5870001 5880000 0.00506214876033058
chr_12 5880001 5890000 0.00646148760330579
chr_12 5890001 5900000 0.00427917355371901
chr_12 5900001 5910000 0.00360462809917355
chr_12 5910001 5920000 0.00175239669421488
chr_12 5920001 5930000 0.00312264462809917
chr_12 5930001 5940000 0.00562760330578512
chr_12 5940001 5950000 0.00618247933884298
chr_12 5950001 5960000 0.00435570247933884
chr_12 5960001 5970000 0.00613537190082645
chr_12 5970001 5980000 0.00566181818181818
chr_12 5980001 5990000 0.00538214876033058
chr_12 5990001 6e+06 0.00420809917355372
chr_12 6000001 6010000 0.00558710743801653
chr_12 6010001 6020000 0.00463223140495868
chr_12 6020001 6030000 0.00632727272727273
chr_12 6030001 6040000 0.00550132231404959
chr_12 6040001 6050000 0.00481735537190083
chr_12 6050001 6060000 0.00499388429752066
chr_12 6060001 6070000 0.00441917355371901
chr_12 6070001 6080000 0.00516181818181818
chr_12 6080001 6090000 0.00491322314049587
chr_12 6090001 6100000 0.00346247933884298
chr_12 6100001 6110000 0.00450842975206612
chr_12 6110001 6120000 0.00310512396694215
chr_12 6120001 6130000 0.00353256198347107
chr_12 6130001 6140000 0.00386314049586777
chr_12 6140001 6150000 0.00489272727272727
chr_12 6150001 6160000 0.00274661157024793
chr_12 6160001 6170000 0.00372330578512397
chr_12 6170001 6180000 0.00310446280991736
chr_12 6180001 6190000 0.00258876033057851
chr_12 6190001 6200000 0.00430892561983471
chr_12 6200001 6210000 0.00609438016528926
chr_12 6210001 6220000 0.00490809917355372
chr_12 6220001 6230000 0.00380892561983471
chr_12 6230001 6240000 0.00651140495867769
chr_12 6240001 6250000 0.00504
chr_12 6250001 6260000 0.00366363636363636
chr_12 6260001 6270000 0.00337685950413223
chr_12 6270001 6280000 0.00256826446280992
chr_12 6280001 6290000 0.00202297520661157
chr_12 6290001 6300000 0.00314066115702479
chr_12 6300001 6310000 0.00359471074380165
chr_12 6310001 6320000 0.00323520661157025
chr_12 6320001 6330000 0.00311768595041322
chr_12 6330001 6340000 0.00191900826446281
chr_12 6340001 6350000 0.00152330578512397
chr_12 6350001 6360000 0.0016995041322314
chr_12 6360001 6370000 0.00240842975206612
chr_12 6370001 6380000 0.00263553719008264
chr_12 6380001 6390000 0.00338297520661157
chr_12 6390001 6400000 0.00387090909090909
chr_12 6400001 6410000 0.00252479338842975
chr_12 6410001 6420000 0.00240528925619835
chr_12 6420001 6430000 0.00304826446280992
chr_12 6430001 6440000 0.00339785123966942
chr_12 6440001 6450000 0.00408925619834711
chr_12 6450001 6460000 0.00464429752066116
chr_12 6460001 6470000 0.0032102479338843
chr_12 6470001 6480000 0.00300710743801653
chr_12 6480001 6490000 0.00295404958677686
chr_12 6490001 6500000 0.00365223140495868
chr_12 6500001 6510000 0.00322677685950413
chr_12 6510001 6520000 0.00332347107438017
chr_12 6520001 6530000 0.00468578512396694
chr_12 6530001 6540000 0.00419355371900826
chr_12 6540001 6550000 0.00554942148760331
chr_12 6550001 6560000 0.00695206611570248
chr_12 6560001 6570000 0.00730512396694215
chr_12 6570001 6580000 0.00649355371900826
chr_12 6580001 6590000 0.00404760330578512
chr_12 6590001 6600000 0.00430198347107438
chr_12 6600001 6610000 0.0055297520661157
chr_12 6610001 6620000 0.00753305785123967
chr_12 6620001 6630000 0.00587239669421488
chr_12 6630001 6640000 0.00571289256198347
chr_12 6640001 6650000 0.00463371900826446
chr_12 6650001 6660000 0.00456793388429752
chr_12 6660001 6670000 0.00331619834710744
chr_12 6670001 6680000 0.00353239669421488
chr_12 6680001 6690000 0.00350049586776859
chr_12 6690001 6700000 0.0026102479338843
chr_12 6700001 6710000 0.00369801652892562
chr_12 6710001 6720000 0.00569090909090909
chr_12 6720001 6730000 0.00547471074380165
chr_12 6730001 6740000 0.00658214876033058
chr_12 6740001 6750000 0.00539438016528926
chr_12 6750001 6760000 0.00526462809917355
chr_12 6760001 6770000 0.00467355371900826
chr_12 6770001 6780000 0.0053998347107438
chr_12 6780001 6790000 0.00620793388429752
chr_12 6790001 6800000 0.00779652892561983
chr_12 6800001 6810000 0.00571388429752066
chr_12 6810001 6820000 0.00584165289256198
chr_12 6820001 6830000 0.00587421487603306
chr_12 6830001 6840000 0.00536710743801653
chr_12 6840001 6850000 0.00359553719008265
chr_12 6850001 6860000 0.00715289256198347
chr_12 6860001 6870000 0.00651388429752066
chr_12 6870001 6880000 0.0054299173553719
chr_12 6880001 6890000 0.00634446280991736
chr_12 6890001 6900000 0.00463884297520661
chr_12 6900001 6910000 0.00581586776859504
chr_12 6910001 6920000 0.00657090909090909
chr_12 6920001 6930000 0.0073895867768595
chr_12 6930001 6940000 0.00660694214876033
chr_12 6940001 6950000 0.00605652892561983
chr_12 6950001 6960000 0.00732148760330578
chr_12 6960001 6970000 0.00717074380165289
chr_12 6970001 6980000 0.00434280991735537
chr_12 6980001 6990000 0.00634363636363636
chr_12 6990001 7e+06 0.00516661157024793
chr_12 7000001 7010000 0.00489074380165289
chr_12 7010001 7020000 0.00424743801652893
chr_12 7020001 7030000 0.000467603305785124
chr_12 7030001 7040000 0.00679173553719008
chr_12 7040001 7050000 0.00558396694214876
chr_12 7050001 7060000 0.00625702479338843
chr_12 7060001 7070000 0.00590479338842975
chr_12 7070001 7080000 0.00543123966942149
chr_12 7080001 7090000 0.00549867768595041
chr_12 7090001 7100000 0.00411090909090909
chr_12 7100001 7110000 0.00557471074380165
chr_12 7110001 7120000 0.00446280991735537
chr_12 7120001 7130000 0.0054801652892562
chr_12 7130001 7140000 0.00448165289256198
chr_12 7140001 7150000 0.00457173553719008
chr_12 7150001 7160000 0.00518198347107438
chr_12 7160001 7170000 0.00484446280991736
chr_12 7170001 7180000 0.00416462809917355
chr_12 7180001 7190000 0.00461586776859504
chr_12 7190001 7200000 0.00471504132231405
chr_12 7200001 7210000 0.00631669421487603
chr_12 7210001 7220000 0.00642694214876033
chr_12 7220001 7230000 0.00436909090909091
chr_12 7230001 7240000 0.00570165289256198
chr_12 7240001 7250000 0.00608446280991736
chr_12 7250001 7260000 0.00534528925619835
chr_12 7260001 7270000 0.00460165289256198
chr_12 7270001 7280000 0.00455933884297521
chr_12 7280001 7290000 0.00584743801652893
chr_12 7290001 7300000 0.00535487603305785
chr_12 7300001 7310000 0.00606611570247934
chr_12 7310001 7320000 0.00422628099173554
chr_12 7320001 7330000 0.00398876033057851
chr_12 7330001 7340000 0.00239404958677686
chr_12 7340001 7350000 0.00383735537190083
chr_12 7350001 7360000 0.00357669421487603
chr_12 7360001 7370000 0.00293553719008264
chr_12 7370001 7380000 0.00034198347107438
chr_12 7380001 7390000 0
chr_12 7390001 7400000 0
chr_12 7400001 7410000 0.000368595041322314
chr_12 7410001 7420000 0.0025596694214876
chr_12 7420001 7430000 0.00365735537190083
chr_12 7430001 7440000 0.00327834710743802
chr_12 7440001 7450000 0.0040401652892562
chr_12 7450001 7460000 0.00358314049586777
chr_12 7460001 7470000 0.00355123966942149
chr_12 7470001 7480000 0.00566082644628099
chr_12 7480001 7490000 0.00355206611570248
chr_12 7490001 7500000 0.00369157024793388
chr_12 7500001 7510000 0.00588231404958678
chr_12 7510001 7520000 0.00429685950413223
chr_12 7520001 7530000 0.00307123966942149
chr_12 7530001 7540000 0.00308925619834711
chr_12 7540001 7550000 0.00346280991735537
chr_12 7550001 7560000 0.00682297520661157
chr_12 7560001 7570000 0.00511454545454545
chr_12 7570001 7580000 0.00457107438016529
chr_12 7580001 7590000 0.00612545454545455
chr_12 7590001 7600000 0.00477438016528926
chr_12 7600001 7610000 0.0047502479338843
chr_12 7610001 7620000 0.00658214876033058
chr_12 7620001 7630000 0.0041603305785124
chr_12 7630001 7640000 0.00494165289256198
chr_12 7640001 7650000 0.00378611570247934
chr_12 7650001 7660000 0.00487834710743802
chr_12 7660001 7670000 0.00374
chr_12 7670001 7680000 0.00524363636363636
chr_12 7680001 7690000 0.0068502479338843
chr_12 7690001 7700000 0.00415173553719008
chr_12 7700001 7710000 0.00489421487603306
chr_12 7710001 7720000 0.00363123966942149
chr_12 7720001 7730000 0.00416413223140496
chr_12 7730001 7740000 0.00436396694214876
chr_12 7740001 7750000 0.00366578512396694
chr_12 7750001 7760000 0.00531818181818182
chr_12 7760001 7770000 0.00398314049586777
chr_12 7770001 7780000 0.00479322314049587
chr_12 7780001 7790000 0.00415851239669422
chr_12 7790001 7800000 0.00430925619834711
chr_12 7800001 7810000 0.0074097520661157
chr_12 7810001 7820000 0.00540876033057851
chr_12 7820001 7830000 0.00503438016528926
chr_12 7830001 7840000 0.0050398347107438
chr_12 7840001 7850000 0.00581322314049587
chr_12 7850001 7860000 0.00498909090909091
chr_12 7860001 7870000 0.0057
chr_12 7870001 7880000 0.00587305785123967
chr_12 7880001 7890000 0.00518214876033058
chr_12 7890001 7900000 0.00457074380165289
chr_12 7900001 7910000 0.00344694214876033
chr_12 7910001 7920000 0.00383140495867769
chr_12 7920001 7930000 0.00527652892561984
chr_12 7930001 7940000 0.00544876033057851
chr_12 7940001 7950000 0.00454545454545455
chr_12 7950001 7960000 0.00490231404958678
chr_12 7960001 7970000 0.0056297520661157
chr_12 7970001 7980000 0.00465305785123967
chr_12 7980001 7990000 0.00361504132231405
chr_12 7990001 8e+06 0.00601289256198347
chr_12 8000001 8010000 0.0058499173553719
chr_12 8010001 8020000 0.00693322314049587
chr_12 8020001 8030000 0.00584330578512397
chr_12 8030001 8040000 0.00551388429752066
chr_12 8040001 8050000 0.00553421487603306
chr_12 8050001 8060000 0.00564859504132231
chr_12 8060001 8070000 0.00486181818181818
chr_12 8070001 8080000 0.0045998347107438
chr_12 8080001 8090000 0.00514214876033058
chr_12 8090001 8100000 0.00213669421487603
chr_12 8100001 8110000 0.00288165289256198
chr_12 8110001 8120000 0.00405900826446281
chr_12 8120001 8130000 0.00566677685950413
chr_12 8130001 8140000 0.00500363636363636
chr_12 8140001 8150000 0.00510727272727273
chr_12 8150001 8160000 0.00403586776859504
chr_12 8160001 8170000 0.00399206611570248
chr_12 8170001 8180000 0.00339619834710744
chr_12 8180001 8190000 0.00375206611570248
chr_12 8190001 8200000 0.00526165289256198
chr_12 8200001 8210000 0.00572280991735537
chr_12 8210001 8220000 0.00410165289256198
chr_12 8220001 8230000 0.00596859504132231
chr_12 8230001 8240000 0.00477471074380165
chr_12 8240001 8250000 0.00425801652892562
chr_12 8250001 8260000 0.0029895867768595
chr_12 8260001 8270000 0.00444578512396694
chr_12 8270001 8280000 0.00497785123966942
chr_12 8280001 8290000 0.00790214876033058
chr_12 8290001 8300000 0.00441090909090909
chr_12 8300001 8310000 0.0031795041322314
chr_12 8310001 8320000 0.00405834710743802
chr_12 8320001 8330000 0.00600561983471074
chr_12 8330001 8340000 0.00362528925619835
chr_12 8340001 8350000 0.00549900826446281
chr_12 8350001 8360000 0.00469520661157025
chr_12 8360001 8370000 0.00265933884297521
chr_12 8370001 8380000 0.00434181818181818
chr_12 8380001 8390000 0.00369338842975207
chr_12 8390001 8400000 0.00371107438016529
chr_12 8400001 8410000 0.00374148760330579
chr_12 8410001 8420000 0.00380363636363636
chr_12 8420001 8430000 0.00127239669421488
chr_12 8430001 8440000 0.00192578512396694
chr_12 8440001 8450000 0.00398495867768595
chr_12 8450001 8460000 0.00408842975206612
chr_12 8460001 8470000 0.00334330578512397
chr_12 8470001 8480000 0.0037198347107438
chr_12 8480001 8490000 0.00455421487603306
chr_12 8490001 8500000 0.00637785123966942
chr_12 8500001 8510000 0.00680264462809917
chr_12 8510001 8520000 0.00482776859504132
chr_12 8520001 8530000 0.0046404958677686
chr_12 8530001 8540000 0.00484099173553719
chr_12 8540001 8550000 0.00527487603305785
chr_12 8550001 8560000 0.00343735537190083
chr_12 8560001 8570000 0.00248198347107438
chr_12 8570001 8580000 0.00512892561983471
chr_12 8580001 8590000 0.00559272727272727
chr_12 8590001 8600000 0.00554082644628099
chr_12 8600001 8610000 0.00473107438016529
chr_12 8610001 8620000 0.00501752066115702
chr_12 8620001 8630000 0.00450115702479339
chr_12 8630001 8640000 0.00449140495867769
chr_12 8640001 8650000 0.00514512396694215
chr_12 8650001 8660000 0.00487619834710744
chr_12 8660001 8670000 0.00552
chr_12 8670001 8680000 0.00472826446280992
chr_12 8680001 8690000 0.00464247933884298
chr_12 8690001 8700000 0.00396512396694215
chr_12 8700001 8710000 0.00441487603305785
chr_12 8710001 8720000 0.00491272727272727
chr_12 8720001 8730000 0.00517553719008264
chr_12 8730001 8740000 0.0053297520661157
chr_12 8740001 8750000 0.00400297520661157
chr_12 8750001 8760000 0.00315305785123967
chr_12 8760001 8770000 0.00411239669421488
chr_12 8770001 8780000 0.00518595041322314
chr_12 8780001 8790000 0.00476512396694215
chr_12 8790001 8800000 0.00491190082644628
chr_12 8800001 8810000 0.0056396694214876
chr_12 8810001 8820000 0.00536545454545455
chr_12 8820001 8830000 0.00509404958677686
chr_12 8830001 8840000 0.00415834710743802
chr_12 8840001 8850000 0.00463834710743802
chr_12 8850001 8860000 0.00508413223140496
chr_12 8860001 8870000 0.00551719008264463
chr_12 8870001 8880000 0.00616347107438017
chr_12 8880001 8890000 0.00412115702479339
chr_12 8890001 8900000 0.00495272727272727
chr_12 8900001 8910000 0.00440082644628099
chr_12 8910001 8920000 0.00323206611570248
chr_12 8920001 8930000 0.00460347107438017
chr_12 8930001 8940000 0.00408148760330578
chr_12 8940001 8950000 0.00618347107438017
chr_12 8950001 8960000 0.00510876033057851
chr_12 8960001 8970000 0.00490231404958678
chr_12 8970001 8980000 0.00515669421487603
chr_12 8980001 8990000 0.00483487603305785
chr_12 8990001 9e+06 0.00645652892561984
chr_12 9000001 9010000 0.00482826446280992
chr_12 9010001 9020000 0.0056495867768595
chr_12 9020001 9030000 0.00566314049586777
chr_12 9030001 9040000 0.00453190082644628
chr_12 9040001 9050000 0.00443537190082645
chr_12 9050001 9060000 0.00401404958677686
chr_12 9060001 9070000 0.00478347107438017
chr_12 9070001 9080000 0.00299619834710744
chr_12 9080001 9090000 0.00518942148760331
chr_12 9090001 9100000 0.00482446280991736
chr_12 9100001 9110000 0.00360347107438017
chr_12 9110001 9120000 0.00438132231404959
chr_12 9120001 9130000 0.00565123966942149
chr_12 9130001 9140000 0.00584925619834711
chr_12 9140001 9150000 0.00550826446280992
chr_12 9150001 9160000 0.00524743801652893
chr_12 9160001 9170000 0.0069695867768595
chr_12 9170001 9180000 0.00701371900826446
chr_12 9180001 9190000 0.00534380165289256
chr_12 9190001 9200000 0.00633702479338843
chr_12 9200001 9210000 0.00570512396694215
chr_12 9210001 9220000 0.00404545454545455
chr_12 9220001 9230000 0.00404677685950413
chr_12 9230001 9240000 0.00336280991735537
chr_12 9240001 9250000 0.00476495867768595
chr_12 9250001 9260000 0.00583950413223141
chr_12 9260001 9270000 0.0056396694214876
chr_12 9270001 9280000 0.00512512396694215
chr_12 9280001 9290000 0.00506132231404959
chr_12 9290001 9300000 0.0043502479338843
chr_12 9300001 9310000 0.00449669421487603
chr_12 9310001 9320000 0.00344314049586777
chr_12 9320001 9330000 0.00440694214876033
chr_12 9330001 9340000 0.00433685950413223
chr_12 9340001 9350000 0.00387768595041322
chr_12 9350001 9360000 0.00458528925619835
chr_12 9360001 9370000 0.00375355371900826
chr_12 9370001 9380000 0.00217917355371901
chr_12 9380001 9390000 0.00137421487603306
chr_12 9390001 9400000 0.00252280991735537
chr_12 9400001 9410000 0.00238429752066116
chr_12 9410001 9420000 0.0035702479338843
chr_12 9420001 9430000 0.00382082644628099
chr_12 9430001 9440000 0.00432
chr_12 9440001 9450000 0.00495867768595041
chr_12 9450001 9460000 0.00386793388429752
chr_12 9460001 9470000 0.0031804958677686
chr_12 9470001 9480000 0.0030902479338843
chr_12 9480001 9490000 0.00469520661157025
chr_12 9490001 9500000 0.00555355371900826
chr_12 9500001 9510000 0.00541057851239669
chr_12 9510001 9520000 0.00485371900826446
chr_12 9520001 9530000 0.00644793388429752
chr_12 9530001 9540000 0.00610561983471074
chr_12 9540001 9550000 0.00772876033057851
chr_12 9550001 9560000 0.00614082644628099
chr_12 9560001 9570000 0.00464396694214876
chr_12 9570001 9580000 0.00690826446280992
chr_12 9580001 9590000 0.00675322314049587
chr_12 9590001 9600000 0.00455867768595041
chr_12 9600001 9610000 0.00351322314049587
chr_12 9610001 9620000 0.00520347107438017
chr_12 9620001 9630000 0.0040699173553719
chr_12 9630001 9640000 0.00387289256198347
chr_12 9640001 9650000 0.0050297520661157
chr_12 9650001 9660000 0.00454165289256198
chr_12 9660001 9670000 0.00552909090909091
chr_12 9670001 9680000 0.00565239669421488
chr_12 9680001 9690000 0.00532429752066116
chr_12 9690001 9700000 0.00412297520661157
chr_12 9700001 9710000 0.00348099173553719
chr_12 9710001 9720000 0.00389867768595041
chr_12 9720001 9730000 0.00610942148760331
chr_12 9730001 9740000 0.00627256198347107
chr_12 9740001 9750000 0.00705140495867769
chr_12 9750001 9760000 0.00569504132231405
chr_12 9760001 9770000 0.00583702479338843
chr_12 9770001 9780000 0.00388661157024793
chr_12 9780001 9790000 0.00549471074380165
chr_12 9790001 9800000 0.00776942148760331
chr_12 9800001 9810000 0.00746446280991736
chr_12 9810001 9820000 0.00544314049586777
chr_12 9820001 9830000 0.00588694214876033
chr_12 9830001 9840000 0.00561190082644628
chr_12 9840001 9850000 0.00504644628099174
chr_12 9850001 9860000 0.00378247933884298
chr_12 9860001 9870000 0.00426925619834711
chr_12 9870001 9880000 0.00582677685950413
chr_12 9880001 9890000 0.00420809917355372
chr_12 9890001 9900000 0.00594264462809917
chr_12 9900001 9910000 0.00388247933884298
chr_12 9910001 9920000 0.00430363636363636
chr_12 9920001 9930000 0.00592198347107438
chr_12 9930001 9940000 0.0059601652892562
chr_12 9940001 9950000 0.00530694214876033
chr_12 9950001 9960000 0.00636859504132231
chr_12 9960001 9970000 0.0044198347107438
chr_12 9970001 9980000 0.00427140495867769
chr_12 9980001 9990000 0.00565355371900826
chr_12 9990001 1e+07 0.00579090909090909
chr_12 10000001 10010000 0.00644611570247934
chr_12 10010001 10020000 0.0037504132231405
chr_12 10020001 10030000 0.00242082644628099
chr_12 10030001 10040000 0.00235487603305785
chr_12 10040001 10050000 0.00232727272727273
chr_12 10050001 10060000 0.00280380165289256
chr_12 10060001 10070000 0.00213090909090909
chr_12 10070001 10080000 0.00200809917355372
chr_12 10080001 10090000 0.00423520661157025
chr_12 10090001 10100000 0.00571917355371901
chr_12 10100001 10110000 0.00448115702479339
chr_12 10110001 10120000 0.00560214876033058
chr_12 10120001 10130000 0.00461586776859504
chr_12 10130001 10140000 0.00540132231404959
chr_12 10140001 10150000 0.00494710743801653
chr_12 10150001 10160000 0.0053295867768595
chr_12 10160001 10170000 0.00491223140495868
chr_12 10170001 10180000 0.00263834710743802
chr_12 10180001 10190000 0.00560066115702479
chr_12 10190001 10200000 0.00546942148760331
chr_12 10200001 10210000 0.00464826446280992
chr_12 10210001 10220000 0.00472528925619835
chr_12 10220001 10230000 0.00223074380165289
chr_12 10230001 10240000 0.00256644628099174
chr_12 10240001 10250000 0.00286727272727273
chr_12 10250001 10260000 0.00333719008264463
chr_12 10260001 10270000 0.00389586776859504
chr_12 10270001 10280000 0.00603570247933884
chr_12 10280001 10290000 0.0060596694214876
chr_12 10290001 10300000 0.00644611570247934
chr_12 10300001 10310000 0.00405768595041322
chr_12 10310001 10320000 0.00631239669421488
chr_12 10320001 10330000 0.00663669421487603
chr_12 10330001 10340000 0.00482314049586777
chr_12 10340001 10350000 0.00443388429752066
chr_12 10350001 10360000 0.00501107438016529
chr_12 10360001 10370000 0.0031201652892562
chr_12 10370001 10380000 0.0027300826446281
chr_12 10380001 10390000 0.00353454545454545
chr_12 10390001 10400000 0.00367619834710744
chr_12 10400001 10410000 0.0032499173553719
chr_12 10410001 10420000 0.00309206611570248
chr_12 10420001 10430000 0.00343123966942149
chr_12 10430001 10440000 0.00290330578512397
chr_12 10440001 10450000 0.00274314049586777
chr_12 10450001 10460000 0.00327074380165289
chr_12 10460001 10470000 0.00394413223140496
chr_12 10470001 10480000 0.0054299173553719
chr_12 10480001 10490000 0.00599322314049587
chr_12 10490001 10500000 0.00378231404958678
chr_12 10500001 10510000 0.00160231404958678
chr_12 10510001 10520000 0.00558512396694215
chr_12 10520001 10530000 0.00651074380165289
chr_12 10530001 10540000 0.00431537190082645
chr_12 10540001 10550000 0.00575272727272727
chr_12 10550001 10560000 0.00344595041322314
chr_12 10560001 10570000 0.00421190082644628
chr_12 10570001 10580000 0.00470297520661157
chr_12 10580001 10590000 0.00366892561983471
chr_12 10590001 10600000 0.00331834710743802
chr_12 10600001 10610000 0.00333338842975207
chr_12 10610001 10620000 0.00341570247933884
chr_12 10620001 10630000 0.00540628099173554
chr_12 10630001 10640000 0.00300892561983471
chr_12 10640001 10650000 0.00323884297520661
chr_12 10650001 10660000 0.00298214876033058
chr_12 10660001 10670000 0.00531520661157025
chr_12 10670001 10680000 0.00533834710743802
chr_12 10680001 10690000 0.00364859504132231
chr_12 10690001 10700000 0.00554793388429752
chr_12 10700001 10710000 0.00489537190082645
chr_12 10710001 10720000 0.00401851239669421
chr_12 10720001 10730000 0.00431603305785124
chr_12 10730001 10740000 0.00532561983471074
chr_12 10740001 10750000 0.0029099173553719
chr_12 10750001 10760000 0.00390330578512397
chr_12 10760001 10770000 0.00404826446280992
chr_12 10770001 10780000 0.00442247933884298
chr_12 10780001 10790000 0.00460743801652893
chr_12 10790001 10800000 0.0039795041322314
chr_12 10800001 10810000 0.00347190082644628
chr_12 10810001 10820000 0.00396561983471074
chr_12 10820001 10830000 0.00687322314049587
chr_12 10830001 10840000 0.00484231404958678
chr_12 10840001 10850000 0.00486876033057851
chr_12 10850001 10860000 0.00499206611570248
chr_12 10860001 10870000 0.00539785123966942
chr_12 10870001 10880000 0.00534760330578512
chr_12 10880001 10890000 0.00493338842975207
chr_12 10890001 10900000 0.00329173553719008
chr_12 10900001 10910000 0.00181074380165289
chr_12 10910001 10920000 0.00408561983471074
chr_12 10920001 10930000 0.00467239669421488
chr_12 10930001 10940000 0.00432595041322314
chr_12 10940001 10950000 0.00379702479338843
chr_12 10950001 10960000 0.00326661157024793
chr_12 10960001 10970000 0.00475471074380165
chr_12 10970001 10980000 0.00358165289256198
chr_12 10980001 10990000 0.00291438016528926
chr_12 10990001 1.1e+07 0.00194611570247934
chr_12 11000001 11010000 0.00240644628099174
chr_12 11010001 11020000 0.00176231404958678
chr_12 11020001 11030000 0.00230644628099174
chr_12 11030001 11040000 0.00236446280991736
chr_12 11040001 11050000 0.00247272727272727
chr_12 11050001 11060000 0.00238561983471074
chr_12 11060001 11070000 0.00142743801652893
chr_12 11070001 11080000 0.00243537190082645
chr_12 11080001 11090000 0.00218528925619835
chr_12 11090001 11100000 0.00210727272727273
chr_12 11100001 11110000 0.00212677685950413
chr_12 11110001 11120000 0.00278826446280992
chr_12 11120001 11130000 0.00166115702479339
chr_12 11130001 11140000 0.00245256198347107
chr_12 11140001 11150000 0.00283256198347107
chr_12 11150001 11160000 0.00530495867768595
chr_12 11160001 11170000 0.00527652892561984
chr_12 11170001 11180000 0.00464099173553719
chr_12 11180001 11190000 0.00614727272727273
chr_12 11190001 11200000 0.0075104132231405
chr_12 11200001 11210000 0.00924793388429752
chr_12 11210001 11220000 0.00658082644628099
chr_12 11220001 11230000 0.00649586776859504
chr_12 11230001 11240000 0.00702264462809917
chr_12 11240001 11250000 0.00552528925619835
chr_12 11250001 11260000 0.00576892561983471
chr_12 11260001 11270000 0.00323669421487603
chr_12 11270001 11280000 0.00221917355371901
chr_12 11280001 11290000 0.00124479338842975
chr_12 11290001 11300000 0.00216528925619835
chr_12 11300001 11310000 0.00515371900826446
chr_12 11310001 11320000 0.00533735537190083
chr_12 11320001 11330000 0.00714396694214876
chr_12 11330001 11340000 0.00612396694214876
chr_12 11340001 11350000 0.00586925619834711
chr_12 11350001 11360000 0.00512115702479339
chr_12 11360001 11370000 0.00532892561983471
chr_12 11370001 11380000 0.00553057851239669
chr_12 11380001 11390000 0.00448495867768595
chr_12 11390001 11400000 0.00462099173553719
chr_12 11400001 11410000 0.00528363636363636
chr_12 11410001 11420000 0.00625438016528926
chr_12 11420001 11430000 0.00444330578512397
chr_12 11430001 11440000 0.00482115702479339
chr_12 11440001 11450000 0.00686561983471074
chr_12 11450001 11460000 0.0047003305785124
chr_12 11460001 11470000 0.00582909090909091
chr_12 11470001 11480000 0.0056900826446281
chr_12 11480001 11490000 0.00487256198347107
chr_12 11490001 11500000 0.00322231404958678
chr_12 11500001 11510000 0.00164611570247934
chr_12 11510001 11520000 0.00134
chr_12 11520001 11530000 0.00168528925619835
chr_12 11530001 11540000 0.00199355371900826
chr_12 11540001 11550000 0.000886115702479339
chr_12 11550001 11560000 0.000946611570247934
chr_12 11560001 11570000 0.00121652892561983
chr_12 11570001 11580000 0.00158198347107438
chr_12 11580001 11590000 0.00199454545454545
chr_12 11590001 11600000 0.00498148760330579
chr_12 11600001 11610000 0.00518264462809917
chr_12 11610001 11620000 0.00408297520661157
chr_12 11620001 11630000 0.00276859504132231
chr_12 11630001 11640000 0.00518925619834711
chr_12 11640001 11650000 0.00551305785123967
chr_12 11650001 11660000 0.00405256198347107
chr_12 11660001 11670000 0.00356214876033058
chr_12 11670001 11680000 0.00324132231404959
chr_12 11680001 11690000 0.00452165289256198
chr_12 11690001 11700000 0.00226578512396694
chr_12 11700001 11710000 0.00260512396694215
chr_12 11710001 11720000 0.00233834710743802
chr_12 11720001 11730000 0.00279454545454545
chr_12 11730001 11740000 0.00181669421487603
chr_12 11740001 11750000 0.00192264462809917
chr_12 11750001 11760000 0.00257504132231405
chr_12 11760001 11770000 0.0021697520661157
chr_12 11770001 11780000 0.00183190082644628
chr_12 11780001 11790000 0.00142826446280992
chr_12 11790001 11800000 0.00316925619834711
chr_12 11800001 11810000 0.00184793388429752
chr_12 11810001 11820000 0.00230876033057851
chr_12 11820001 11830000 0.00234380165289256
chr_12 11830001 11840000 0.00299256198347107
chr_12 11840001 11850000 0.00251636363636364
chr_12 11850001 11860000 0.00448247933884298
chr_12 11860001 11870000 0.00432578512396694
chr_12 11870001 11880000 0.0041996694214876
chr_12 11880001 11890000 0.00469471074380165
chr_12 11890001 11900000 0.00712595041322314
chr_12 11900001 11910000 0.00547537190082645
chr_12 11910001 11920000 0.00541239669421488
chr_12 11920001 11930000 0.00364528925619835
chr_12 11930001 11940000 0.00253752066115703
chr_12 11940001 11950000 0.00259206611570248
chr_12 11950001 11960000 0.00296809917355372
chr_12 11960001 11970000 0.00282793388429752
chr_12 11970001 11980000 0.00250280991735537
chr_12 11980001 11990000 0.00358479338842975
chr_12 11990001 1.2e+07 0.00443900826446281
chr_12 12000001 12010000 0.00398082644628099
chr_12 12010001 12020000 0.00439289256198347
chr_12 12020001 12030000 0.00341785123966942
chr_12 12030001 12040000 0.00332809917355372
chr_12 12040001 12050000 0.00251834710743802
chr_12 12050001 12060000 0.00135603305785124
chr_12 12060001 12070000 0.00258165289256198
chr_12 12070001 12080000 0.00269570247933884
chr_12 12080001 12090000 0.00251900826446281
chr_12 12090001 12100000 0.00244644628099174
chr_12 12100001 12110000 0.00200793388429752
chr_12 12110001 12120000 0.00248661157024793
chr_12 12120001 12130000 0.00446380165289256
chr_12 12130001 12140000 0.0046003305785124
chr_12 12140001 12150000 0.00526876033057851
chr_12 12150001 12160000 0.00588628099173554
chr_12 12160001 12170000 0.00578165289256198
chr_12 12170001 12180000 0.00428165289256198
chr_12 12180001 12190000 0.00372909090909091
chr_12 12190001 12200000 0.00300479338842975
chr_12 12200001 12210000 0.00124099173553719
chr_12 12210001 12220000 0.00194842975206612
chr_12 12220001 12230000 0.00235471074380165
chr_12 12230001 12240000 0.00285454545454545
chr_12 12240001 12250000 0.00438842975206612
chr_12 12250001 12260000 0.00537834710743802
chr_12 12260001 12270000 0.00460892561983471
chr_12 12270001 12280000 0.00291752066115702
chr_12 12280001 12290000 0.00182314049586777
chr_12 12290001 12300000 0.0027198347107438
chr_12 12300001 12310000 0.00503454545454545
chr_12 12310001 12320000 0.00512677685950413
chr_12 12320001 12330000 0.00428545454545455
chr_12 12330001 12340000 0.00344710743801653
chr_12 12340001 12350000 0.00304198347107438
chr_12 12350001 12360000 0.00252115702479339
chr_12 12360001 12370000 0.00220595041322314
chr_12 12370001 12380000 0.00244413223140496
chr_12 12380001 12390000 0.00182727272727273
chr_12 12390001 12400000 0.00234561983471074
chr_12 12400001 12410000 0.00328231404958678
chr_12 12410001 12420000 0.00347438016528926
chr_12 12420001 12430000 0.00401256198347107
chr_12 12430001 12440000 0.00353851239669421
chr_12 12440001 12450000 0.00349867768595041
chr_12 12450001 12460000 0.00537867768595041
chr_12 12460001 12470000 0.00472578512396694
chr_12 12470001 12480000 0.00665619834710744
chr_12 12480001 12490000 0.00560677685950413
chr_12 12490001 12500000 0.00582347107438017
chr_12 12500001 12510000 0.00669388429752066
chr_12 12510001 12520000 0.00569884297520661
chr_12 12520001 12530000 0.00646909090909091
chr_12 12530001 12540000 0.00585553719008264
chr_12 12540001 12550000 0.00583289256198347
chr_12 12550001 12560000 0.00386330578512397
chr_12 12560001 12570000 0.00261917355371901
chr_12 12570001 12580000 0.00165537190082645
chr_12 12580001 12590000 0.00138694214876033
chr_12 12590001 12600000 0.00200181818181818
chr_12 12600001 12610000 0.00265917355371901
chr_12 12610001 12620000 0.00453818181818182
chr_12 12620001 12630000 0.00587834710743802
chr_12 12630001 12640000 0.00426842975206612
chr_12 12640001 12650000 0.00515537190082645
chr_12 12650001 12660000 0.00468595041322314
chr_12 12660001 12670000 0.00407801652892562
chr_12 12670001 12680000 0.00500859504132231
chr_12 12680001 12690000 0.00365289256198347
chr_12 12690001 12700000 0.00452198347107438
chr_12 12700001 12710000 0.00510793388429752
chr_12 12710001 12720000 0.0042
chr_12 12720001 12730000 0.00379190082644628
chr_12 12730001 12740000 0.00332776859504132
chr_12 12740001 12750000 0.00441685950413223
chr_12 12750001 12760000 0.00342429752066116
chr_12 12760001 12770000 0.00245801652892562
chr_12 12770001 12780000 0.00255338842975207
chr_12 12780001 12790000 0.00232363636363636
chr_12 12790001 12800000 0.00282165289256198
chr_12 12800001 12810000 0.00170165289256198
chr_12 12810001 12820000 0.00178776859504132
chr_12 12820001 12830000 0.00293900826446281
chr_12 12830001 12840000 0.00350099173553719
chr_12 12840001 12850000 0.00503371900826446
chr_12 12850001 12860000 0.0056902479338843
chr_12 12860001 12870000 0.00537338842975207
chr_12 12870001 12880000 0.00692710743801653
chr_12 12880001 12890000 0.00427256198347107
chr_12 12890001 12900000 0.00631851239669421
chr_12 12900001 12910000 0.00543537190082645
chr_12 12910001 12920000 0.00531603305785124
chr_12 12920001 12930000 0.00432909090909091
chr_12 12930001 12940000 0.00456462809917355
chr_12 12940001 12950000 0.00571818181818182
chr_12 12950001 12960000 0.0043404958677686
chr_12 12960001 12970000 0.00363950413223141
chr_12 12970001 12980000 0.00318429752066116
chr_12 12980001 12990000 0.00514859504132231
chr_12 12990001 1.3e+07 0.00417272727272727
chr_12 13000001 13010000 0.00506628099173554
chr_12 13010001 13020000 0.00524165289256198
chr_12 13020001 13030000 0.00367421487603306
chr_12 13030001 13040000 0.00477669421487603
chr_12 13040001 13050000 0.00476082644628099
chr_12 13050001 13060000 0.00402925619834711
chr_12 13060001 13070000 0.00317338842975207
chr_12 13070001 13080000 0.00527636363636364
chr_12 13080001 13090000 0.0046902479338843
chr_12 13090001 13100000 0.00425719008264463
chr_12 13100001 13110000 0.00403371900826446
chr_12 13110001 13120000 0.0047697520661157
chr_12 13120001 13130000 0.00440082644628099
chr_12 13130001 13140000 0.00345636363636364
chr_12 13140001 13150000 0.00408148760330578
chr_12 13150001 13160000 0.00292859504132231
chr_12 13160001 13170000 0.00297239669421488
chr_12 13170001 13180000 0.0027796694214876
chr_12 13180001 13190000 0.00272826446280992
chr_12 13190001 13200000 0.00282677685950413
chr_12 13200001 13210000 0.00305504132231405
chr_12 13210001 13220000 0.00329140495867769
chr_12 13220001 13230000 0.00364892561983471
chr_12 13230001 13240000 0.00376297520661157
chr_12 13240001 13250000 0.00345702479338843
chr_12 13250001 13260000 0.00496148760330579
chr_12 13260001 13270000 0.00349619834710744
chr_12 13270001 13280000 0.00342
chr_12 13280001 13290000 0.00417735537190083
chr_12 13290001 13300000 0.0033798347107438
chr_12 13300001 13310000 0.00254165289256198
chr_12 13310001 13320000 0.00445388429752066
chr_12 13320001 13330000 0.00300181818181818
chr_12 13330001 13340000 0.00177669421487603
chr_12 13340001 13350000 0.00182198347107438
chr_12 13350001 13360000 0.0019895867768595
chr_12 13360001 13370000 0.00208247933884298
chr_12 13370001 13380000 0.00160264462809917
chr_12 13380001 13390000 0.000408429752066116
chr_12 13390001 13400000 0.00363388429752066
chr_12 13400001 13410000 0.00495752066115702
chr_12 13410001 13420000 0.00369223140495868
chr_12 13420001 13430000 0.00539570247933884
chr_12 13430001 13440000 0.00478528925619835
chr_12 13440001 13450000 0.00408892561983471
chr_12 13450001 13460000 0.0029099173553719
chr_12 13460001 13470000 0.00564743801652893
chr_12 13470001 13480000 0.00503818181818182
chr_12 13480001 13490000 0.0041104132231405
chr_12 13490001 13500000 0.00462925619834711
chr_12 13500001 13510000 0.00596363636363636
chr_12 13510001 13520000 0.00606049586776859
chr_12 13520001 13530000 0.00426545454545455
chr_12 13530001 13540000 0.00404545454545455
chr_12 13540001 13550000 0.00402677685950413
chr_12 13550001 13560000 0.00587504132231405
chr_12 13560001 13570000 0.00583305785123967
chr_12 13570001 13580000 0.00657537190082645
chr_12 13580001 13590000 0.00395603305785124
chr_12 13590001 13600000 0.00463818181818182
chr_12 13600001 13610000 0.00390082644628099
chr_12 13610001 13620000 0.00274677685950413
chr_12 13620001 13630000 0.000982644628099174
chr_12 13630001 13640000 0.00131173553719008
chr_12 13640001 13650000 0.00186876033057851
chr_12 13650001 13660000 0.00406611570247934
chr_12 13660001 13670000 0.00457768595041322
chr_12 13670001 13680000 0.00531504132231405
chr_12 13680001 13690000 0.00401140495867769
chr_12 13690001 13700000 0.00543884297520661
chr_12 13700001 13710000 0.00519371900826446
chr_12 13710001 13720000 0.00483239669421488
chr_12 13720001 13730000 0.0040798347107438
chr_12 13730001 13740000 0.00247834710743802
chr_12 13740001 13750000 0.00320528925619835
chr_12 13750001 13760000 0.00401107438016529
chr_12 13760001 13770000 0.00287355371900826
chr_12 13770001 13780000 0.00320859504132231
chr_12 13780001 13790000 0.00315504132231405
chr_12 13790001 13800000 0.00456181818181818
chr_12 13800001 13810000 0.00447570247933884
chr_12 13810001 13820000 0.0038003305785124
chr_12 13820001 13830000 0.00542297520661157
chr_12 13830001 13840000 0.00570661157024793
chr_12 13840001 13850000 0.00429933884297521
chr_12 13850001 13860000 0.00527652892561984
chr_12 13860001 13870000 0.00326446280991736
chr_12 13870001 13880000 0.0035897520661157
chr_12 13880001 13890000 0.00572661157024793
chr_12 13890001 13900000 0.00316578512396694
chr_12 13900001 13910000 0.00405768595041322
chr_12 13910001 13920000 0.00372132231404959
chr_12 13920001 13930000 0.00295520661157025
chr_12 13930001 13940000 0.00192148760330579
chr_12 13940001 13950000 0.00396595041322314
chr_12 13950001 13960000 0.00462264462809917
chr_12 13960001 13970000 0.00644561983471074
chr_12 13970001 13980000 0.00415074380165289
chr_12 13980001 13990000 0.00468214876033058
chr_12 13990001 1.4e+07 0.00629933884297521
chr_12 14000001 14010000 0.00581834710743802
chr_12 14010001 14020000 0.0062104132231405
chr_12 14020001 14030000 0.0054798347107438
chr_12 14030001 14040000 0.00340247933884297
chr_12 14040001 14050000 0.0034796694214876
chr_12 14050001 14060000 0.00278942148760331
chr_12 14060001 14070000 0.00232842975206612
chr_12 14070001 14080000 0.00241768595041322
chr_12 14080001 14090000 0.00231586776859504
chr_12 14090001 14100000 0.00279933884297521
chr_12 14100001 14110000 0.00188446280991736
chr_12 14110001 14120000 0.00269471074380165
chr_12 14120001 14130000 0.00292892561983471
chr_12 14130001 14140000 0.00434842975206612
chr_12 14140001 14150000 0.00279421487603306
chr_12 14150001 14160000 0.0024900826446281
chr_12 14160001 14170000 0.00175504132231405
chr_12 14170001 14180000 0.00336892561983471
chr_12 14180001 14190000 0.00561471074380165
chr_12 14190001 14200000 0.00668446280991735
chr_12 14200001 14210000 0.00844380165289256
chr_12 14210001 14220000 0.00687735537190083
chr_12 14220001 14230000 0.00732595041322314
chr_12 14230001 14240000 0.00625586776859504
chr_12 14240001 14250000 0.00861074380165289
chr_12 14250001 14260000 0.00466396694214876
chr_12 14260001 14270000 0.00573322314049587
chr_12 14270001 14280000 0.00894876033057851
chr_12 14280001 14290000 0.00627719008264463
chr_12 14290001 14300000 0.00738776859504132
chr_12 14300001 14310000 0.00797834710743802
chr_12 14310001 14320000 0.00720396694214876
chr_12 14320001 14330000 0.00499619834710744
chr_12 14330001 14340000 0.00483867768595041
chr_12 14340001 14350000 0.00491636363636364
chr_12 14350001 14360000 0.00370842975206612
chr_12 14360001 14370000 0.00437157024793388
chr_12 14370001 14380000 0.00311520661157025
chr_12 14380001 14390000 0.00383107438016529
chr_12 14390001 14400000 0.00401421487603306
chr_12 14400001 14410000 0.00478099173553719
chr_12 14410001 14420000 0.00270479338842975
chr_12 14420001 14430000 0.00463735537190083
chr_12 14430001 14440000 0.00476181818181818
chr_12 14440001 14450000 0.00451388429752066
chr_12 14450001 14460000 0.00541107438016529
chr_12 14460001 14470000 0.0043596694214876
chr_12 14470001 14480000 0.00525801652892562
chr_12 14480001 14490000 0.00583867768595041
chr_12 14490001 14500000 0.00798892561983471
chr_12 14500001 14510000 0.00896942148760331
chr_12 14510001 14520000 0.00761851239669421
chr_12 14520001 14530000 0.00690297520661157
chr_12 14530001 14540000 0.00659404958677686
chr_12 14540001 14550000 0.00557685950413223
chr_12 14550001 14560000 0.00331801652892562
chr_12 14560001 14570000 0.00271223140495868
chr_12 14570001 14580000 0.00434264462809917
chr_12 14580001 14590000 0.00541371900826446
chr_12 14590001 14600000 0.00446710743801653
chr_12 14600001 14610000 0.00281785123966942
chr_12 14610001 14620000 0.00238644628099174
chr_12 14620001 14630000 0.00317586776859504
chr_12 14630001 14640000 0.00284561983471074
chr_12 14640001 14650000 0.0044495867768595
chr_12 14650001 14660000 0.00270628099173554
chr_12 14660001 14670000 0.00255570247933884
chr_12 14670001 14680000 0.00248545454545455
chr_12 14680001 14690000 0.00425685950413223
chr_12 14690001 14700000 0.00517619834710744
chr_12 14700001 14710000 0.00781123966942149
chr_12 14710001 14720000 0.00693173553719008
chr_12 14720001 14730000 0.00578512396694215
chr_12 14730001 14740000 0.00905818181818182
chr_12 14740001 14750000 0.00534842975206612
chr_12 14750001 14760000 0.00559157024793388
chr_12 14760001 14770000 0.00576578512396694
chr_12 14770001 14780000 0.00452363636363636
chr_12 14780001 14790000 0.00484247933884298
chr_12 14790001 14800000 0.0105834710743802
chr_12 14800001 14810000 0.00886396694214876
chr_12 14810001 14820000 0.000795371900826446
chr_12 14820001 14830000 0
chr_12 14830001 14840000 0
chr_12 14840001 14850000 0
chr_12 14850001 14860000 0
chr_12 14860001 14870000 0.000135867768595041
chr_12 14870001 14880000 0
chr_12 14880001 14890000 0
chr_12 14890001 14900000 0
chr_12 14900001 14910000 0
chr_12 14910001 14920000 0
chr_12 14920001 14930000 0
chr_12 14930001 14940000 0
chr_12 14940001 14950000 0
chr_12 14950001 14960000 0
chr_12 14960001 14970000 0
chr_12 14970001 14980000 0
chr_12 14980001 14990000 0
chr_12 14990001 1.5e+07 0
chr_12 15000001 15010000 0
chr_12 15010001 15020000 0
chr_12 15020001 15030000 0
chr_12 15030001 15040000 0
chr_12 15040001 15050000 0
chr_12 15050001 15060000 0
chr_12 15060001 15070000 0
chr_12 15070001 15080000 0
chr_12 15080001 15090000 0
chr_12 15090001 15100000 0
chr_12 15100001 15110000 0
chr_12 15110001 15120000 0
chr_12 15120001 15130000 0
chr_12 15130001 15140000 0
chr_12 15140001 15150000 0
chr_12 15150001 15160000 0
chr_12 15160001 15170000 0
chr_12 15170001 15180000 0
chr_12 15180001 15190000 0
chr_12 15190001 15200000 0
chr_12 15200001 15210000 0
chr_12 15210001 15220000 0
chr_12 15220001 15230000 0
chr_12 15230001 15240000 0
chr_12 15240001 15250000 0
chr_12 15250001 15260000 0.00879371900826446
chr_12 15260001 15270000 0.00511884297520661
chr_12 15270001 15280000 0.0074601652892562
chr_12 15280001 15290000 0.00526909090909091
chr_12 15290001 15300000 0.00400347107438016
chr_12 15300001 15310000 0.00568066115702479
chr_12 15310001 15320000 0.00579520661157025
chr_12 15320001 15330000 0.0054198347107438
chr_12 15330001 15340000 0.00478826446280992
chr_12 15340001 15350000 0.00474380165289256
chr_12 15350001 15360000 0.00409636363636364
chr_12 15360001 15370000 0.00712247933884298
chr_12 15370001 15380000 0.00651520661157025
chr_12 15380001 15390000 0.00675652892561983
chr_12 15390001 15400000 0.00496446280991736
chr_12 15400001 15410000 0.00827768595041322
chr_12 15410001 15420000 0.00567322314049587
chr_12 15420001 15430000 0.00555950413223141
chr_12 15430001 15440000 0.00485140495867769
chr_12 15440001 15450000 0.00582495867768595
chr_12 15450001 15460000 0.00591421487603306
chr_12 15460001 15470000 0.0032003305785124
chr_12 15470001 15480000 0.00267454545454545
chr_12 15480001 15490000 0.00428396694214876
chr_12 15490001 15500000 0.00382595041322314
chr_12 15500001 15510000 0.00558314049586777
chr_12 15510001 15520000 0.00604876033057851
chr_12 15520001 15530000 0.00204892561983471
chr_12 15530001 15540000 0.00557421487603306
chr_12 15540001 15550000 0.00700314049586777
chr_12 15550001 15560000 0.00414363636363636
chr_12 15560001 15570000 0.00290198347107438
chr_12 15570001 15580000 0.00290198347107438
chr_12 15580001 15590000 0.00287272727272727
chr_12 15590001 15600000 0.00227057851239669
chr_12 15600001 15610000 0.00480198347107438
chr_12 15610001 15620000 0.00466479338842975
chr_12 15620001 15630000 0.00378892561983471
chr_12 15630001 15640000 0.00363685950413223
chr_12 15640001 15650000 0.00567471074380165
chr_12 15650001 15660000 0.00454148760330578
chr_12 15660001 15670000 0.00364
chr_12 15670001 15680000 0.00223933884297521
chr_12 15680001 15690000 0.00186809917355372
chr_12 15690001 15700000 0.00342132231404959
chr_12 15700001 15710000 0.00369752066115703
chr_12 15710001 15720000 0.00204925619834711
chr_12 15720001 15730000 0.00268132231404959
chr_12 15730001 15740000 0.0053295867768595
chr_12 15740001 15750000 0.00595305785123967
chr_12 15750001 15760000 0.0049100826446281
chr_12 15760001 15770000 0.00541553719008264
chr_12 15770001 15780000 0.00556826446280992
chr_12 15780001 15790000 0.00596165289256198
chr_12 15790001 15800000 0.00446628099173554
chr_12 15800001 15810000 0.00296760330578512
chr_12 15810001 15820000 0.0056104132231405
chr_12 15820001 15830000 0.00437074380165289
chr_12 15830001 15840000 0.0040900826446281
chr_12 15840001 15850000 0.00391735537190083
chr_12 15850001 15860000 0.000993388429752066
chr_12 15860001 15870000 0.000552892561983471
chr_12 15870001 15880000 0.000368925619834711
chr_12 15880001 15890000 0
chr_12 15890001 15900000 0
chr_12 15900001 15910000 6.61157024793388e-06
chr_12 15910001 15920000 0
chr_12 15920001 15930000 0
chr_12 15930001 15940000 0
chr_12 15940001 15950000 7.43801652892562e-06
chr_12 15950001 15960000 0.000108099173553719
chr_12 15960001 15970000 0.000629421487603306
chr_12 15970001 15980000 0.000329752066115702
chr_12 15980001 15990000 2.8099173553719e-05
chr_12 15990001 1.6e+07 0.00099702479338843
chr_12 16000001 16010000 0.00371933884297521
chr_12 16010001 16020000 0.00270892561983471
chr_12 16020001 16030000 0.0026001652892562
chr_12 16030001 16040000 0.00193851239669421
chr_12 16040001 16050000 0.00404661157024793
chr_12 16050001 16060000 0.00457537190082645
chr_12 16060001 16070000 0.00341818181818182
chr_12 16070001 16080000 0.00533785123966942
chr_12 16080001 16090000 0.00272446280991736
chr_12 16090001 16100000 0.00262760330578512
chr_12 16100001 16110000 0.00240528925619835
chr_12 16110001 16120000 0.00374644628099174
chr_12 16120001 16130000 0.00162099173553719
chr_12 16130001 16140000 0.00235570247933884
chr_12 16140001 16150000 0.00295289256198347
chr_12 16150001 16160000 0.00357867768595041
chr_12 16160001 16170000 0.0016996694214876
chr_12 16170001 16180000 0.00323818181818182
chr_12 16180001 16190000 0.0045302479338843
chr_12 16190001 16200000 0.00380396694214876
chr_12 16200001 16210000 0.00355884297520661
chr_12 16210001 16220000 0.00369950413223141
chr_12 16220001 16230000 0.00232727272727273
chr_12 16230001 16240000 0.00234132231404959
chr_12 16240001 16250000 0.00537735537190083
chr_12 16250001 16260000 0.00524429752066116
chr_12 16260001 16270000 0.00600842975206612
chr_12 16270001 16280000 0.00625669421487603
chr_12 16280001 16290000 0.00511256198347107
chr_12 16290001 16300000 0.00229371900826446
chr_12 16300001 16310000 0.0030902479338843
chr_12 16310001 16320000 0.00686859504132231
chr_12 16320001 16330000 0.00581520661157025
chr_12 16330001 16340000 0.00381867768595041
chr_12 16340001 16350000 0.00517107438016529
chr_12 16350001 16360000 0.00294264462809917
chr_12 16360001 16370000 0.00427404958677686
chr_12 16370001 16380000 0.00577206611570248
chr_12 16380001 16390000 0.00574859504132231
chr_12 16390001 16400000 0.00490380165289256
chr_12 16400001 16410000 0.00375752066115703
chr_12 16410001 16420000 0.00253272727272727
chr_12 16420001 16430000 0.00367090909090909
chr_12 16430001 16440000 0.00377735537190083
chr_12 16440001 16450000 0.00430892561983471
chr_12 16450001 16460000 0.00423884297520661
chr_12 16460001 16470000 0.0025598347107438
chr_12 16470001 16480000 0.00296462809917355
chr_12 16480001 16490000 0.00156264462809917
chr_12 16490001 16500000 0.00368132231404959
chr_12 16500001 16510000 0.00341785123966942
chr_12 16510001 16520000 0.00228479338842975
chr_12 16520001 16530000 0.00208694214876033
chr_12 16530001 16540000 0.00219305785123967
chr_12 16540001 16550000 0.00274727272727273
chr_12 16550001 16560000 0.00366644628099174
chr_12 16560001 16570000 0.00551123966942149
chr_12 16570001 16580000 0.00657371900826446
chr_12 16580001 16590000 0.00514247933884298
chr_12 16590001 16600000 0.00549322314049587
chr_12 16600001 16610000 0.00416115702479339
chr_12 16610001 16620000 0.0037001652892562
chr_12 16620001 16630000 0.00173537190082645
chr_12 16630001 16640000 0.0027702479338843
chr_12 16640001 16650000 0.00399107438016529
chr_12 16650001 16660000 0.00310793388429752
chr_12 16660001 16670000 0.00425107438016529
chr_12 16670001 16680000 0.00307123966942149
chr_12 16680001 16690000 0.00225702479338843
chr_12 16690001 16700000 0.00276809917355372
chr_12 16700001 16710000 0.00325752066115702
chr_12 16710001 16720000 0.00360760330578512
chr_12 16720001 16730000 0.0101163636363636
chr_12 16730001 16740000 0.00970710743801653
chr_12 16740001 16750000 0.00986082644628099
chr_12 16750001 16760000 0.00666710743801653
chr_12 16760001 16770000 0.00858181818181818
chr_12 16770001 16780000 0.00869074380165289
chr_12 16780001 16790000 0.00702661157024793
chr_12 16790001 16800000 0.00888809917355372
chr_12 16800001 16810000 0.0061095867768595
chr_12 16810001 16820000 0.0080895867768595
chr_12 16820001 16830000 0.00715206611570248
chr_12 16830001 16840000 0.00638661157024793
chr_12 16840001 16850000 0.00683206611570248
chr_12 16850001 16860000 0.00960413223140496
chr_12 16860001 16870000 0.0070295867768595
chr_12 16870001 16880000 0.0101732231404959
chr_12 16880001 16890000 0.0119733884297521
chr_12 16890001 16900000 0.0069104132231405
chr_12 16900001 16910000 0.0104452892561983
chr_12 16910001 16920000 0.00708446280991736
chr_12 16920001 16930000 0.00797900826446281
chr_12 16930001 16940000 0.00770297520661157
chr_12 16940001 16950000 0.00683900826446281
chr_12 16950001 16960000 0.0103214876033058
chr_12 16960001 16970000 0.00779768595041322
chr_12 16970001 16980000 0.00888892561983471
chr_12 16980001 16990000 0.00900115702479339
chr_12 16990001 1.7e+07 0.00694942148760331
chr_12 17000001 17010000 0.0135201652892562
chr_12 17010001 17020000 0.00808462809917355
chr_12 17020001 17030000 0.00707305785123967
chr_12 17030001 17040000 0.00691487603305785
chr_12 17040001 17050000 0.00962809917355372
chr_12 17050001 17060000 0.00807933884297521
chr_12 17060001 17070000 0.00844512396694215
chr_12 17070001 17080000 0.00965157024793388
chr_12 17080001 17090000 0.00959818181818182
chr_12 17090001 17100000 0.00883917355371901
chr_12 17100001 17110000 0.00865768595041322
chr_12 17110001 17120000 0.00953768595041322
chr_12 17120001 17130000 0
chr_12 17130001 17140000 0
chr_12 17140001 17150000 0
chr_12 17150001 17160000 0
chr_12 17160001 17170000 0
chr_12 17170001 17180000 0
chr_12 17180001 17190000 0
chr_12 17190001 17200000 0
chr_12 17200001 17210000 0
chr_12 17210001 17220000 0
chr_12 17220001 17230000 0
chr_12 17230001 17240000 0
chr_12 17240001 17250000 0
chr_12 17250001 17260000 0
chr_12 17260001 17270000 0
chr_12 17270001 17280000 0
chr_12 17280001 17290000 0
chr_12 17290001 17300000 0
chr_12 17300001 17310000 0
chr_12 17310001 17320000 0
chr_12 17320001 17330000 0
chr_12 17330001 17340000 0
chr_12 17340001 17350000 0
chr_12 17350001 17360000 0
chr_12 17360001 17370000 0
chr_12 17370001 17380000 0.000185123966942149
chr_12 17380001 17390000 0
chr_12 17390001 17400000 0
chr_12 17400001 17410000 0
chr_12 17410001 17420000 0.00856578512396694
chr_12 17420001 17430000 0.0112102479338843
chr_12 17430001 17440000 0.00720661157024793
chr_12 17440001 17450000 0.00721355371900826
chr_12 17450001 17460000 0.00791090909090909
chr_12 17460001 17470000 0.00592363636363636
chr_12 17470001 17480000 0.0103780165289256
chr_12 17480001 17490000 0.00844347107438017
chr_12 17490001 17500000 0.00753338842975207
chr_12 17500001 17510000 0.00716545454545455
chr_12 17510001 17520000 0.00682892561983471
chr_12 17520001 17530000 0.00763074380165289
chr_12 17530001 17540000 0.00742760330578512
chr_12 17540001 17550000 0.00812743801652893
chr_12 17550001 17560000 0.00500727272727273
chr_12 17560001 17570000 0.00657685950413223
chr_12 17570001 17580000 0.00588743801652893
chr_12 17580001 17590000 0.00526297520661157
chr_12 17590001 17600000 0.00510925619834711
chr_12 17600001 17610000 0.00340611570247934
chr_12 17610001 17620000 0.0037095867768595
chr_12 17620001 17630000 0.00368628099173554
chr_12 17630001 17640000 0.00421173553719008
chr_12 17640001 17650000 0.00412479338842975
chr_12 17650001 17660000 0.00376760330578512
chr_12 17660001 17670000 0.00417471074380165
chr_12 17670001 17680000 0.00312462809917355
chr_12 17680001 17690000 0.00366892561983471
chr_12 17690001 17700000 0.00463454545454545
chr_12 17700001 17710000 0.00473487603305785
chr_12 17710001 17720000 0.00406661157024793
chr_12 17720001 17730000 0.00363404958677686
chr_12 17730001 17740000 0.00359851239669421
chr_12 17740001 17750000 0.00225636363636364
chr_12 17750001 17760000 0.00238462809917355
chr_12 17760001 17770000 0.00170297520661157
chr_12 17770001 17780000 0.00332628099173554
chr_12 17780001 17790000 0.00386181818181818
chr_12 17790001 17800000 0.00406710743801653
chr_12 17800001 17810000 0.00633636363636364
chr_12 17810001 17820000 0.00465619834710744
chr_12 17820001 17830000 0.0023295867768595
chr_12 17830001 17840000 0.00341454545454545
chr_12 17840001 17850000 0.0041897520661157
chr_12 17850001 17860000 0.00306
chr_12 17860001 17870000 0.00369355371900826
chr_12 17870001 17880000 0.00638280991735537
chr_12 17880001 17890000 0.00707785123966942
chr_12 17890001 17900000 0.00912214876033058
chr_12 17900001 17910000 0.00592099173553719
chr_12 17910001 17920000 0.00704909090909091
chr_12 17920001 17930000 0.00531537190082645
chr_12 17930001 17940000 0.00370727272727273
chr_12 17940001 17950000 0.00358710743801653
chr_12 17950001 17960000 0.00287438016528926
chr_12 17960001 17970000 0.00330049586776859
chr_12 17970001 17980000 0.00561586776859504
chr_12 17980001 17990000 0.00522413223140496
chr_12 17990001 1.8e+07 0.00912710743801653
chr_12 18000001 18010000 0.00574429752066116
chr_12 18010001 18020000 0.00536793388429752
chr_12 18020001 18030000 0.00506330578512397
chr_12 18030001 18040000 0.00411157024793388
chr_12 18040001 18050000 0.00358198347107438
chr_12 18050001 18060000 0.00308
chr_12 18060001 18070000 0.00462710743801653
chr_12 18070001 18080000 0.00268264462809917
chr_12 18080001 18090000 0.0037295867768595
chr_12 18090001 18100000 0.0046003305785124
chr_12 18100001 18110000 0.00542892561983471
chr_12 18110001 18120000 0.00550661157024793
chr_12 18120001 18130000 0.00860826446280992
chr_12 18130001 18140000 0.00760677685950413
chr_12 18140001 18150000 0.00554545454545455
chr_12 18150001 18160000 0.00778297520661157
chr_12 18160001 18170000 0.00709867768595041
chr_12 18170001 18180000 0.00768512396694215
chr_12 18180001 18190000 0.00877586776859504
chr_12 18190001 18200000 0.00693537190082645
chr_12 18200001 18210000 0.00647586776859504
chr_12 18210001 18220000 0.00583487603305785
chr_12 18220001 18230000 0.0052804958677686
chr_12 18230001 18240000 0.00338247933884298
chr_12 18240001 18250000 0.00480677685950413
chr_12 18250001 18260000 0.00418892561983471
chr_12 18260001 18270000 0.00376760330578512
chr_12 18270001 18280000 0.00474297520661157
chr_12 18280001 18290000 0.00502644628099174
chr_12 18290001 18300000 0.0052899173553719
chr_12 18300001 18310000 0.0045596694214876
chr_12 18310001 18320000 0.00400561983471074
chr_12 18320001 18330000 0.00440925619834711
chr_12 18330001 18340000 0.00621256198347107
chr_12 18340001 18350000 0.00532925619834711
chr_12 18350001 18360000 0.00473603305785124
chr_12 18360001 18370000 0.00768694214876033
chr_12 18370001 18380000 0.00543090909090909
chr_12 18380001 18390000 0.00461570247933884
chr_12 18390001 18400000 0.00557438016528926
chr_12 18400001 18410000 0.00623917355371901
chr_12 18410001 18420000 0.00563504132231405
chr_12 18420001 18430000 0.00622082644628099
chr_12 18430001 18440000 0.00580462809917355
chr_12 18440001 18450000 0.00694727272727273
chr_12 18450001 18460000 0.00880677685950413
chr_12 18460001 18470000 0.0067104132231405
chr_12 18470001 18480000 0.00692793388429752
chr_12 18480001 18490000 0.00751140495867769
chr_12 18490001 18500000 0.00744280991735537
chr_12 18500001 18510000 0.0069398347107438
chr_12 18510001 18520000 0.00614892561983471
chr_12 18520001 18530000 0.00398677685950413
chr_12 18530001 18540000 0.00489719008264463
chr_12 18540001 18550000 0.00506776859504132
chr_12 18550001 18560000 0.00552413223140496
chr_12 18560001 18570000 0.00696528925619835
chr_12 18570001 18580000 0.00765487603305785
chr_12 18580001 18590000 0.00686876033057851
chr_12 18590001 18600000 0.00715090909090909
chr_12 18600001 18610000 0.00804876033057851
chr_12 18610001 18620000 0.00561057851239669
chr_12 18620001 18630000 0.00675933884297521
chr_12 18630001 18640000 0.00951256198347107
chr_12 18640001 18650000 0.00760413223140496
chr_12 18650001 18660000 0.00778793388429752
chr_12 18660001 18670000 0.00752628099173554
chr_12 18670001 18680000 0.00725570247933884
chr_12 18680001 18690000 0.00559256198347107
chr_12 18690001 18700000 0.0049004958677686
chr_12 18700001 18710000 0.00455090909090909
chr_12 18710001 18720000 0.00460280991735537
chr_12 18720001 18730000 0.00356892561983471
chr_12 18730001 18740000 0.00466347107438017
chr_12 18740001 18750000 0.0069801652892562
chr_12 18750001 18760000 0.00706198347107438
chr_12 18760001 18770000 0.00938049586776859
chr_12 18770001 18780000 0.00905900826446281
chr_12 18780001 18790000 0.0121165289256198
chr_12 18790001 18800000 0.0094398347107438
chr_12 18800001 18810000 0.00995140495867769
chr_12 18810001 18820000 0.0124657851239669
chr_12 18820001 18830000 0.0096398347107438
chr_12 18830001 18840000 0.00614231404958678
chr_12 18840001 18850000 0.00504446280991736
chr_12 18850001 18860000 0.00449851239669421
chr_12 18860001 18870000 0.00310132231404959
chr_12 18870001 18880000 0.00474578512396694
chr_12 18880001 18890000 0.00803074380165289
chr_12 18890001 18900000 0.00990859504132231
chr_12 18900001 18910000 0.00473190082644628
chr_12 18910001 18920000 0.00755404958677686
chr_12 18920001 18930000 0.00712115702479339
chr_12 18930001 18940000 0.00833239669421488
chr_12 18940001 18950000 0.00993950413223141
chr_12 18950001 18960000 0.0116325619834711
chr_12 18960001 18970000 0.0103955371900826
chr_12 18970001 18980000 0.00709950413223141
chr_12 18980001 18990000 0.00907900826446281
chr_12 18990001 1.9e+07 0.00845702479338843
chr_12 19000001 19010000 0.00882099173553719
chr_12 19010001 19020000 0.00793256198347107
chr_12 19020001 19030000 0.00738115702479339
chr_12 19030001 19040000 0.00622677685950413
chr_12 19040001 19050000 0.0099998347107438
chr_12 19050001 19060000 0.00183884297520661
chr_12 19060001 19070000 0.00183768595041322
chr_12 19070001 19080000 0.0128128925619835
chr_12 19080001 19090000 0.0138074380165289
chr_12 19090001 19100000 0.0103667768595041
chr_12 19100001 19110000 0.0115996694214876
chr_12 19110001 19120000 0.0208163636363636
chr_12 19120001 19130000 0.0172884297520661
chr_12 19130001 19140000 0.00815322314049587
chr_12 19140001 19150000 0.00462760330578512
chr_12 19150001 19160000 0.00451438016528926
chr_12 19160001 19170000 0.0076801652892562
chr_12 19170001 19180000 0.00573471074380165
chr_12 19180001 19190000 0.00904776859504132
chr_12 19190001 19200000 0.00864528925619835
chr_12 19200001 19210000 0.00816330578512397
chr_12 19210001 19220000 0.0069604958677686
chr_12 19220001 19230000 0.00914297520661157
chr_12 19230001 19240000 0.00867438016528926
chr_12 19240001 19250000 0.01006
chr_12 19250001 19260000 0.00547438016528926
chr_12 19260001 19270000 0.00274082644628099
chr_12 19270001 19280000 0.00306198347107438
chr_12 19280001 19290000 0.00347818181818182
chr_12 19290001 19300000 0.00716528925619835
chr_12 19300001 19310000 0.00760644628099174
chr_12 19310001 19320000 0.00961950413223141
chr_12 19320001 19330000 0.00737454545454545
chr_12 19330001 19340000 0.00677074380165289
chr_12 19340001 19350000 0.00723735537190083
chr_12 19350001 19360000 0.00534743801652893
chr_12 19360001 19370000 0.00747057851239669
chr_12 19370001 19380000 0.00587933884297521
chr_12 19380001 19390000 0.00707438016528926
chr_12 19390001 19400000 0.00594561983471074
chr_12 19400001 19410000 0.00598280991735537
chr_12 19410001 19420000 0.00660809917355372
chr_12 19420001 19430000 0.00498859504132231
chr_12 19430001 19440000 0.00952231404958678
chr_12 19440001 19450000 0.00527553719008264
chr_12 19450001 19460000 0.00585950413223141
chr_12 19460001 19470000 0.00798363636363636
chr_12 19470001 19480000 0.00893768595041322
chr_12 19480001 19490000 0.0097001652892562
chr_12 19490001 19500000 0.0071495867768595
chr_12 19500001 19510000 0.00584909090909091
chr_12 19510001 19520000 0.00430363636363636
chr_12 19520001 19530000 0.00465619834710744
chr_12 19530001 19540000 0.00526809917355372
chr_12 19540001 19550000 0.00416942148760331
chr_12 19550001 19560000 0.00373421487603306
chr_12 19560001 19570000 0.00788793388429752
chr_12 19570001 19580000 0.00901685950413223
chr_12 19580001 19590000 0.00986413223140496
chr_12 19590001 19600000 0.0085899173553719
chr_12 19600001 19610000 0.00828198347107438
chr_12 19610001 19620000 0.0079099173553719
chr_12 19620001 19630000 0.00852165289256198
chr_12 19630001 19640000 0.00930545454545455
chr_12 19640001 19650000 0.00445206611570248
chr_12 19650001 19660000 0.00635867768595041
chr_12 19660001 19670000 0.00805768595041322
chr_12 19670001 19680000 0.00867090909090909
chr_12 19680001 19690000 0.0101700826446281
chr_12 19690001 19700000 0.00759123966942149
chr_12 19700001 19710000 0.00602876033057851
chr_12 19710001 19720000 0.00609421487603306
chr_12 19720001 19730000 0.00724694214876033
chr_12 19730001 19740000 0.00700347107438017
chr_12 19740001 19750000 0.00542115702479339
chr_12 19750001 19760000 0.00615074380165289
chr_12 19760001 19770000 0.00515123966942149
chr_12 19770001 19780000 0.00464347107438016
chr_12 19780001 19790000 0.00577371900826446
chr_12 19790001 19800000 0.0111398347107438
chr_12 19800001 19810000 0.00860231404958678
chr_12 19810001 19820000 0.00891421487603306
chr_12 19820001 19830000 0.0112373553719008
chr_12 19830001 19840000 0.00833355371900826
chr_12 19840001 19850000 0.00774396694214876
chr_12 19850001 19860000 0.00577735537190083
chr_12 19860001 19870000 0.00410760330578512
chr_12 19870001 19880000 0.00609338842975207
chr_12 19880001 19890000 0.0092102479338843
chr_12 19890001 19900000 0.00682644628099174
chr_12 19900001 19910000 0.00563454545454545
chr_12 19910001 19920000 0.00646942148760331
chr_12 19920001 19930000 0.00464743801652893
chr_12 19930001 19940000 0.00556595041322314
chr_12 19940001 19950000 0.00490462809917355
chr_12 19950001 19960000 0.00684495867768595
chr_12 19960001 19970000 0.00897223140495868
chr_12 19970001 19980000 0.00825289256198347
chr_12 19980001 19990000 0.00914082644628099
chr_12 19990001 2e+07 0.0113595041322314
chr_12 20000001 20010000 0.0081598347107438
chr_12 20010001 20020000 0.00839355371900826
chr_12 20020001 20030000 0.00708231404958678
chr_12 20030001 20040000 0.00869603305785124
chr_12 20040001 20050000 0.00792132231404959
chr_12 20050001 20060000 0.0133849586776859
chr_12 20060001 20070000 0.00739256198347107
chr_12 20070001 20080000 0.00777636363636364
chr_12 20080001 20090000 0.00468214876033058
chr_12 20090001 20100000 0.00598429752066116
chr_12 20100001 20110000 0.00629322314049587
chr_12 20110001 20120000 0.0101856198347107
chr_12 20120001 20130000 0.00865157024793388
chr_12 20130001 20140000 0.00785801652892562
chr_12 20140001 20150000 0.00859603305785124
chr_12 20150001 20160000 0.00734710743801653
chr_12 20160001 20170000 0.00800165289256198
chr_12 20170001 20180000 0.00948661157024793
chr_12 20180001 20190000 0.00882082644628099
chr_12 20190001 20200000 0.00787504132231405
chr_12 20200001 20210000 0.00890297520661157
chr_12 20210001 20220000 0.0100836363636364
chr_12 20220001 20230000 0.00768479338842975
chr_12 20230001 20240000 0.00733553719008264
chr_12 20240001 20250000 0.00547256198347107
chr_12 20250001 20260000 0.00553305785123967
chr_12 20260001 20270000 0.00561256198347107
chr_12 20270001 20280000 0.00571917355371901
chr_12 20280001 20290000 0.00496413223140496
chr_12 20290001 20300000 0.00797041322314049
chr_12 20300001 20310000 0.00653322314049587
chr_12 20310001 20320000 0.00765570247933884
chr_12 20320001 20330000 0.0071396694214876
chr_12 20330001 20340000 0.00678231404958678
chr_12 20340001 20350000 0.00783652892561983
chr_12 20350001 20360000 0.0051601652892562
chr_12 20360001 20370000 0.00732892561983471
chr_12 20370001 20380000 0.00311900826446281
chr_12 20380001 20390000 0.000291735537190083
chr_12 20390001 20400000 0.000318512396694215
chr_12 20400001 20410000 0.000562479338842975
chr_12 20410001 20420000 0.00191157024793388
chr_12 20420001 20430000 0.00241123966942149
chr_12 20430001 20440000 0.00321123966942149
chr_12 20440001 20450000 0.00384809917355372
chr_12 20450001 20460000 0.00560776859504132
chr_12 20460001 20470000 0.00579867768595041
chr_12 20470001 20480000 0.00818876033057851
chr_12 20480001 20490000 0.0072795041322314
chr_12 20490001 20500000 0.00663520661157025
chr_12 20500001 20510000 0.00640826446280992
chr_12 20510001 20520000 0.00778247933884298
chr_12 20520001 20530000 0.00766314049586777
chr_12 20530001 20540000 0.0105459504132231
chr_12 20540001 20550000 0.00865421487603306
chr_12 20550001 20560000 0.00911652892561983
chr_12 20560001 20570000 0.00923256198347108
chr_12 20570001 20580000 0.00659388429752066
chr_12 20580001 20590000 0.00708
chr_12 20590001 20600000 0.00718512396694215
chr_12 20600001 20610000 0.011102479338843
chr_12 20610001 20620000 0.00847702479338843
chr_12 20620001 20630000 0.00787520661157025
chr_12 20630001 20640000 0.00250429752066116
chr_12 20640001 20650000 0.00386165289256198
chr_12 20650001 20660000 0.00774099173553719
chr_12 20660001 20670000 0.00795537190082645
chr_12 20670001 20680000 0.00782925619834711
chr_12 20680001 20690000 0.00662495867768595
chr_12 20690001 20700000 0.0084601652892562
chr_12 20700001 20710000 0.00741090909090909
chr_12 20710001 20720000 0.00623801652892562
chr_12 20720001 20730000 0.00620545454545455
chr_12 20730001 20740000 0.00786694214876033
chr_12 20740001 20750000 0.00776628099173554
chr_12 20750001 20760000 0.00726198347107438
chr_12 20760001 20770000 0.00658181818181818
chr_12 20770001 20780000 0.00691471074380165
chr_12 20780001 20790000 0.00577355371900826
chr_12 20790001 20800000 0.00672231404958678
chr_12 20800001 20810000 0.00640892561983471
chr_12 20810001 20820000 0.00692628099173554
chr_12 20820001 20830000 0.00603669421487603
chr_12 20830001 20840000 0.00619867768595041
chr_12 20840001 20850000 0.00711900826446281
chr_12 20850001 20860000 0.00704082644628099
chr_12 20860001 20870000 0.00444925619834711
chr_12 20870001 20880000 0.00797223140495868
chr_12 20880001 20890000 0.00645768595041322
chr_12 20890001 20900000 0.00750793388429752
chr_12 20900001 20910000 0.00825669421487603
chr_12 20910001 20920000 0.00789636363636364
chr_12 20920001 20930000 0.00618
chr_12 20930001 20940000 0.00833553719008264
chr_12 20940001 20950000 0.00670198347107438
chr_12 20950001 20960000 0.00676512396694215
chr_12 20960001 20970000 0.00774396694214876
chr_12 20970001 20980000 0.00655818181818182
chr_12 20980001 20990000 0.0041100826446281
chr_12 20990001 2.1e+07 0.00318314049586777
chr_12 21000001 21010000 0.00415950413223141
chr_12 21010001 21020000 0.00522462809917355
chr_12 21020001 21030000 0.00383107438016529
chr_12 21030001 21040000 0.00616396694214876
chr_12 21040001 21050000 0.00630148760330579
chr_12 21050001 21060000 0.00460743801652893
chr_12 21060001 21070000 0.00589388429752066
chr_12 21070001 21080000 0.00493553719008265
chr_12 21080001 21090000 0.0033
chr_12 21090001 21100000 0.00472115702479339
chr_12 21100001 21110000 0.00388644628099174
chr_12 21110001 21120000 0.00578413223140496
chr_12 21120001 21130000 0.00500280991735537
chr_12 21130001 21140000 0.00559669421487603
chr_12 21140001 21150000 0.00648942148760331
chr_12 21150001 21160000 0.00670380165289256
chr_12 21160001 21170000 0.00530049586776859
chr_12 21170001 21180000 0.00618330578512397
chr_12 21180001 21190000 0.00667454545454545
chr_12 21190001 21200000 0.00757090909090909
chr_12 21200001 21210000 0.00632628099173554
chr_12 21210001 21220000 0.00727123966942149
chr_12 21220001 21230000 0.00506561983471074
chr_12 21230001 21240000 0.00605438016528926
chr_12 21240001 21250000 0.00539223140495868
chr_12 21250001 21260000 0.00568859504132231
chr_12 21260001 21270000 0.00608148760330578
chr_12 21270001 21280000 0.00479421487603306
chr_12 21280001 21290000 0.00429239669421488
chr_12 21290001 21300000 0.00573851239669421
chr_12 21300001 21310000 0.00477454545454545
chr_12 21310001 21320000 0.00800892561983471
chr_12 21320001 21330000 0.00561884297520661
chr_12 21330001 21340000 0.00591239669421488
chr_12 21340001 21350000 0.00524148760330579
chr_12 21350001 21360000 0.00665520661157025
chr_12 21360001 21370000 0.00473785123966942
chr_12 21370001 21380000 0.00607801652892562
chr_12 21380001 21390000 0.00420578512396694
chr_12 21390001 21400000 0.00201735537190083
chr_12 21400001 21410000 0.00317834710743802
chr_12 21410001 21420000 0.00553719008264463
chr_12 21420001 21430000 0.00647669421487603
chr_12 21430001 21440000 0.00609636363636364
chr_12 21440001 21450000 0.0084102479338843
chr_12 21450001 21460000 0.0063
chr_12 21460001 21470000 0.00652776859504132
chr_12 21470001 21480000 0.0065497520661157
chr_12 21480001 21490000 0.00687057851239669
chr_12 21490001 21500000 0.00677090909090909
chr_12 21500001 21510000 0.00647933884297521
chr_12 21510001 21520000 0.0058902479338843
chr_12 21520001 21530000 0.00627785123966942
chr_12 21530001 21540000 0.00464115702479339
chr_12 21540001 21550000 0.00500347107438017
chr_12 21550001 21560000 0.00502628099173554
chr_12 21560001 21570000 0.00396314049586777
chr_12 21570001 21580000 0.00563917355371901
chr_12 21580001 21590000 0.00695867768595041
chr_12 21590001 21600000 0.00475537190082645
chr_12 21600001 21610000 0.000881322314049587
chr_12 21610001 21620000 0.00527917355371901
chr_12 21620001 21630000 0.00441272727272727
chr_12 21630001 21640000 0.00400181818181818
chr_12 21640001 21650000 0.00535223140495868
chr_12 21650001 21660000 0.00499652892561983
chr_12 21660001 21670000 0.00292611570247934
chr_12 21670001 21680000 0.00367884297520661
chr_12 21680001 21690000 0.00302710743801653
chr_12 21690001 21700000 0.00342231404958678
chr_12 21700001 21710000 0.00309603305785124
chr_12 21710001 21720000 0.00315768595041322
chr_12 21720001 21730000 0.00194561983471074
chr_12 21730001 21740000 0.00326231404958678
chr_12 21740001 21750000 0.00269421487603306
chr_12 21750001 21760000 0.00337685950413223
chr_12 21760001 21770000 0.00278793388429752
chr_12 21770001 21780000 0.0048900826446281
chr_12 21780001 21790000 0.00297669421487603
chr_12 21790001 21800000 0.00451735537190083
chr_12 21800001 21810000 0.00455818181818182
chr_12 21810001 21820000 0.00596793388429752
chr_12 21820001 21830000 0.00465851239669421
chr_12 21830001 21840000 0.00428347107438016
chr_12 21840001 21850000 0.0051900826446281
chr_12 21850001 21860000 0.00363487603305785
chr_12 21860001 21870000 0.0041596694214876
chr_12 21870001 21880000 0.00115305785123967
chr_12 21880001 21890000 0.0026398347107438
chr_12 21890001 21900000 0.00424214876033058
chr_12 21900001 21910000 0.0038299173553719
chr_12 21910001 21920000 0.0050704132231405
chr_12 21920001 21930000 0.00405933884297521
chr_12 21930001 21940000 0.00448148760330578
chr_12 21940001 21950000 0.00553834710743802
chr_12 21950001 21960000 0.00348413223140496
chr_12 21960001 21970000 0.00291090909090909
chr_12 21970001 21980000 0.00247090909090909
chr_12 21980001 21990000 0.00226066115702479
chr_12 21990001 2.2e+07 0.0028897520661157
chr_12 22000001 22010000 0.00538396694214876
chr_12 22010001 22020000 0.00291355371900826
chr_12 22020001 22030000 0.000637851239669422
chr_12 22030001 22040000 0.000544132231404959
chr_12 22040001 22050000 0.00357752066115702
chr_12 22050001 22060000 0.00353173553719008
chr_12 22060001 22070000 0.0064295867768595
chr_12 22070001 22080000 0.00533388429752066
chr_12 22080001 22090000 0.00661768595041322
chr_12 22090001 22100000 0.00360165289256198
chr_12 22100001 22110000 0.00419685950413223
chr_12 22110001 22120000 0.00463289256198347
chr_12 22120001 22130000 0.00518694214876033
chr_12 22130001 22140000 0.00412132231404959
chr_12 22140001 22150000 0.00585719008264463
chr_12 22150001 22160000 0.00480876033057851
chr_12 22160001 22170000 0.00185404958677686
chr_12 22170001 22180000 0.00672099173553719
chr_12 22180001 22190000 0.00406181818181818
chr_12 22190001 22200000 0.00475884297520661
chr_12 22200001 22210000 0.00384380165289256
chr_12 22210001 22220000 0.00444264462809917
chr_12 22220001 22230000 0.00280363636363636
chr_12 22230001 22240000 0.00454661157024793
