1311 10
11311 18
21311 13
31311 7
41311 11
51311 9
61311 9
71311 10
81311 5
91311 5
101311 6
111311 6
121311 6
131311 6
141311 6
151311 9
161311 12
171311 7
181311 7
191311 5
201311 12
211311 5
221311 6
231311 6
241311 5
251311 5
261311 7
271311 18
281311 8
291311 10
301311 9
311311 12
321311 14
331311 15
341311 11
351311 13
361311 17
371311 11
381311 14
391311 16
401311 15
411311 14
421311 17
431311 15
441311 11
451311 11
461311 16
471311 17
481311 13
491311 19
501311 21
511311 9
521311 19
531311 18
541311 18
551311 14
561311 13
571311 13
581311 10
591311 9
601311 14
611311 17
621311 15
631311 14
641311 10
651311 12
661311 17
671311 14
681311 16
691311 19
701311 10
711311 17
721311 13
731311 20
741311 12
751311 10
761311 15
771311 16
781311 13
791311 13
801311 14
811311 17
821311 17
831311 14
841311 19
851311 18
861311 17
871311 15
881311 12
891311 16
901311 16
911311 16
921311 16
931311 16
941311 15
951311 17
961311 13
971311 21
981311 14
991311 19
1.00131e+06 18
1.01131e+06 7
1.02131e+06 16
1.03131e+06 19
1.04131e+06 14
1.05131e+06 15
1.06131e+06 16
1.07131e+06 10
1.08131e+06 16
1.09131e+06 9
1.10131e+06 14
1.11131e+06 15
1.12131e+06 17
1.13131e+06 19
1.14131e+06 16
1.15131e+06 17
1.16131e+06 18
1.17131e+06 13
1.18131e+06 20
1.19131e+06 18
1.20131e+06 15
1.21131e+06 16
1.22131e+06 14
1.23131e+06 12
1.24131e+06 12
1.25131e+06 17
1.26131e+06 15
1.27131e+06 19
1.28131e+06 21
1.29131e+06 15
1.30131e+06 15
1.31131e+06 16
1.32131e+06 13
1.33131e+06 16
1.34131e+06 9
1.35131e+06 15
1.36131e+06 15
1.37131e+06 14
1.38131e+06 11
1.39131e+06 14
1.40131e+06 9
1.41131e+06 12
1.42131e+06 19
1.43131e+06 17
1.44131e+06 20
1.45131e+06 12
1.46131e+06 15
1.47131e+06 9
1.48131e+06 15
1.49131e+06 17
1.50131e+06 10
1.51131e+06 9
1.52131e+06 16
1.53131e+06 14
1.54131e+06 15
1.55131e+06 10
1.56131e+06 11
1.57131e+06 18
1.58131e+06 19
1.59131e+06 13
1.60131e+06 13
1.61131e+06 16
1.62131e+06 10
1.63131e+06 16
1.64131e+06 16
1.65131e+06 16
1.66131e+06 16
1.67131e+06 11
1.68131e+06 7
1.69131e+06 11
1.70131e+06 16
1.71131e+06 14
1.72131e+06 13
1.73131e+06 16
1.74131e+06 18
1.75131e+06 16
1.76131e+06 17
1.77131e+06 18
1.78131e+06 20
1.79131e+06 16
1.80131e+06 16
1.81131e+06 6
1.82131e+06 16
1.83131e+06 8
1.84131e+06 13
1.85131e+06 18
1.86131e+06 18
1.87131e+06 16
1.88131e+06 16
1.89131e+06 16
1.90131e+06 16
1.91131e+06 16
1.92131e+06 16
1.93131e+06 16
1.94131e+06 16
1.95131e+06 13
1.96131e+06 16
1.97131e+06 16
1.98131e+06 16
1.99131e+06 16
2.00131e+06 16
2.01131e+06 16
2.02131e+06 18
2.03131e+06 16
2.04131e+06 16
2.05131e+06 16
2.06131e+06 18
2.07131e+06 16
2.08131e+06 16
2.09131e+06 16
2.10131e+06 17
2.11131e+06 16
2.12131e+06 16
2.13131e+06 17
2.14131e+06 16
2.15131e+06 16
2.16131e+06 16
2.17131e+06 16
2.18131e+06 17
2.19131e+06 17
2.20131e+06 16
2.21131e+06 16
2.22131e+06 15
2.23131e+06 16
2.24131e+06 16
2.25131e+06 16
2.26131e+06 16
2.27131e+06 16
2.28131e+06 16
2.29131e+06 16
2.30131e+06 12
2.31131e+06 16
2.32131e+06 16
2.33131e+06 20
2.34131e+06 12
2.35131e+06 16
2.36131e+06 16
2.37131e+06 16
2.38131e+06 17
2.39131e+06 15
2.40131e+06 10
2.41131e+06 17
2.42131e+06 17
2.43131e+06 20
2.44131e+06 16
2.45131e+06 18
2.46131e+06 22
2.47131e+06 15
2.48131e+06 21
2.49131e+06 18
2.50131e+06 18
2.51131e+06 13
2.52131e+06 12
2.53131e+06 20
2.54131e+06 16
2.55131e+06 8
2.56131e+06 17
2.57131e+06 17
2.58131e+06 15
2.59131e+06 14
2.60131e+06 17
2.61131e+06 18
2.62131e+06 17
2.63131e+06 16
2.64131e+06 17
2.65131e+06 10
2.66131e+06 15
2.67131e+06 11
2.68131e+06 18
2.69131e+06 8
2.70131e+06 18
2.71131e+06 16
2.72131e+06 18
2.73131e+06 14
2.74131e+06 19
2.75131e+06 17
2.76131e+06 16
2.77131e+06 16
2.78131e+06 16
2.79131e+06 16
2.80131e+06 16
2.81131e+06 16
2.82131e+06 16
2.83131e+06 16
2.84131e+06 16
2.85131e+06 16
2.86131e+06 16
2.87131e+06 19
2.88131e+06 15
2.89131e+06 8
2.90131e+06 17
2.91131e+06 16
2.92131e+06 17
2.93131e+06 15
2.94131e+06 12
2.95131e+06 10
2.96131e+06 14
2.97131e+06 13
2.98131e+06 8
2.99131e+06 15
3.00131e+06 16
3.01131e+06 18
3.02131e+06 18
3.03131e+06 15
3.04131e+06 16
3.05131e+06 7
3.06131e+06 20
3.07131e+06 16
3.08131e+06 17
3.09131e+06 18
3.10131e+06 11
3.11131e+06 10
3.12131e+06 9
3.13131e+06 18
3.14131e+06 14
3.15131e+06 18
3.16131e+06 18
3.17131e+06 17
3.18131e+06 10
3.19131e+06 14
3.20131e+06 15
3.21131e+06 19
3.22131e+06 10
3.23131e+06 16
3.24131e+06 17
3.25131e+06 10
3.26131e+06 19
3.27131e+06 14
3.28131e+06 16
3.29131e+06 17
3.30131e+06 11
3.31131e+06 13
3.32131e+06 13
3.33131e+06 18
3.34131e+06 20
3.35131e+06 18
3.36131e+06 15
3.37131e+06 13
3.38131e+06 14
3.39131e+06 15
3.40131e+06 16
3.41131e+06 15
3.42131e+06 15
3.43131e+06 16
3.44131e+06 16
3.45131e+06 16
3.46131e+06 16
3.47131e+06 17
3.48131e+06 17
3.49131e+06 17
3.50131e+06 16
3.51131e+06 14
3.52131e+06 14
3.53131e+06 15
3.54131e+06 19
3.55131e+06 13
3.56131e+06 19
3.57131e+06 13
3.58131e+06 18
3.59131e+06 16
3.60131e+06 16
3.61131e+06 18
3.62131e+06 16
3.63131e+06 13
3.64131e+06 17
3.65131e+06 7
3.66131e+06 15
3.67131e+06 13
3.68131e+06 16
3.69131e+06 15
3.70131e+06 17
3.71131e+06 15
3.72131e+06 15
3.73131e+06 18
3.74131e+06 13
3.75131e+06 20
3.76131e+06 19
3.77131e+06 19
3.78131e+06 11
3.79131e+06 14
3.80131e+06 16
3.81131e+06 18
3.82131e+06 21
3.83131e+06 21
3.84131e+06 20
3.85131e+06 19
3.86131e+06 18
3.87131e+06 17
3.88131e+06 19
3.89131e+06 17
3.90131e+06 17
3.91131e+06 15
3.92131e+06 15
3.93131e+06 16
3.94131e+06 18
3.95131e+06 15
3.96131e+06 16
3.97131e+06 18
3.98131e+06 16
3.99131e+06 19
4.00131e+06 13
4.01131e+06 15
4.02131e+06 18
4.03131e+06 19
4.04131e+06 15
4.05131e+06 11
4.06131e+06 15
4.07131e+06 15
4.08131e+06 19
4.09131e+06 12
4.10131e+06 17
4.11131e+06 16
4.12131e+06 16
4.13131e+06 15
4.14131e+06 15
4.15131e+06 15
4.16131e+06 13
4.17131e+06 18
4.18131e+06 16
4.19131e+06 17
4.20131e+06 12
4.21131e+06 18
4.22131e+06 15
4.23131e+06 13
4.24131e+06 15
4.25131e+06 11
4.26131e+06 16
4.27131e+06 17
4.28131e+06 14
4.29131e+06 19
4.30131e+06 18
4.31131e+06 16
4.32131e+06 16
4.33131e+06 20
4.34131e+06 17
4.35131e+06 17
4.36131e+06 19
4.37131e+06 12
4.38131e+06 13
4.39131e+06 18
4.40131e+06 15
4.41131e+06 20
4.42131e+06 16
4.43131e+06 14
4.44131e+06 15
4.45131e+06 20
4.46131e+06 20
4.47131e+06 19
4.48131e+06 13
4.49131e+06 15
4.50131e+06 12
4.51131e+06 13
4.52131e+06 12
4.53131e+06 13
4.54131e+06 14
4.55131e+06 19
4.56131e+06 17
4.57131e+06 18
4.58131e+06 18
4.59131e+06 18
4.60131e+06 13
4.61131e+06 14
4.62131e+06 16
4.63131e+06 16
4.64131e+06 14
4.65131e+06 19
4.66131e+06 10
4.67131e+06 15
4.68131e+06 20
4.69131e+06 16
4.70131e+06 15
4.71131e+06 11
4.72131e+06 15
4.73131e+06 13
4.74131e+06 12
4.75131e+06 13
4.76131e+06 24
4.77131e+06 11
4.78131e+06 19
4.79131e+06 16
4.80131e+06 19
4.81131e+06 15
4.82131e+06 17
4.83131e+06 16
4.84131e+06 10
4.85131e+06 19
4.86131e+06 12
4.87131e+06 15
4.88131e+06 16
4.89131e+06 22
4.90131e+06 20
4.91131e+06 15
4.92131e+06 20
4.93131e+06 15
4.94131e+06 11
4.95131e+06 14
4.96131e+06 7
4.97131e+06 15
4.98131e+06 15
4.99131e+06 20
5.00131e+06 12
5.01131e+06 11
5.02131e+06 11
5.03131e+06 12
5.04131e+06 12
5.05131e+06 16
5.06131e+06 18
5.07131e+06 15
5.08131e+06 16
5.09131e+06 19
5.10131e+06 17
5.11131e+06 15
5.12131e+06 17
5.13131e+06 14
5.14131e+06 13
5.15131e+06 10
5.16131e+06 15
5.17131e+06 19
5.18131e+06 20
5.19131e+06 17
5.20131e+06 18
5.21131e+06 15
5.22131e+06 16
5.23131e+06 11
5.24131e+06 16
5.25131e+06 16
5.26131e+06 17
5.27131e+06 13
5.28131e+06 18
5.29131e+06 17
5.30131e+06 19
5.31131e+06 19
5.32131e+06 16
5.33131e+06 14
5.34131e+06 17
5.35131e+06 19
5.36131e+06 9
5.37131e+06 18
5.38131e+06 18
5.39131e+06 10
5.40131e+06 14
5.41131e+06 18
5.42131e+06 18
5.43131e+06 17
5.44131e+06 17
5.45131e+06 18
5.46131e+06 19
5.47131e+06 22
5.48131e+06 12
5.49131e+06 15
5.50131e+06 16
5.51131e+06 18
5.52131e+06 16
5.53131e+06 11
5.54131e+06 17
5.55131e+06 14
5.56131e+06 17
5.57131e+06 15
5.58131e+06 14
5.59131e+06 15
5.60131e+06 19
5.61131e+06 19
5.62131e+06 19
5.63131e+06 14
5.64131e+06 13
5.65131e+06 15
5.66131e+06 17
5.67131e+06 17
5.68131e+06 20
5.69131e+06 13
5.70131e+06 18
5.71131e+06 18
5.72131e+06 19
5.73131e+06 14
5.74131e+06 13
5.75131e+06 16
5.76131e+06 25
5.77131e+06 9
5.78131e+06 16
5.79131e+06 13
5.80131e+06 17
5.81131e+06 15
5.82131e+06 15
5.83131e+06 13
5.84131e+06 13
5.85131e+06 9
5.86131e+06 11
5.87131e+06 13
5.88131e+06 13
5.89131e+06 13
5.90131e+06 6
5.91131e+06 16
5.92131e+06 15
5.93131e+06 14
5.94131e+06 14
5.95131e+06 16
5.96131e+06 19
5.97131e+06 14
5.98131e+06 12
5.99131e+06 12
6.00131e+06 10
6.01131e+06 12
6.02131e+06 11
6.03131e+06 16
6.04131e+06 18
6.05131e+06 17
6.06131e+06 16
6.07131e+06 13
6.08131e+06 8
6.09131e+06 15
6.10131e+06 12
6.11131e+06 16
6.12131e+06 17
6.13131e+06 16
6.14131e+06 12
6.15131e+06 16
6.16131e+06 17
6.17131e+06 16
6.18131e+06 15
6.19131e+06 14
6.20131e+06 15
6.21131e+06 18
6.22131e+06 9
6.23131e+06 19
6.24131e+06 20
6.25131e+06 19
6.26131e+06 11
6.27131e+06 13
6.28131e+06 14
6.29131e+06 11
6.30131e+06 18
6.31131e+06 21
6.32131e+06 17
6.33131e+06 20
6.34131e+06 15
6.35131e+06 18
6.36131e+06 17
6.37131e+06 17
6.38131e+06 18
6.39131e+06 16
6.40131e+06 17
6.41131e+06 10
6.42131e+06 17
6.43131e+06 16
6.44131e+06 11
6.45131e+06 13
6.46131e+06 20
6.47131e+06 17
6.48131e+06 9
6.49131e+06 16
6.50131e+06 17
6.51131e+06 13
6.52131e+06 15
6.53131e+06 15
6.54131e+06 12
6.55131e+06 15
6.56131e+06 15
6.57131e+06 13
6.58131e+06 13
6.59131e+06 18
6.60131e+06 12
6.61131e+06 16
6.62131e+06 16
6.63131e+06 16
6.64131e+06 6
6.65131e+06 12
6.66131e+06 13
6.67131e+06 11
6.68131e+06 12
6.69131e+06 14
6.70131e+06 16
6.71131e+06 18
6.72131e+06 20
6.73131e+06 17
6.74131e+06 16
6.75131e+06 10
6.76131e+06 13
6.77131e+06 12
6.78131e+06 6
6.79131e+06 18
6.80131e+06 18
6.81131e+06 14
6.82131e+06 15
6.83131e+06 11
6.84131e+06 12
6.85131e+06 14
6.86131e+06 18
6.87131e+06 22
6.88131e+06 20
6.89131e+06 12
6.90131e+06 19
6.91131e+06 17
6.92131e+06 20
6.93131e+06 14
6.94131e+06 20
6.95131e+06 15
6.96131e+06 12
6.97131e+06 14
6.98131e+06 20
6.99131e+06 15
7.00131e+06 16
7.01131e+06 18
7.02131e+06 13
7.03131e+06 20
7.04131e+06 19
7.05131e+06 14
7.06131e+06 14
7.07131e+06 14
7.08131e+06 11
7.09131e+06 17
7.10131e+06 9
7.11131e+06 9
7.12131e+06 10
7.13131e+06 16
7.14131e+06 13
7.15131e+06 12
7.16131e+06 18
7.17131e+06 21
7.18131e+06 17
7.19131e+06 10
7.20131e+06 12
7.21131e+06 17
7.22131e+06 19
7.23131e+06 13
7.24131e+06 22
7.25131e+06 21
7.26131e+06 12
7.27131e+06 14
7.28131e+06 16
7.29131e+06 14
7.30131e+06 19
7.31131e+06 15
7.32131e+06 20
7.33131e+06 9
7.34131e+06 14
7.35131e+06 14
7.36131e+06 6
7.37131e+06 16
7.38131e+06 16
7.39131e+06 16
7.40131e+06 16
7.41131e+06 12
7.42131e+06 14
7.43131e+06 17
7.44131e+06 17
7.45131e+06 12
7.46131e+06 10
7.47131e+06 17
7.48131e+06 20
7.49131e+06 12
7.50131e+06 12
7.51131e+06 20
7.52131e+06 14
7.53131e+06 7
7.54131e+06 21
7.55131e+06 13
7.56131e+06 12
7.57131e+06 16
7.58131e+06 14
7.59131e+06 18
7.60131e+06 18
7.61131e+06 17
7.62131e+06 15
7.63131e+06 15
7.64131e+06 19
7.65131e+06 16
7.66131e+06 13
7.67131e+06 20
7.68131e+06 17
7.69131e+06 14
7.70131e+06 15
7.71131e+06 16
7.72131e+06 8
7.73131e+06 20
7.74131e+06 11
7.75131e+06 21
7.76131e+06 6
7.77131e+06 13
7.78131e+06 14
7.79131e+06 12
7.80131e+06 18
7.81131e+06 13
7.82131e+06 11
7.83131e+06 15
7.84131e+06 12
7.85131e+06 16
7.86131e+06 18
7.87131e+06 13
7.88131e+06 11
7.89131e+06 14
7.90131e+06 6
7.91131e+06 9
7.92131e+06 13
7.93131e+06 14
7.94131e+06 21
7.95131e+06 13
7.96131e+06 11
7.97131e+06 14
7.98131e+06 13
7.99131e+06 23
8.00131e+06 14
8.01131e+06 16
8.02131e+06 19
8.03131e+06 16
8.04131e+06 12
8.05131e+06 19
8.06131e+06 16
8.07131e+06 10
8.08131e+06 12
8.09131e+06 11
8.10131e+06 12
8.11131e+06 12
8.12131e+06 15
8.13131e+06 14
8.14131e+06 8
8.15131e+06 11
8.16131e+06 11
8.17131e+06 18
8.18131e+06 6
8.19131e+06 17
8.20131e+06 15
8.21131e+06 13
8.22131e+06 9
8.23131e+06 17
8.24131e+06 16
8.25131e+06 9
8.26131e+06 14
8.27131e+06 14
8.28131e+06 17
8.29131e+06 15
8.30131e+06 14
8.31131e+06 11
8.32131e+06 13
8.33131e+06 14
8.34131e+06 15
8.35131e+06 19
8.36131e+06 9
8.37131e+06 10
8.38131e+06 16
8.39131e+06 16
8.40131e+06 12
8.41131e+06 16
8.42131e+06 15
8.43131e+06 10
8.44131e+06 8
8.45131e+06 14
8.46131e+06 13
8.47131e+06 12
8.48131e+06 9
8.49131e+06 11
8.50131e+06 14
8.51131e+06 10
8.52131e+06 19
8.53131e+06 15
8.54131e+06 13
8.55131e+06 11
8.56131e+06 19
8.57131e+06 15
8.58131e+06 14
8.59131e+06 18
8.60131e+06 15
8.61131e+06 11
8.62131e+06 19
8.63131e+06 10
8.64131e+06 6
8.65131e+06 20
8.66131e+06 13
8.67131e+06 19
8.68131e+06 16
8.69131e+06 8
8.70131e+06 13
8.71131e+06 14
8.72131e+06 12
8.73131e+06 19
8.74131e+06 10
8.75131e+06 16
8.76131e+06 17
8.77131e+06 18
8.78131e+06 10
8.79131e+06 16
8.80131e+06 15
8.81131e+06 12
8.82131e+06 16
8.83131e+06 16
8.84131e+06 19
8.85131e+06 13
8.86131e+06 13
8.87131e+06 18
8.88131e+06 20
8.89131e+06 14
8.90131e+06 20
8.91131e+06 16
8.92131e+06 15
8.93131e+06 14
8.94131e+06 12
8.95131e+06 14
8.96131e+06 14
8.97131e+06 19
8.98131e+06 10
8.99131e+06 18
9.00131e+06 9
9.01131e+06 14
9.02131e+06 17
9.03131e+06 15
9.04131e+06 8
9.05131e+06 12
9.06131e+06 15
9.07131e+06 17
9.08131e+06 8
9.09131e+06 16
9.10131e+06 13
9.11131e+06 11
9.12131e+06 17
9.13131e+06 14
9.14131e+06 12
9.15131e+06 14
9.16131e+06 20
9.17131e+06 13
9.18131e+06 17
9.19131e+06 19
9.20131e+06 12
9.21131e+06 8
9.22131e+06 19
9.23131e+06 17
9.24131e+06 18
9.25131e+06 15
9.26131e+06 13
9.27131e+06 15
9.28131e+06 11
9.29131e+06 11
9.30131e+06 12
9.31131e+06 14
9.32131e+06 14
9.33131e+06 10
9.34131e+06 14
9.35131e+06 14
9.36131e+06 19
9.37131e+06 19
9.38131e+06 10
9.39131e+06 17
9.40131e+06 11
9.41131e+06 13
9.42131e+06 18
9.43131e+06 14
9.44131e+06 12
9.45131e+06 17
9.46131e+06 8
9.47131e+06 20
9.48131e+06 15
9.49131e+06 22
9.50131e+06 19
9.51131e+06 13
9.52131e+06 18
9.53131e+06 10
9.54131e+06 13
9.55131e+06 14
9.56131e+06 12
9.57131e+06 3
9.58131e+06 20
9.59131e+06 9
9.60131e+06 17
9.61131e+06 15
9.62131e+06 10
9.63131e+06 10
9.64131e+06 9
9.65131e+06 18
9.66131e+06 13
9.67131e+06 14
9.68131e+06 16
9.69131e+06 13
9.70131e+06 11
9.71131e+06 14
9.72131e+06 14
9.73131e+06 15
9.74131e+06 12
9.75131e+06 20
9.76131e+06 16
9.77131e+06 19
9.78131e+06 19
9.79131e+06 16
9.80131e+06 16
9.81131e+06 11
9.82131e+06 15
9.83131e+06 7
9.84131e+06 16
9.85131e+06 18
9.86131e+06 20
9.87131e+06 18
9.88131e+06 17
9.89131e+06 8
9.90131e+06 14
9.91131e+06 6
9.92131e+06 9
9.93131e+06 12
9.94131e+06 17
9.95131e+06 12
9.96131e+06 14
9.97131e+06 18
9.98131e+06 14
9.99131e+06 13
1.00013e+07 14
1.00113e+07 13
1.00213e+07 8
1.00313e+07 14
1.00413e+07 17
1.00513e+07 17
1.00613e+07 19
1.00713e+07 11
1.00813e+07 15
1.00913e+07 17
1.01013e+07 11
1.01113e+07 22
1.01213e+07 21
1.01313e+07 22
1.01413e+07 11
1.01513e+07 20
1.01613e+07 12
1.01713e+07 11
1.01813e+07 13
1.01913e+07 22
1.02013e+07 15
1.02113e+07 20
1.02213e+07 16
1.02313e+07 19
1.02413e+07 14
1.02513e+07 15
1.02613e+07 10
1.02713e+07 18
1.02813e+07 9
1.02913e+07 18
1.03013e+07 12
1.03113e+07 12
1.03213e+07 12
1.03313e+07 17
1.03413e+07 17
1.03513e+07 9
1.03613e+07 12
1.03713e+07 18
1.03813e+07 16
1.03913e+07 13
1.04013e+07 12
1.04113e+07 16
1.04213e+07 15
1.04313e+07 12
1.04413e+07 16
1.04513e+07 20
1.04613e+07 17
1.04713e+07 18
1.04813e+07 14
1.04913e+07 4
1.05013e+07 12
1.05113e+07 12
1.05213e+07 10
1.05313e+07 18
1.05413e+07 12
1.05513e+07 17
1.05613e+07 14
1.05713e+07 7
1.05813e+07 14
1.05913e+07 18
1.06013e+07 7
1.06113e+07 10
1.06213e+07 12
1.06313e+07 17
1.06413e+07 17
1.06513e+07 14
1.06613e+07 14
1.06713e+07 18
1.06813e+07 19
1.06913e+07 16
1.07013e+07 16
1.07113e+07 18
1.07213e+07 21
1.07313e+07 16
1.07413e+07 14
1.07513e+07 12
1.07613e+07 7
1.07713e+07 10
1.07813e+07 13
1.07913e+07 7
1.08013e+07 12
1.08113e+07 18
1.08213e+07 17
1.08313e+07 18
1.08413e+07 13
1.08513e+07 15
1.08613e+07 12
1.08713e+07 17
1.08813e+07 7
1.08913e+07 7
1.09013e+07 11
1.09113e+07 6
1.09213e+07 15
1.09313e+07 19
1.09413e+07 12
1.09513e+07 15
1.09613e+07 15
1.09713e+07 16
1.09813e+07 19
1.09913e+07 5
1.10013e+07 15
1.10113e+07 11
1.10213e+07 15
1.10313e+07 17
1.10413e+07 17
1.10513e+07 19
1.10613e+07 11
1.10713e+07 13
1.10813e+07 13
1.10913e+07 13
1.11013e+07 13
1.11113e+07 20
1.11213e+07 11
1.11313e+07 18
1.11413e+07 16
1.11513e+07 9
1.11613e+07 15
1.11713e+07 8
1.11813e+07 16
1.11913e+07 9
1.12013e+07 22
1.12113e+07 16
1.12213e+07 17
1.12313e+07 14
1.12413e+07 13
1.12513e+07 13
1.12613e+07 13
1.12713e+07 21
1.12813e+07 8
1.12913e+07 10
1.13013e+07 13
1.13113e+07 20
1.13213e+07 15
1.13313e+07 14
1.13413e+07 21
1.13513e+07 18
1.13613e+07 17
1.13713e+07 8
1.13813e+07 18
1.13913e+07 17
1.14013e+07 19
1.14113e+07 13
1.14213e+07 11
1.14313e+07 16
1.14413e+07 12
1.14513e+07 15
1.14613e+07 21
1.14713e+07 7
1.14813e+07 12
1.14913e+07 14
1.15013e+07 8
1.15113e+07 13
1.15213e+07 5
1.15313e+07 19
1.15413e+07 19
1.15513e+07 10
1.15613e+07 15
1.15713e+07 17
1.15813e+07 12
1.15913e+07 16
1.16013e+07 17
1.16113e+07 11
1.16213e+07 12
1.16313e+07 11
1.16413e+07 15
1.16513e+07 19
1.16613e+07 17
1.16713e+07 13
1.16813e+07 11
1.16913e+07 14
1.17013e+07 13
1.17113e+07 13
1.17213e+07 16
1.17313e+07 14
1.17413e+07 9
1.17513e+07 23
1.17613e+07 9
1.17713e+07 16
1.17813e+07 12
1.17913e+07 15
1.18013e+07 12
1.18113e+07 20
1.18213e+07 7
1.18313e+07 8
1.18413e+07 16
1.18513e+07 20
1.18613e+07 12
1.18713e+07 5
1.18813e+07 16
1.18913e+07 12
1.19013e+07 16
1.19113e+07 17
1.19213e+07 14
1.19313e+07 21
1.19413e+07 15
1.19513e+07 20
1.19613e+07 16
1.19713e+07 13
1.19813e+07 13
1.19913e+07 15
1.20013e+07 18
1.20113e+07 10
1.20213e+07 15
1.20313e+07 21
1.20413e+07 11
1.20513e+07 15
1.20613e+07 14
1.20713e+07 10
1.20813e+07 17
1.20913e+07 15
1.21013e+07 12
1.21113e+07 16
1.21213e+07 13
1.21313e+07 17
1.21413e+07 14
1.21513e+07 16
1.21613e+07 5
1.21713e+07 12
1.21813e+07 20
1.21913e+07 18
1.22013e+07 13
1.22113e+07 21
1.22213e+07 12
1.22313e+07 15
1.22413e+07 9
1.22513e+07 15
1.22613e+07 18
1.22713e+07 14
1.22813e+07 13
1.22913e+07 11
1.23013e+07 15
1.23113e+07 10
1.23213e+07 13
1.23313e+07 13
1.23413e+07 19
1.23513e+07 14
1.23613e+07 13
1.23713e+07 16
1.23813e+07 5
1.23913e+07 19
1.24013e+07 13
1.24113e+07 15
1.24213e+07 14
1.24313e+07 14
1.24413e+07 18
1.24513e+07 13
1.24613e+07 17
1.24713e+07 20
1.24813e+07 8
1.24913e+07 17
1.25013e+07 14
1.25113e+07 18
1.25213e+07 13
1.25313e+07 10
1.25413e+07 15
1.25513e+07 17
1.25613e+07 9
1.25713e+07 12
1.25813e+07 15
1.25913e+07 7
1.26013e+07 14
1.26113e+07 11
1.26213e+07 20
1.26313e+07 17
1.26413e+07 13
1.26513e+07 17
1.26613e+07 13
1.26713e+07 11
1.26813e+07 13
1.26913e+07 12
1.27013e+07 18
1.27113e+07 17
1.27213e+07 17
1.27313e+07 11
1.27413e+07 14
1.27513e+07 11
1.27613e+07 11
1.27713e+07 12
1.27813e+07 18
1.27913e+07 22
1.28013e+07 18
1.28113e+07 13
1.28213e+07 10
1.28313e+07 10
1.28413e+07 19
1.28513e+07 16
1.28613e+07 21
1.28713e+07 19
1.28813e+07 12
1.28913e+07 16
1.29013e+07 6
1.29113e+07 11
1.29213e+07 9
1.29313e+07 17
1.29413e+07 16
1.29513e+07 2
1.29613e+07 2
1.29713e+07 2
1.29813e+07 9
1.29913e+07 8
1.30013e+07 17
1.30113e+07 18
1.30213e+07 13
1.30313e+07 16
1.30413e+07 16
1.30513e+07 14
1.30613e+07 18
1.30713e+07 13
1.30813e+07 12
1.30913e+07 14
1.31013e+07 13
1.31113e+07 15
1.31213e+07 13
1.31313e+07 12
1.31413e+07 18
1.31513e+07 8
1.31613e+07 8
1.31713e+07 12
1.31813e+07 12
1.31913e+07 16
1.32013e+07 7
1.32113e+07 10
1.32213e+07 10
1.32313e+07 15
1.32413e+07 20
1.32513e+07 16
1.32613e+07 7
1.32713e+07 10
1.32813e+07 7
1.32913e+07 8
1.33013e+07 2
1.33113e+07 2
1.33213e+07 2
1.33313e+07 2
1.33413e+07 2
1.33513e+07 2
1.33613e+07 18
1.33713e+07 13
1.33813e+07 8
1.33913e+07 9
1.34013e+07 13
1.34113e+07 5
1.34213e+07 7
1.34313e+07 12
1.34413e+07 12
1.34513e+07 7
1.34613e+07 5
1.34713e+07 16
1.34813e+07 12
1.34913e+07 3
1.35013e+07 3
1.35113e+07 20
1.35213e+07 17
1.35313e+07 15
1.35413e+07 13
1.35513e+07 11
1.35613e+07 19
1.35713e+07 16
1.35813e+07 19
1.35913e+07 15
1.36013e+07 6
1.36113e+07 17
1.36213e+07 14
1.36313e+07 12
1.36413e+07 11
1.36513e+07 19
1.36613e+07 3
1.36713e+07 3
1.36813e+07 17
1.36913e+07 23
1.37013e+07 14
1.37113e+07 12
1.37213e+07 14
1.37313e+07 17
1.37413e+07 12
1.37513e+07 16
1.37613e+07 14
1.37713e+07 3
1.37813e+07 3
1.37913e+07 3
1.38013e+07 3
1.38113e+07 3
1.38213e+07 14
1.38313e+07 8
1.38413e+07 10
1.38513e+07 17
1.38613e+07 14
1.38713e+07 17
1.38813e+07 8
1.38913e+07 10
1.39013e+07 7
1.39113e+07 6
1.39213e+07 8
1.39313e+07 15
1.39413e+07 10
1.39513e+07 21
1.39613e+07 10
1.39713e+07 7
1.39813e+07 17
1.39913e+07 13
1.40013e+07 19
1.40113e+07 19
1.40213e+07 10
1.40313e+07 11
1.40413e+07 11
1.40513e+07 18
1.40613e+07 8
1.40713e+07 10
1.40813e+07 6
1.40913e+07 4
1.41013e+07 4
1.41113e+07 4
1.41213e+07 4
1.41313e+07 4
1.41413e+07 2
1.41513e+07 2
1.41613e+07 2
1.41713e+07 2
1.41813e+07 2
1.41913e+07 2
1.42013e+07 2
1.42113e+07 2
1.42213e+07 2
1.42313e+07 2
1.42413e+07 2
1.42513e+07 2
1.42613e+07 2
1.42713e+07 2
1.42813e+07 2
1.42913e+07 2
1.43013e+07 2
1.43113e+07 2
1.43213e+07 2
1.43313e+07 3
1.43413e+07 3
1.43513e+07 3
1.43613e+07 3
1.43713e+07 4
1.43813e+07 7
1.43913e+07 6
1.44013e+07 10
1.44113e+07 10
1.44213e+07 4
1.44313e+07 4
1.44413e+07 4
1.44513e+07 4
1.44613e+07 6
1.44713e+07 6
1.44813e+07 10
1.44913e+07 6
1.45013e+07 6
1.45113e+07 21
1.45213e+07 6
1.45313e+07 5
1.45413e+07 5
1.45513e+07 4
1.45613e+07 4
1.45713e+07 8
1.45813e+07 6
1.45913e+07 6
1.46013e+07 6
1.46113e+07 6
1.46213e+07 6
1.46313e+07 3
1.46413e+07 3
1.46513e+07 3
1.46613e+07 3
1.46713e+07 3
1.46813e+07 3
1.46913e+07 6
1.47013e+07 4
1.47113e+07 4
1.47213e+07 7
1.47313e+07 15
1.47413e+07 2
1.47513e+07 2
1.47613e+07 2
1.47713e+07 2
1.47813e+07 2
1.47913e+07 2
1.48013e+07 18
1.48113e+07 16
1.48213e+07 16
1.48313e+07 16
1.48413e+07 16
1.48513e+07 16
1.48613e+07 16
1.48713e+07 16
1.48813e+07 16
1.48913e+07 16
1.49013e+07 16
1.49113e+07 16
1.49213e+07 16
1.49313e+07 16
1.49413e+07 16
1.49513e+07 16
1.49613e+07 16
1.49713e+07 16
1.49813e+07 16
1.49913e+07 16
1.50013e+07 16
1.50113e+07 16
1.50213e+07 16
1.50313e+07 16
1.50413e+07 16
1.50513e+07 16
1.50613e+07 16
1.50713e+07 16
1.50813e+07 16
1.50913e+07 16
1.51013e+07 16
1.51113e+07 16
1.51213e+07 16
1.51313e+07 16
1.51413e+07 16
1.51513e+07 16
1.51613e+07 16
1.51713e+07 16
1.51813e+07 16
1.51913e+07 16
1.52013e+07 16
1.52113e+07 16
1.52213e+07 16
1.52313e+07 16
1.52413e+07 16
1.52513e+07 16
1.52613e+07 4
1.52713e+07 4
1.52813e+07 4
1.52913e+07 4
1.53013e+07 4
1.53113e+07 4
1.53213e+07 4
1.53313e+07 4
1.53413e+07 4
1.53513e+07 4
1.53613e+07 4
1.53713e+07 3
1.53813e+07 3
1.53913e+07 3
1.54013e+07 3
1.54113e+07 3
1.54213e+07 3
1.54313e+07 6
1.54413e+07 5
1.54513e+07 5
1.54613e+07 8
1.54713e+07 8
1.54813e+07 6
1.54913e+07 6
1.55013e+07 7
1.55113e+07 6
1.55213e+07 7
1.55313e+07 7
1.55413e+07 15
1.55513e+07 12
1.55613e+07 5
1.55713e+07 5
1.55813e+07 6
1.55913e+07 11
1.56013e+07 5
1.56113e+07 4
1.56213e+07 9
1.56313e+07 4
1.56413e+07 4
1.56513e+07 9
1.56613e+07 6
1.56713e+07 5
1.56813e+07 5
1.56913e+07 5
1.57013e+07 5
1.57113e+07 5
1.57213e+07 6
1.57313e+07 11
1.57413e+07 15
1.57513e+07 6
1.57613e+07 19
1.57713e+07 7
1.57813e+07 8
1.57913e+07 4
1.58013e+07 4
1.58113e+07 5
1.58213e+07 5
1.58313e+07 11
1.58413e+07 8
1.58513e+07 8
1.58613e+07 16
1.58713e+07 4
1.58813e+07 11
1.58913e+07 2
1.59013e+07 2
1.59113e+07 2
1.59213e+07 2
1.59313e+07 2
1.59413e+07 2
1.59513e+07 2
1.59613e+07 2
1.59713e+07 2
1.59813e+07 2
1.59913e+07 2
1.60013e+07 6
1.60113e+07 13
1.60213e+07 11
1.60313e+07 8
1.60413e+07 6
1.60513e+07 6
1.60613e+07 6
1.60713e+07 17
1.60813e+07 7
1.60913e+07 9
1.61013e+07 5
1.61113e+07 15
1.61213e+07 18
1.61313e+07 8
1.61413e+07 5
1.61513e+07 6
1.61613e+07 6
1.61713e+07 6
1.61813e+07 5
1.61913e+07 5
1.62013e+07 5
1.62113e+07 6
1.62213e+07 5
1.62313e+07 8
1.62413e+07 5
1.62513e+07 10
1.62613e+07 5
1.62713e+07 4
1.62813e+07 13
1.62913e+07 5
1.63013e+07 5
1.63113e+07 9
1.63213e+07 13
1.63313e+07 6
1.63413e+07 20
1.63513e+07 3
1.63613e+07 12
1.63713e+07 10
1.63813e+07 5
1.63913e+07 5
1.64013e+07 5
1.64113e+07 4
1.64213e+07 4
1.64313e+07 4
1.64413e+07 11
1.64513e+07 18
1.64613e+07 8
1.64713e+07 10
1.64813e+07 8
1.64913e+07 5
1.65013e+07 4
1.65113e+07 4
1.65213e+07 4
1.65313e+07 16
1.65413e+07 7
1.65513e+07 6
1.65613e+07 6
1.65713e+07 8
1.65813e+07 3
1.65913e+07 3
1.66013e+07 3
1.66113e+07 8
1.66213e+07 14
1.66313e+07 7
1.66413e+07 8
1.66513e+07 8
1.66613e+07 10
1.66713e+07 6
1.66813e+07 10
1.66913e+07 8
1.67013e+07 8
1.67113e+07 7
1.67213e+07 5
1.67313e+07 5
1.67413e+07 9
1.67513e+07 8
1.67613e+07 4
1.67713e+07 4
1.67813e+07 17
1.67913e+07 6
1.68013e+07 9
1.68113e+07 8
1.68213e+07 4
1.68313e+07 4
1.68413e+07 4
1.68513e+07 11
1.68613e+07 3
1.68713e+07 16
1.68813e+07 17
1.68913e+07 5
1.69013e+07 5
1.69113e+07 12
1.69213e+07 5
1.69313e+07 5
1.69413e+07 9
1.69513e+07 6
1.69613e+07 6
1.69713e+07 8
1.69813e+07 16
1.69913e+07 16
1.70013e+07 16
1.70113e+07 16
1.70213e+07 7
1.70313e+07 6
1.70413e+07 7
1.70513e+07 16
1.70613e+07 16
1.70713e+07 16
1.70813e+07 16
1.70913e+07 16
1.71013e+07 16
1.71113e+07 4
1.71213e+07 16
1.71313e+07 16
1.71413e+07 16
1.71513e+07 16
1.71613e+07 16
1.71713e+07 16
1.71813e+07 16
1.71913e+07 16
1.72013e+07 16
1.72113e+07 16
1.72213e+07 16
1.72313e+07 16
1.72413e+07 16
1.72513e+07 16
1.72613e+07 16
1.72713e+07 16
1.72813e+07 16
1.72913e+07 16
1.73013e+07 16
1.73113e+07 16
1.73213e+07 16
1.73313e+07 16
1.73413e+07 16
1.73513e+07 16
1.73613e+07 16
1.73713e+07 16
1.73813e+07 16
1.73913e+07 16
1.74013e+07 16
1.74113e+07 16
1.74213e+07 16
1.74313e+07 16
1.74413e+07 16
1.74513e+07 16
1.74613e+07 16
1.74713e+07 16
1.74813e+07 16
1.74913e+07 16
1.75013e+07 16
1.75113e+07 16
1.75213e+07 16
1.75313e+07 6
1.75413e+07 6
1.75513e+07 6
1.75613e+07 12
1.75713e+07 5
1.75813e+07 5
1.75913e+07 6
1.76013e+07 6
1.76113e+07 8
1.76213e+07 14
1.76313e+07 17
1.76413e+07 5
1.76513e+07 5
1.76613e+07 6
1.76713e+07 7
1.76813e+07 6
1.76913e+07 15
1.77013e+07 7
1.77113e+07 10
1.77213e+07 17
1.77313e+07 20
1.77413e+07 3
1.77513e+07 3
1.77613e+07 3
1.77713e+07 3
1.77813e+07 4
1.77913e+07 14
1.78013e+07 11
1.78113e+07 15
1.78213e+07 20
1.78313e+07 6
1.78413e+07 5
1.78513e+07 5
1.78613e+07 7
1.78713e+07 15
1.78813e+07 5
1.78913e+07 15
1.79013e+07 9
1.79113e+07 6
1.79213e+07 4
1.79313e+07 4
1.79413e+07 3
1.79513e+07 3
1.79613e+07 3
1.79713e+07 6
1.79813e+07 7
1.79913e+07 5
1.80013e+07 5
1.80113e+07 12
1.80213e+07 3
1.80313e+07 3
1.80413e+07 3
1.80513e+07 3
1.80613e+07 3
1.80713e+07 3
1.80813e+07 3
1.80913e+07 3
1.81013e+07 3
1.81113e+07 9
1.81213e+07 7
1.81313e+07 8
1.81413e+07 7
1.81513e+07 7
1.81613e+07 9
1.81713e+07 11
1.81813e+07 7
1.81913e+07 15
1.82013e+07 16
1.82113e+07 6
1.82213e+07 9
1.82313e+07 6
1.82413e+07 4
1.82513e+07 10
1.82613e+07 5
1.82713e+07 5
1.82813e+07 10
1.82913e+07 8
1.83013e+07 7
1.83113e+07 9
1.83213e+07 13
1.83313e+07 6
1.83413e+07 6
1.83513e+07 9
1.83613e+07 19
1.83713e+07 8
1.83813e+07 6
1.83913e+07 18
1.84013e+07 15
1.84113e+07 6
1.84213e+07 10
1.84313e+07 7
1.84413e+07 14
1.84513e+07 4
1.84613e+07 4
1.84713e+07 4
1.84813e+07 4
1.84913e+07 3
1.85013e+07 3
1.85113e+07 4
1.85213e+07 4
1.85313e+07 11
1.85413e+07 5
1.85513e+07 9
1.85613e+07 4
1.85713e+07 14
1.85813e+07 20
1.85913e+07 20
1.86013e+07 9
1.86113e+07 11
1.86213e+07 7
1.86313e+07 7
1.86413e+07 6
1.86513e+07 17
1.86613e+07 16
1.86713e+07 17
1.86813e+07 12
1.86913e+07 18
1.87013e+07 19
1.87113e+07 21
1.87213e+07 14
1.87313e+07 5
1.87413e+07 6
1.87513e+07 8
1.87613e+07 7
1.87713e+07 11
1.87813e+07 7
1.87913e+07 8
1.88013e+07 9
1.88113e+07 17
1.88213e+07 10
1.88313e+07 9
1.88413e+07 5
1.88513e+07 6
1.88613e+07 5
1.88713e+07 4
1.88813e+07 4
1.88913e+07 3
1.89013e+07 3
1.89113e+07 3
1.89213e+07 3
1.89313e+07 3
1.89413e+07 7
1.89513e+07 5
1.89613e+07 6
1.89713e+07 6
1.89813e+07 6
1.89913e+07 6
1.90013e+07 6
1.90113e+07 3
1.90213e+07 3
1.90313e+07 3
1.90413e+07 3
1.90513e+07 17
1.90613e+07 4
1.90713e+07 16
1.90813e+07 16
1.90913e+07 30
1.91013e+07 18
1.91113e+07 24
1.91213e+07 17
1.91313e+07 21
1.91413e+07 9
1.91513e+07 3
1.91613e+07 3
1.91713e+07 3
1.91813e+07 3
1.91913e+07 3
1.92013e+07 3
1.92113e+07 3
1.92213e+07 3
1.92313e+07 3
1.92413e+07 3
1.92513e+07 3
1.92613e+07 3
1.92713e+07 3
1.92813e+07 3
1.92913e+07 3
1.93013e+07 3
1.93113e+07 3
1.93213e+07 7
1.93313e+07 6
1.93413e+07 7
1.93513e+07 7
1.93613e+07 10
1.93713e+07 6
1.93813e+07 6
1.93913e+07 19
1.94013e+07 4
1.94113e+07 4
1.94213e+07 4
1.94313e+07 4
1.94413e+07 4
1.94513e+07 4
1.94613e+07 4
1.94713e+07 4
1.94813e+07 9
1.94913e+07 7
1.95013e+07 6
1.95113e+07 6
1.95213e+07 5
1.95313e+07 5
1.95413e+07 5
1.95513e+07 4
1.95613e+07 9
1.95713e+07 4
1.95813e+07 4
1.95913e+07 4
1.96013e+07 8
1.96113e+07 6
1.96213e+07 6
1.96313e+07 13
1.96413e+07 11
1.96513e+07 6
1.96613e+07 6
1.96713e+07 16
1.96813e+07 9
1.96913e+07 9
1.97013e+07 5
1.97113e+07 9
1.97213e+07 5
1.97313e+07 5
1.97413e+07 5
1.97513e+07 5
1.97613e+07 15
1.97713e+07 17
1.97813e+07 5
1.97913e+07 23
1.98013e+07 11
1.98113e+07 9
1.98213e+07 6
1.98313e+07 7
1.98413e+07 6
1.98513e+07 4
1.98613e+07 4
1.98713e+07 4
1.98813e+07 4
1.98913e+07 2
1.99013e+07 2
1.99113e+07 2
1.99213e+07 2
1.99313e+07 2
1.99413e+07 2
1.99513e+07 2
1.99613e+07 2
1.99713e+07 2
1.99813e+07 2
1.99913e+07 2
2.00013e+07 2
2.00113e+07 2
2.00213e+07 2
2.00313e+07 4
2.00413e+07 4
2.00513e+07 3
2.00613e+07 3
2.00713e+07 3
2.00813e+07 3
2.00913e+07 3
2.01013e+07 3
2.01113e+07 5
2.01213e+07 5
2.01313e+07 5
2.01413e+07 5
2.01513e+07 5
2.01613e+07 4
2.01713e+07 4
2.01813e+07 4
2.01913e+07 5
2.02013e+07 5
2.02113e+07 5
2.02213e+07 5
2.02313e+07 5
2.02413e+07 5
2.02513e+07 9
2.02613e+07 5
2.02713e+07 5
2.02813e+07 5
2.02913e+07 5
2.03013e+07 3
2.03113e+07 2
2.03213e+07 2
2.03313e+07 2
2.03413e+07 2
2.03513e+07 2
2.03613e+07 2
2.03713e+07 2
2.03813e+07 2
2.03913e+07 2
2.04013e+07 2
2.04113e+07 11
2.04213e+07 16
2.04313e+07 2
2.04413e+07 2
2.04513e+07 2
2.04613e+07 2
2.04713e+07 2
2.04813e+07 2
2.04913e+07 2
2.05013e+07 2
2.05113e+07 3
2.05213e+07 3
2.05313e+07 17
2.05413e+07 4
2.05513e+07 4
2.05613e+07 5
2.05713e+07 5
2.05813e+07 5
2.05913e+07 5
2.06013e+07 4
2.06113e+07 4
2.06213e+07 4
2.06313e+07 16
2.06413e+07 4
2.06513e+07 16
2.06613e+07 12
2.06713e+07 4
2.06813e+07 4
2.06913e+07 4
2.07013e+07 3
2.07113e+07 3
2.07213e+07 3
2.07313e+07 3
2.07413e+07 3
2.07513e+07 3
2.07613e+07 5
2.07713e+07 5
2.07813e+07 4
2.07913e+07 4
2.08013e+07 4
2.08113e+07 4
2.08213e+07 4
2.08313e+07 3
2.08413e+07 3
2.08513e+07 3
2.08613e+07 4
2.08713e+07 4
2.08813e+07 4
2.08913e+07 15
2.09013e+07 17
2.09113e+07 13
2.09213e+07 18
2.09313e+07 18
2.09413e+07 13
2.09513e+07 12
2.09613e+07 11
2.09713e+07 16
2.09813e+07 12
2.09913e+07 15
2.10013e+07 15
2.10113e+07 20
2.10213e+07 11
2.10313e+07 18
2.10413e+07 18
2.10513e+07 18
2.10613e+07 14
2.10713e+07 12
2.10813e+07 15
2.10913e+07 18
2.11013e+07 5
2.11113e+07 5
2.11213e+07 3
2.11313e+07 3
2.11413e+07 3
2.11513e+07 3
2.11613e+07 3
2.11713e+07 3
2.11813e+07 3
2.11913e+07 3
2.12013e+07 3
2.12113e+07 3
2.12213e+07 3
2.12313e+07 3
2.12413e+07 3
2.12513e+07 3
2.12613e+07 3
2.12713e+07 3
2.12813e+07 3
2.12913e+07 3
2.13013e+07 3
2.13113e+07 3
2.13213e+07 3
2.13313e+07 3
2.13413e+07 3
2.13513e+07 3
2.13613e+07 3
2.13713e+07 8
2.13813e+07 17
2.13913e+07 5
2.14013e+07 4
2.14113e+07 4
2.14213e+07 4
2.14313e+07 4
2.14413e+07 4
2.14513e+07 3
2.14613e+07 3
2.14713e+07 3
2.14813e+07 3
2.14913e+07 18
2.15013e+07 19
2.15113e+07 17
2.15213e+07 15
2.15313e+07 14
2.15413e+07 16
2.15513e+07 18
2.15613e+07 18
2.15713e+07 4
2.15813e+07 4
2.15913e+07 4
2.16013e+07 4
2.16113e+07 4
2.16213e+07 4
2.16313e+07 4
2.16413e+07 4
2.16513e+07 3
2.16613e+07 3
2.16713e+07 3
2.16813e+07 3
2.16913e+07 3
2.17013e+07 3
2.17113e+07 3
2.17213e+07 3
2.17313e+07 3
2.17413e+07 3
2.17513e+07 3
2.17613e+07 3
2.17713e+07 3
2.17813e+07 3
2.17913e+07 3
2.18013e+07 3
2.18113e+07 3
2.18213e+07 3
2.18313e+07 3
2.18413e+07 3
2.18513e+07 3
2.18613e+07 3
2.18713e+07 3
2.18813e+07 3
2.18913e+07 3
2.19013e+07 3
2.19113e+07 3
2.19213e+07 3
2.19313e+07 3
2.19413e+07 3
2.19513e+07 3
2.19613e+07 3
2.19713e+07 3
2.19813e+07 4
2.19913e+07 4
2.20013e+07 3
2.20113e+07 3
2.20213e+07 3
2.20313e+07 3
2.20413e+07 3
2.20513e+07 3
2.20613e+07 3
2.20713e+07 4
2.20813e+07 4
2.20913e+07 4
2.21013e+07 4
2.21113e+07 4
2.21213e+07 4
2.21313e+07 4
2.21413e+07 4
2.21513e+07 4
2.21613e+07 4
2.21713e+07 15
2.21813e+07 3
2.21913e+07 3
2.22013e+07 3
2.22113e+07 3
2.22213e+07 3
2.22313e+07 3
2.22413e+07 3
