chr	pos1	pos2	mappos1	mappos2	cMpMb
chr_21	10000	20000	0.00824764688640578	0.0297461521509464	2.14985052645406
chr_21	20000	30000	0.0297461521509464	0.0299474107521246	0.0201258601178204
chr_21	30000	40000	0.0299474107521246	0.0300849422475225	0.0137531495397896
chr_21	40000	50000	0.0300849422475225	0.0301225960502231	0.00376538027005574
chr_21	50000	60000	0.0301225960502231	0.0301549713322157	0.00323752819926144
chr_21	60000	70000	0.0301549713322157	0.0301873456954112	0.00323743631955586
chr_21	70000	80000	0.0301873456954112	0.0302197197959752	0.00323741005639755
chr_21	80000	90000	0.0302197197959752	0.0302520938965392	0.00323741005639894
chr_21	90000	100000	0.0302520938965392	0.0302844679971032	0.00323741005639755
chr_21	100000	110000	0.0302844679971032	0.0303168420976672	0.00323741005639824
chr_21	110000	120000	0.0303168420976672	0.0303492161982311	0.00323741005639755
chr_21	120000	130000	0.0303492161982311	0.0303822036969212	0.00329874986900736
chr_21	130000	140000	0.0303822036969212	0.0305891686674443	0.0206964970523138
chr_21	140000	150000	0.0305891686674443	0.0309119222306097	0.0322753563165395
chr_21	150000	160000	0.0309119222306097	0.0315772344598446	0.0665312229234809
chr_21	160000	170000	0.0315772344598446	0.032403866550864	0.0826632091019457
chr_21	170000	180000	0.032403866550864	0.0347507758238104	0.234690927294637
chr_21	180000	190000	0.0347507758238104	0.0365430539158354	0.179227809202499
chr_21	190000	200000	0.0365430539158354	0.0383353320078604	0.179227809202499
chr_21	200000	210000	0.0383353320078604	0.0405399718153456	0.220463980748525
chr_21	210000	220000	0.0405399718153456	0.046151492285941	0.56115204705954
chr_21	220000	230000	0.046151492285941	0.0521039570749481	0.595246478900711
chr_21	230000	240000	0.0521039570749481	0.0572722255883319	0.516826851338373
chr_21	240000	250000	0.0572722255883319	0.0702619804199682	1.29897548316364
chr_21	250000	260000	0.0702619804199682	0.0863345228611204	1.60725424411522
chr_21	260000	270000	0.0863345228611204	0.100914355925853	1.45798330647323
chr_21	270000	280000	0.100914355925853	0.129821552769935	2.89071968440823
chr_21	280000	290000	0.129821552769935	0.198655637529544	6.88340847596092
chr_21	290000	300000	0.198655637529544	0.242029247099978	4.33736095704337
chr_21	300000	310000	0.242029247099978	0.275242431074179	3.3213183974201
chr_21	310000	320000	0.275242431074179	0.314079551770562	3.88371206963829
chr_21	320000	330000	0.314079551770562	0.348517541865151	3.44379900945892
chr_21	330000	340000	0.348517541865151	0.479550454693127	13.1032912827976
chr_21	340000	350000	0.479550454693127	0.539091670554247	5.95412158611192
chr_21	350000	360000	0.539091670554247	0.56612710985462	2.70354393003739
chr_21	360000	370000	0.56612710985462	0.59586311407069	2.973600421607
chr_21	370000	380000	0.59586311407069	0.611391062917679	1.55279488469884
chr_21	380000	390000	0.611391062917679	0.621681664289779	1.02906013721002
chr_21	390000	400000	0.621681664289779	0.646337019628759	2.46553553389803
chr_21	400000	410000	0.646337019628759	0.670549312847216	2.42122932184561
chr_21	410000	420000	0.670549312847216	0.702934785765803	3.23854729185872
chr_21	420000	430000	0.702934785765803	0.723312049085184	2.03772633193808
chr_21	430000	440000	0.723312049085184	0.74021711984742	1.69050707622361
chr_21	440000	450000	0.74021711984742	0.750350446222248	1.01333263748287
chr_21	450000	460000	0.750350446222248	0.762853013553621	1.25025673313727
chr_21	460000	470000	0.762853013553621	0.770659010122664	0.780599656904257
chr_21	470000	480000	0.770659010122664	0.791582966737657	2.09239566149936
chr_21	480000	490000	0.791582966737657	0.809294140151738	1.77111734140812
chr_21	490000	500000	0.809294140151738	0.841072019810477	3.17778796587381
chr_21	500000	510000	0.841072019810477	0.860478809834825	1.94067900243486
chr_21	510000	520000	0.860478809834825	0.885106493087337	2.46276832525116
chr_21	520000	530000	0.885106493087337	0.913898175832086	2.87916827447494
chr_21	530000	540000	0.913898175832086	0.962873085529914	4.89749096978275
chr_21	540000	550000	0.962873085529914	0.976352535309303	1.3479449779389
chr_21	550000	560000	0.976352535309303	1.01729635167882	4.09438163695172
chr_21	560000	570000	1.01729635167882	1.10054844965764	8.32520979788176
chr_21	570000	580000	1.10054844965764	1.136280949518	3.57324998603641
chr_21	580000	590000	1.136280949518	1.16994784270112	3.36668931831146
chr_21	590000	600000	1.16994784270112	1.20288919063291	3.29413479317926
chr_21	600000	610000	1.20288919063291	1.2597733508039	5.68841601709882
chr_21	610000	620000	1.2597733508039	1.38802888294077	12.8255532136877
chr_21	620000	630000	1.38802888294077	1.52113505869643	13.3106175755656
chr_21	630000	640000	1.52113505869643	1.58833112943408	6.71960707376542
chr_21	640000	650000	1.58833112943408	1.69478406532578	10.6452935891695
chr_21	650000	660000	1.69478406532578	1.76009117382151	6.5307108495726
chr_21	660000	670000	1.76009117382151	1.80567674098647	4.55855671649636
chr_21	670000	680000	1.80567674098647	1.83808273650653	3.24059955200628
chr_21	680000	690000	1.83808273650653	1.86526505387641	2.71823173698817
chr_21	690000	700000	1.86526505387641	1.88829929061851	2.3034236742093
chr_21	700000	710000	1.88829929061851	1.91957916891696	3.12798782984518
chr_21	710000	720000	1.91957916891696	1.95915871167357	3.95795427566079
chr_21	720000	730000	1.95915871167357	2.07179323956021	11.2634527886643
chr_21	730000	740000	2.07179323956021	2.19803626162111	12.6243022060897
chr_21	740000	750000	2.19803626162111	2.26638266603627	6.83464044151609
chr_21	750000	760000	2.26638266603627	2.32721174973283	6.08290836965661
chr_21	760000	770000	2.32721174973283	2.39160910098285	6.43973512500153
chr_21	770000	780000	2.39160910098285	2.42773003537183	3.61209343889777
chr_21	780000	790000	2.42773003537183	2.44032345024497	1.25934148731397
chr_21	790000	800000	2.44032345024497	2.4483976541308	0.807420388583902
chr_21	800000	810000	2.4483976541308	2.46729332606796	1.88956719371594
chr_21	810000	820000	2.46729332606796	2.48903729445875	2.17439683907861
chr_21	820000	830000	2.48903729445875	2.56830919401062	7.92718995518684
chr_21	830000	840000	2.56830919401062	2.65807610236132	8.97669083506987
chr_21	840000	850000	2.65807610236132	2.71466198732109	5.65858849597713
chr_21	850000	860000	2.71466198732109	2.82548322125133	11.082123393024
chr_21	860000	870000	2.82548322125133	3.01595030715327	19.046708590194
chr_21	870000	880000	3.01595030715327	3.14884183583216	13.2891528678895
chr_21	880000	890000	3.14884183583216	3.21992075223602	7.10789164038572
chr_21	890000	900000	3.21992075223602	3.28106756476582	6.11468125297998
chr_21	900000	910000	3.28106756476582	3.38729260824862	10.62250434828
chr_21	910000	920000	3.38729260824862	3.43958884651641	5.22962382677847
chr_21	920000	930000	3.43958884651641	3.49993485464112	6.03460081247142
chr_21	930000	940000	3.49993485464112	3.5519319714455	5.19971168043809
chr_21	940000	950000	3.5519319714455	3.58201575236588	3.00837809203758
chr_21	950000	960000	3.58201575236588	3.59824311004459	1.62273576787131
chr_21	960000	970000	3.59824311004459	3.61728247756355	1.90393675189613
chr_21	970000	980000	3.61728247756355	3.65045215479748	3.31696772339281
chr_21	980000	990000	3.65045215479748	3.71355685583515	6.31047010376733
chr_21	990000	1000000	3.71355685583515	3.78946606920736	7.59092133722068
chr_21	1000000	1010000	3.78946606920736	3.86230201795373	7.28359487463748
chr_21	1010000	1020000	3.86230201795373	4.02468907915161	16.2387061197875
chr_21	1020000	1030000	4.02468907915161	4.20737393674083	18.2684857589218
chr_21	1030000	1040000	4.20737393674083	4.28839760307373	8.10236663329071
chr_21	1040000	1050000	4.28839760307373	4.3306533624413	4.22557593675661
chr_21	1050000	1060000	4.3306533624413	4.38893215291618	5.82787904748789
chr_21	1060000	1070000	4.38893215291618	4.43819300842878	4.92608555125988
chr_21	1070000	1080000	4.43819300842878	4.49194911681854	5.37561083897655
chr_21	1080000	1090000	4.49194911681854	4.54637754352974	5.44284267111932
chr_21	1090000	1100000	4.54637754352974	4.65400517005822	10.7627626528479
chr_21	1100000	1110000	4.65400517005822	4.75920979980543	10.5204629747219
chr_21	1110000	1120000	4.75920979980543	4.86073095412094	10.1521154315501
chr_21	1120000	1130000	4.86073095412094	4.95278789754379	9.20569434228531
chr_21	1130000	1140000	4.95278789754379	5.05574653323918	10.2958635695388
chr_21	1140000	1150000	5.05574653323918	5.13791679755556	8.21702643163817
chr_21	1150000	1160000	5.13791679755556	5.22991733400957	9.20005364540097
chr_21	1160000	1170000	5.22991733400957	5.38164188177898	15.1724547769411
chr_21	1170000	1180000	5.38164188177898	5.48034687627645	9.87049944974761
chr_21	1180000	1190000	5.48034687627645	5.52596697869769	4.56201024212328
chr_21	1190000	1200000	5.52596697869769	5.60080939248286	7.48424137851691
chr_21	1200000	1210000	5.60080939248286	5.6335981614057	3.27887689228445
chr_21	1210000	1220000	5.6335981614057	5.65725314193069	2.36549805249879
chr_21	1220000	1230000	5.65725314193069	5.67693164744034	1.96785055096544
chr_21	1230000	1240000	5.67693164744034	5.69728206319018	2.03504157498351
chr_21	1240000	1250000	5.69728206319018	5.78152806369116	8.42460005009773
chr_21	1250000	1260000	5.78152806369116	5.84270663610601	6.11785724148559
chr_21	1260000	1270000	5.84270663610601	5.89534424291768	5.26376068116718
chr_21	1270000	1280000	5.89534424291768	5.95557617093697	6.02319280192889
chr_21	1280000	1290000	5.95557617093697	5.97565968962879	2.00835186918207
chr_21	1290000	1300000	5.97565968962879	6.00084481625826	2.51851266294647
chr_21	1300000	1310000	6.00084481625826	6.05031974738624	4.94749311279845
chr_21	1310000	1320000	6.05031974738624	6.12540179793622	7.50820505499776
chr_21	1320000	1330000	6.12540179793622	6.3283414967664	20.2939698830181
chr_21	1330000	1340000	6.3283414967664	6.55790862270528	22.9567125938874
chr_21	1340000	1350000	6.55790862270528	6.69128155816125	13.3372935455976
chr_21	1350000	1360000	6.69128155816125	6.82751504883498	13.6233490673733
chr_21	1360000	1370000	6.82751504883498	6.91919388090624	9.16788320712518
chr_21	1370000	1380000	6.91919388090624	6.96821155724608	4.90176763398464
chr_21	1380000	1390000	6.96821155724608	7.02762231416915	5.94107569230671
chr_21	1390000	1400000	7.02762231416915	7.03718457457441	0.956226040525721
chr_21	1400000	1410000	7.03718457457441	7.05245907776506	1.52745031906534
chr_21	1410000	1420000	7.05245907776506	7.06385277649998	1.13936987349188
chr_21	1420000	1430000	7.06385277649998	7.09421892601065	3.0366149510666
chr_21	1430000	1440000	7.09421892601065	7.16468261405413	7.04636880434819
chr_21	1440000	1450000	7.16468261405413	7.27106009726374	10.6377483209616
chr_21	1450000	1460000	7.27106009726374	7.32570703347992	5.46469362161792
chr_21	1460000	1470000	7.32570703347992	7.34520773710964	1.95007036297214
chr_21	1470000	1480000	7.34520773710964	7.41545265234487	7.02449152352225
chr_21	1480000	1490000	7.41545265234487	7.50434964504152	8.88969926966503
chr_21	1490000	1500000	7.50434964504152	7.55313954077592	4.8789895734406
chr_21	1500000	1510000	7.55313954077592	7.63418475551598	8.10452147400582
chr_21	1510000	1520000	7.63418475551598	7.69334493264928	5.9160177133303
chr_21	1520000	1530000	7.69334493264928	7.72933726788303	3.59923352337477
chr_21	1530000	1540000	7.72933726788303	7.75448938435005	2.51521164670168
chr_21	1540000	1550000	7.75448938435005	7.78494624777312	3.04568634230726
chr_21	1550000	1560000	7.78494624777312	7.8201575274865	3.5211279713379
chr_21	1560000	1570000	7.8201575274865	7.84990727294163	2.97497454551339
chr_21	1570000	1580000	7.84990727294163	7.87707690548071	2.71696325390804
chr_21	1580000	1590000	7.87707690548071	7.90018246335937	2.31055578786545
chr_21	1590000	1600000	7.90018246335937	7.92921981589678	2.9037352537407
chr_21	1600000	1610000	7.92921981589678	7.9560688943901	2.68490784933251
chr_21	1610000	1620000	7.9560688943901	7.98456580012164	2.84969057315383
chr_21	1620000	1630000	7.98456580012164	8.01895041938678	3.43846192651442
chr_21	1630000	1640000	8.01895041938678	8.04016594755614	2.12155281693587
chr_21	1640000	1650000	8.04016594755614	8.07094650553739	3.07805579812452
chr_21	1650000	1660000	8.07094650553739	8.10085954533807	2.99130398006806
chr_21	1660000	1670000	8.10085954533807	8.12283142266639	2.19718773283173
chr_21	1670000	1680000	8.12283142266639	8.14692883402609	2.40974113597048
chr_21	1680000	1690000	8.14692883402609	8.17339012615494	2.64612921288503
chr_21	1690000	1700000	8.17339012615494	8.2020914277733	2.87013016183639
chr_21	1700000	1710000	8.2020914277733	8.25483516098692	5.27437332136191
chr_21	1710000	1720000	8.25483516098692	8.31865535263059	6.38201916436643
chr_21	1720000	1730000	8.31865535263059	8.37420978291207	5.55544302814805
chr_21	1730000	1740000	8.37420978291207	8.42810589283537	5.38961099233024
chr_21	1740000	1750000	8.42810589283537	8.48816622557028	6.00603327349134
chr_21	1750000	1760000	8.48816622557028	8.5193387851654	3.11725595951184
chr_21	1760000	1770000	8.5193387851654	8.56232254497013	4.29837598047307
chr_21	1770000	1780000	8.56232254497013	8.59125856486019	2.89360198900557
chr_21	1780000	1790000	8.59125856486019	8.62018997248344	2.89314076232561
chr_21	1790000	1800000	8.62018997248344	8.67354967041241	5.3359697928963
chr_21	1800000	1810000	8.67354967041241	8.68877934116142	1.52296707490169
chr_21	1810000	1820000	8.68877934116142	8.72393146778179	3.51521266203623
chr_21	1820000	1830000	8.72393146778179	8.80578686417336	8.18553963915711
chr_21	1830000	1840000	8.80578686417336	8.87823427113067	7.24474069573091
chr_21	1840000	1850000	8.87823427113067	8.93555621126225	5.73219401315832
chr_21	1850000	1860000	8.93555621126225	8.9651266069414	2.95703956791513
chr_21	1860000	1870000	8.9651266069414	9.02317296469098	5.80463577495802
chr_21	1870000	1880000	9.02317296469098	9.09302791751898	6.98549528280008
chr_21	1880000	1890000	9.09302791751898	9.12811025298685	3.50823354678695
chr_21	1890000	1900000	9.12811025298685	9.17252287488812	4.44126219012677
chr_21	1900000	1910000	9.17252287488812	9.23628120013141	6.37583252432865
chr_21	1910000	1920000	9.23628120013141	9.27741753026938	4.11363301379772
chr_21	1920000	1930000	9.27741753026938	9.29691044564906	1.94929153796775
chr_21	1930000	1940000	9.29691044564906	9.32139854786522	2.44881022161589
chr_21	1940000	1950000	9.32139854786522	9.41648673368375	9.50881858185308
chr_21	1950000	1960000	9.41648673368375	9.50557698574628	8.90902520625314
chr_21	1960000	1970000	9.50557698574628	9.66893832329951	16.3361337553226
chr_21	1970000	1980000	9.66893832329951	9.77476868515761	10.5830361858096
chr_21	1980000	1990000	9.77476868515761	9.81524208984979	4.04734046921824
chr_21	1990000	2000000	9.81524208984979	9.8321447799681	1.69026901183127
chr_21	2000000	2010000	9.8321447799681	9.8843143297454	5.21695497772949
chr_21	2010000	2020000	9.8843143297454	9.97929019741461	9.4975867669211
chr_21	2020000	2030000	9.97929019741461	10.0256089983152	4.63188009005489
chr_21	2030000	2040000	10.0256089983152	10.1347817263488	10.9172728033631
chr_21	2040000	2050000	10.1347817263488	10.1879093296942	5.31276033454109
chr_21	2050000	2060000	10.1879093296942	10.1941823989477	0.627306925350979
chr_21	2060000	2070000	10.1941823989477	10.1976023902006	0.341999125292602
chr_21	2070000	2080000	10.1976023902006	10.2036234340032	0.602104380253898
chr_21	2080000	2090000	10.2036234340032	10.2077326435593	0.410920955613747
chr_21	2090000	2100000	10.2077326435593	10.2093015081086	0.156886454925775
chr_21	2100000	2110000	10.2093015081086	10.2111379884757	0.183648036712469
chr_21	2110000	2120000	10.2111379884757	10.2138511519862	0.271316351051709
chr_21	2120000	2130000	10.2138511519862	10.2192560573172	0.54049053309555
chr_21	2130000	2140000	10.2192560573172	10.2408130305057	2.15569731885612
chr_21	2140000	2150000	10.2408130305057	10.3242791699285	8.34661394227432
chr_21	2150000	2160000	10.3242791699285	10.365723436279	4.14442663505508
chr_21	2160000	2170000	10.365723436279	10.4208977323968	5.51742961177748
chr_21	2170000	2180000	10.4208977323968	10.4870922816467	6.61945492498948
chr_21	2180000	2190000	10.4870922816467	10.5365349788046	4.94426971579109
chr_21	2190000	2200000	10.5365349788046	10.5841694895022	4.76345106975966
chr_21	2200000	2210000	10.5841694895022	10.6451062480664	6.09367585642371
chr_21	2210000	2220000	10.6451062480664	10.6997989056566	5.46926575901416
chr_21	2220000	2230000	10.6997989056566	10.7457523318334	4.59534261767782
chr_21	2230000	2240000	10.7457523318334	10.7916120007172	4.58596688838586
chr_21	2240000	2250000	10.7916120007172	10.8484847046825	5.68727039653183
chr_21	2250000	2260000	10.8484847046825	10.9174691148346	6.89844101521118
chr_21	2260000	2270000	10.9174691148346	11.0047602327741	8.72911179394809
chr_21	2270000	2280000	11.0047602327741	11.0607769505241	5.60167177499302
chr_21	2280000	2290000	11.0607769505241	11.1158359285984	5.5058978074344
chr_21	2290000	2300000	11.1158359285984	11.1746213050375	5.87853764391468
chr_21	2300000	2310000	11.1746213050375	11.2244308621432	4.98095571056929
chr_21	2310000	2320000	11.2244308621432	11.2867761576535	6.2345295510271
chr_21	2320000	2330000	11.2867761576535	11.3644511482275	7.76749905739713
chr_21	2330000	2340000	11.3644511482275	11.4268030681279	6.23519199004434
chr_21	2340000	2350000	11.4268030681279	11.4817032211927	5.49001530647431
chr_21	2350000	2360000	11.4817032211927	11.5410835073131	5.93802861204029
chr_21	2360000	2370000	11.5410835073131	11.5908929055107	4.98093981976329
chr_21	2370000	2380000	11.5908929055107	11.6537779645167	6.288505900595
chr_21	2380000	2390000	11.6537779645167	11.7193513259978	6.5573361481194
chr_21	2390000	2400000	11.7193513259978	11.7430727417887	2.37214157908969
chr_21	2400000	2410000	11.7430727417887	11.7657969899496	2.27242481608112
chr_21	2410000	2420000	11.7657969899496	11.8182753473589	5.24783574093686
chr_21	2420000	2430000	11.8182753473589	11.8506239499898	3.23486026308704
chr_21	2430000	2440000	11.8506239499898	11.8895655817401	3.89416317502746
chr_21	2440000	2450000	11.8895655817401	11.9517882487012	6.22226669611656
chr_21	2450000	2460000	11.9517882487012	11.9830795757415	3.12913270402806
chr_21	2460000	2470000	11.9830795757415	12.0268445894377	4.37650136961381
chr_21	2470000	2480000	12.0268445894377	12.0533087320651	2.64641426274572
chr_21	2480000	2490000	12.0533087320651	12.0920590791908	3.8750347125676
chr_21	2490000	2500000	12.0920590791908	12.1344162726691	4.23571934783027
chr_21	2500000	2510000	12.1344162726691	12.1758587166938	4.14424440247299
chr_21	2510000	2520000	12.1758587166938	12.2189465123966	4.30877957028137
chr_21	2520000	2530000	12.2189465123966	12.3002172361483	8.12707237516719
chr_21	2530000	2540000	12.3002172361483	12.553361331892	25.3144095743675
chr_21	2540000	2550000	12.553361331892	12.7377504699349	18.4389138042942
chr_21	2550000	2560000	12.7377504699349	12.8342975359741	9.65470660391983
chr_21	2560000	2570000	12.8342975359741	12.865563446631	3.12659106568329
chr_21	2570000	2580000	12.865563446631	12.8999505043652	3.43870577342482
chr_21	2580000	2590000	12.8999505043652	12.9556972699177	5.57467655525485
chr_21	2590000	2600000	12.9556972699177	13.046632275151	9.09350052332414
chr_21	2600000	2610000	13.046632275151	13.0902415924657	4.36093173147007
chr_21	2610000	2620000	13.0902415924657	13.1205670553105	3.03254628448215
chr_21	2620000	2630000	13.1205670553105	13.1368405455974	1.62734902869168
chr_21	2630000	2640000	13.1368405455974	13.1718651618272	3.5024616229764
chr_21	2640000	2650000	13.1718651618272	13.2203510235179	4.84858616906685
chr_21	2650000	2660000	13.2203510235179	13.3016446143458	8.12935908279364
chr_21	2660000	2670000	13.3016446143458	13.3707447754993	6.91001611535498
chr_21	2670000	2680000	13.3707447754993	13.4754483149809	10.4703539481527
chr_21	2680000	2690000	13.4754483149809	13.5369374125402	6.14890975593134
chr_21	2690000	2700000	13.5369374125402	13.5752173968016	3.82799842614219
chr_21	2700000	2710000	13.5752173968016	13.6510452345918	7.58278377901558
chr_21	2710000	2720000	13.6510452345918	13.7152092058667	6.416397127491
chr_21	2720000	2730000	13.7152092058667	13.7943428414245	7.91336355578593
chr_21	2730000	2740000	13.7943428414245	13.8681057539212	7.37629124966723
chr_21	2740000	2750000	13.8681057539212	13.9228969807739	5.47912268526982
chr_21	2750000	2760000	13.9228969807739	13.9615000312256	3.86030504517265
chr_21	2760000	2770000	13.9615000312256	14.0433700558909	8.18700246653155
chr_21	2770000	2780000	14.0433700558909	14.140701184159	9.73311282680509
chr_21	2780000	2790000	14.140701184159	14.2163069950334	7.56058108744035
chr_21	2790000	2800000	14.2163069950334	14.2978163650597	8.15093700263319
chr_21	2800000	2810000	14.2978163650597	14.4237496899591	12.5933324899403
chr_21	2810000	2820000	14.4237496899591	14.5406027456864	11.685305572724
chr_21	2820000	2830000	14.5406027456864	14.7207945626417	18.0191816955336
chr_21	2830000	2840000	14.7207945626417	14.9675309584451	24.6736395803401
chr_21	2840000	2850000	14.9675309584451	15.2222212490458	25.4690290600708
chr_21	2850000	2860000	15.2222212490458	15.4808543317375	25.8633082691709
chr_21	2860000	2870000	15.4808543317375	15.6716387084208	19.0784376683272
chr_21	2870000	2880000	15.6716387084208	15.8803223716676	20.8683663246763
chr_21	2880000	2890000	15.8803223716676	16.0828398180601	20.2517446392553
chr_21	2890000	2900000	16.0828398180601	16.2642616698031	18.1421851743028
chr_21	2900000	2910000	16.2642616698031	16.4702343750176	20.5972705214478
chr_21	2910000	2920000	16.4702343750176	16.6339061376582	16.3671762640536
chr_21	2920000	2930000	16.6339061376582	16.7624803496004	12.857421194219
chr_21	2930000	2940000	16.7624803496004	16.8389196709753	7.64393213749024
chr_21	2940000	2950000	16.8389196709753	17.0422726606795	20.3352989704204
chr_21	2950000	2960000	17.0422726606795	17.2081789804117	16.5906319732194
chr_21	2960000	2970000	17.2081789804117	17.3290818618614	12.0902881449716
chr_21	2970000	2980000	17.3290818618614	17.3890046012819	5.99227394205073
chr_21	2980000	2990000	17.3890046012819	17.4164042123903	2.73996111084323
chr_21	2990000	3000000	17.4164042123903	17.4555312925419	3.91270801516157
chr_21	3000000	3010000	17.4555312925419	17.4730184936413	1.74872010994171
chr_21	3010000	3020000	17.4730184936413	17.4973652663835	2.43467727421596
chr_21	3020000	3030000	17.4973652663835	17.5368565674926	3.94913011090843
chr_21	3030000	3040000	17.5368565674926	17.5649818256955	2.81252582028877
chr_21	3040000	3050000	17.5649818256955	17.5854229230735	2.04410973780718
chr_21	3050000	3060000	17.5854229230735	17.6399673947887	5.45444717151824
chr_21	3060000	3070000	17.6399673947887	17.7103593946821	7.03919998934204
chr_21	3070000	3080000	17.7103593946821	17.7266866576642	1.63272629820668
chr_21	3080000	3090000	17.7266866576642	17.7525359941577	2.5849336493458
chr_21	3090000	3100000	17.7525359941577	17.7771772581444	2.46412639867266
chr_21	3100000	3110000	17.7771772581444	17.7980893637003	2.09121055558654
chr_21	3110000	3120000	17.7980893637003	17.8288141287918	3.0724765091545
chr_21	3120000	3130000	17.8288141287918	17.8608469117325	3.20327829406857
chr_21	3130000	3140000	17.8608469117325	17.8803765695685	1.95296578360136
chr_21	3140000	3150000	17.8803765695685	17.8974708359222	1.70942663537303
chr_21	3150000	3160000	17.8974708359222	17.907697761645	1.02269257227583
chr_21	3160000	3170000	17.907697761645	17.9172449145628	0.954715291782193
chr_21	3170000	3180000	17.9172449145628	17.9297177346478	1.24728200850086
chr_21	3180000	3190000	17.9297177346478	17.9395285005857	0.981076593785346
chr_21	3190000	3200000	17.9395285005857	17.9506253921148	1.10968915290961
chr_21	3200000	3210000	17.9506253921148	17.9750865473918	2.44611552770699
chr_21	3210000	3220000	17.9750865473918	18.0111762687169	3.60897213250873
chr_21	3220000	3230000	18.0111762687169	18.0346322192878	2.34559505708631
chr_21	3230000	3240000	18.0346322192878	18.0698709902514	3.52387709636481
chr_21	3240000	3250000	18.0698709902514	18.1021293433881	3.2258353136644
chr_21	3250000	3260000	18.1021293433881	18.1265439280709	2.44145846827983
chr_21	3260000	3270000	18.1265439280709	18.1441263215333	1.75823934623871
chr_21	3270000	3280000	18.1441263215333	18.1784865077324	3.43601861991587
chr_21	3280000	3290000	18.1784865077324	18.2002321483773	2.17456406448733
chr_21	3290000	3300000	18.2002321483773	18.2421048536138	4.1872705236468
chr_21	3300000	3310000	18.2421048536138	18.2750888862761	3.29840326623376
chr_21	3310000	3320000	18.2750888862761	18.2966357043015	2.15468180253708
chr_21	3320000	3330000	18.2966357043015	18.3209732301891	2.43375258876455
chr_21	3330000	3340000	18.3209732301891	18.3536798866657	3.27066564765381
chr_21	3340000	3350000	18.3536798866657	18.3886849039354	3.5005017269782
chr_21	3350000	3360000	18.3886849039354	18.4005336932374	1.18487893019186
chr_21	3360000	3370000	18.4005336932374	18.4090886563104	0.855496307307035
chr_21	3370000	3380000	18.4090886563104	18.4131034142183	0.401475790786776
chr_21	3380000	3390000	18.4131034142183	18.4171074203284	0.400400611005125
chr_21	3390000	3400000	18.4171074203284	18.4227195856379	0.561216530957509
chr_21	3400000	3410000	18.4227195856379	18.4320025972128	0.928301157484412
chr_21	3410000	3420000	18.4320025972128	18.4528153255576	2.08127283448292
chr_21	3420000	3430000	18.4528153255576	18.4806953943382	2.78800687806218
chr_21	3430000	3440000	18.4806953943382	18.5147118107323	3.40164163940777
chr_21	3440000	3450000	18.5147118107323	18.5891193244852	7.44075137529094
chr_21	3450000	3460000	18.5891193244852	18.6464550129657	5.73356884805349
chr_21	3460000	3470000	18.6464550129657	18.6558431095643	0.938809659850293
chr_21	3470000	3480000	18.6558431095643	18.6658970558664	1.00539463021079
chr_21	3480000	3490000	18.6658970558664	18.6719483803159	0.605132444959011
chr_21	3490000	3500000	18.6719483803159	18.6855982375687	1.36498572527799
chr_21	3500000	3510000	18.6855982375687	18.6990801900721	1.34819525034011
chr_21	3510000	3520000	18.6990801900721	18.7137000824269	1.46198923547516
chr_21	3520000	3530000	18.7137000824269	18.7400587862095	2.6358703782666
chr_21	3530000	3540000	18.7400587862095	18.760306865654	2.02480794444888
chr_21	3540000	3550000	18.760306865654	18.7897227295857	2.94158639316642
chr_21	3550000	3560000	18.7897227295857	18.8279901781101	3.8267448524401
chr_21	3560000	3570000	18.8279901781101	18.8802094306238	5.22192525137264
chr_21	3570000	3580000	18.8802094306238	18.9599277783352	7.97183477113634
chr_21	3580000	3590000	18.9599277783352	19.0448610796635	8.49333013283236
chr_21	3590000	3600000	19.0448610796635	19.0862513555333	4.13902758697446
chr_21	3600000	3610000	19.0862513555333	19.1365832956721	5.0331940138804
chr_21	3610000	3620000	19.1365832956721	19.1568526826427	2.02693869706181
chr_21	3620000	3630000	19.1568526826427	19.1773166550183	2.04639723756372
chr_21	3630000	3640000	19.1773166550183	19.2058753901079	2.85587350895611
chr_21	3640000	3650000	19.2058753901079	19.2387445762884	3.28691861804842
chr_21	3650000	3660000	19.2387445762884	19.2955581274301	5.68135511417012
chr_21	3660000	3670000	19.2955581274301	19.3665635208395	7.10053934094148
chr_21	3670000	3680000	19.3665635208395	19.4519138963211	8.53503754816067
chr_21	3680000	3690000	19.4519138963211	19.4797936561929	2.78797598717802
chr_21	3690000	3700000	19.4797936561929	19.49518968463	1.53960284370989
chr_21	3700000	3710000	19.49518968463	19.5061007679314	1.09110833013837
chr_21	3710000	3720000	19.5061007679314	19.5294170044732	2.331623654187
chr_21	3720000	3730000	19.5294170044732	19.5783250008594	4.89079963861521
chr_21	3730000	3740000	19.5783250008594	19.6596500653399	8.13250644805272
chr_21	3740000	3750000	19.6596500653399	19.7179756228368	5.83255574969215
chr_21	3750000	3760000	19.7179756228368	19.7393217687116	2.13461458747801
chr_21	3760000	3770000	19.7393217687116	19.7905773355409	5.12555668293224
chr_21	3770000	3780000	19.7905773355409	19.8506333946888	6.00560591478931
chr_21	3780000	3790000	19.8506333946888	19.9359598101301	8.53264154413154
chr_21	3790000	3800000	19.9359598101301	19.9927841291031	5.68243189729323
chr_21	3800000	3810000	19.9927841291031	20.0419503541595	4.91662250564104
chr_21	3810000	3820000	20.0419503541595	20.1094531414218	6.75027872623382
chr_21	3820000	3830000	20.1094531414218	20.1389435990676	2.94904576457604
chr_21	3830000	3840000	20.1389435990676	20.1689426172929	2.99990182253644
chr_21	3840000	3850000	20.1689426172929	20.2056362089956	3.6693591702619
chr_21	3850000	3860000	20.2056362089956	20.252869395515	4.72331865194562
chr_21	3860000	3870000	20.252869395515	20.2956545699521	4.27851744371175
chr_21	3870000	3880000	20.2956545699521	20.34607672354	5.04221535878422
chr_21	3880000	3890000	20.34607672354	20.3943549806959	4.82782571558928
chr_21	3890000	3900000	20.3943549806959	20.4285071672566	3.41521865607604
chr_21	3900000	3910000	20.4285071672566	20.4714451221435	4.2937954886888
chr_21	3910000	3920000	20.4714451221435	20.5104174357979	3.89723136544049
chr_21	3920000	3930000	20.5104174357979	20.5474854864939	3.70680506959644
chr_21	3930000	3940000	20.5474854864939	20.5867796090119	3.92941225179761
chr_21	3940000	3950000	20.5867796090119	20.6253116033998	3.85319943879594
chr_21	3950000	3960000	20.6253116033998	20.6611532285614	3.58416251615417
chr_21	3960000	3970000	20.6611532285614	20.6999915904174	3.88383618559907
chr_21	3970000	3980000	20.6999915904174	20.7371510817348	3.71594913174675
chr_21	3980000	3990000	20.7371510817348	20.775502378871	3.83512971361633
chr_21	3990000	4000000	20.775502378871	20.8289746445041	5.34722656330686
chr_21	4000000	4010000	20.8289746445041	20.8691500956909	4.01754511868795
chr_21	4010000	4020000	20.8691500956909	20.8943188329495	2.51687372585394
chr_21	4020000	4030000	20.8943188329495	21.0439304273378	14.9611594388325
chr_21	4030000	4040000	21.0439304273378	21.0633710891795	1.94406618417098
chr_21	4040000	4050000	21.0633710891795	21.0863921801932	2.30210910137316
chr_21	4050000	4060000	21.0863921801932	21.1168545862969	3.04624061037053
chr_21	4060000	4070000	21.1168545862969	21.1631368887194	4.62823024224477
chr_21	4070000	4080000	21.1631368887194	21.2028444138919	3.97075251724743
chr_21	4080000	4090000	21.2028444138919	21.2599890027418	5.71445888499156
chr_21	4090000	4100000	21.2599890027418	21.3142623321002	5.42733293584554
chr_21	4100000	4110000	21.3142623321002	21.3824507153832	6.81883832830152
chr_21	4110000	4120000	21.3824507153832	21.4585317156172	7.60810002339802
chr_21	4120000	4130000	21.4585317156172	21.5279968327344	6.94651171171436
chr_21	4130000	4140000	21.5279968327344	21.6336114205806	10.5614587846272
chr_21	4140000	4150000	21.6336114205806	21.71530033582	8.16889152393294
chr_21	4150000	4160000	21.71530033582	21.7725667611123	5.7266425292287
chr_21	4160000	4170000	21.7725667611123	21.818591185491	4.6024424378782
chr_21	4170000	4180000	21.818591185491	21.8691505891594	5.05594036683377
chr_21	4180000	4190000	21.8691505891594	21.902125845766	3.29752566065871
chr_21	4190000	4200000	21.902125845766	21.9400191307816	3.78932850156701
chr_21	4200000	4210000	21.9400191307816	21.9845057150067	4.4486584225087
chr_21	4210000	4220000	21.9845057150067	22.0436726354479	5.91669204411325
chr_21	4220000	4230000	22.0436726354479	22.0787208553802	3.50482199323565
chr_21	4230000	4240000	22.0787208553802	22.1584709019849	7.97500466047047
chr_21	4240000	4250000	22.1584709019849	22.2272715102929	6.88006083080168
chr_21	4250000	4260000	22.2272715102929	22.2574428037204	3.01712934274896
chr_21	4260000	4270000	22.2574428037204	22.3159850637655	5.85422600450585
chr_21	4270000	4280000	22.3159850637655	22.393501148493	7.75160847275629
chr_21	4280000	4290000	22.393501148493	22.4543640919002	6.08629434071091
chr_21	4290000	4300000	22.4543640919002	22.5743742225517	12.0010130651519
chr_21	4300000	4310000	22.5743742225517	22.7265485408623	15.2174318310642
chr_21	4310000	4320000	22.7265485408623	22.9077982417256	18.1249700863297
chr_21	4320000	4330000	22.9077982417256	23.0462815439025	13.8483302176891
chr_21	4330000	4340000	23.0462815439025	23.1387508523305	9.24693084279831
chr_21	4340000	4350000	23.1387508523305	23.233647315972	9.48964636415468
chr_21	4350000	4360000	23.233647315972	23.3214335925194	8.77862765473516
chr_21	4360000	4370000	23.3214335925194	23.4092198690667	8.77862765472841
chr_21	4370000	4380000	23.4092198690667	23.497006145614	8.77862765473019
chr_21	4380000	4390000	23.497006145614	23.5847924221613	8.77862765473019
chr_21	4390000	4400000	23.5847924221613	23.6725786987086	8.77862765473267
chr_21	4400000	4410000	23.6725786987086	23.7603649752559	8.77862765472877
chr_21	4410000	4420000	23.7603649752559	23.8481512518032	8.77862765473232
chr_21	4420000	4430000	23.8481512518032	23.9359375283505	8.77862765473019
chr_21	4430000	4440000	23.9359375283505	24.0237238048978	8.77862765473196
chr_21	4440000	4450000	24.0237238048978	24.1115100814451	8.77862765472912
chr_21	4450000	4460000	24.1115100814451	24.1992963579924	8.7786276547309
chr_21	4460000	4470000	24.1992963579924	24.2870826345397	8.77862765472734
chr_21	4470000	4480000	24.2870826345397	24.374868911087	8.77862765472877
chr_21	4480000	4490000	24.374868911087	24.4626551876343	8.77862765472877
chr_21	4490000	4500000	24.4626551876343	24.5506909075713	8.80357199369683
chr_21	4500000	4510000	24.5506909075713	24.668661223329	11.7970315757724
chr_21	4510000	4520000	24.668661223329	24.7884533937729	11.9792170443969
chr_21	4520000	4530000	24.7884533937729	24.9186882403606	13.0234846587641
chr_21	4530000	4540000	24.9186882403606	25.0439768547294	12.5288614368817
chr_21	4540000	4550000	25.0439768547294	25.1575739931586	11.3597138429213
chr_21	4550000	4560000	25.1575739931586	25.2741946629644	11.6620669805751
chr_21	4560000	4570000	25.2741946629644	25.3982642313708	12.4069568406416
chr_21	4570000	4580000	25.3982642313708	25.5252328349783	12.6968603607494
chr_21	4580000	4590000	25.5252328349783	25.6449457739709	11.9712938992674
chr_21	4590000	4600000	25.6449457739709	25.7647274484884	11.9781674517476
chr_21	4600000	4610000	25.7647274484884	25.8821685986884	11.7441150199959
chr_21	4610000	4620000	25.8821685986884	26.00680003116	12.4631432471606
chr_21	4620000	4630000	26.00680003116	26.1266332949935	11.983326383352
chr_21	4630000	4640000	26.1266332949935	26.2288239827407	10.2190687747218
chr_21	4640000	4650000	26.2288239827407	26.3487720969716	11.9948114230862
chr_21	4650000	4660000	26.3487720969716	26.4806321902514	13.1860093279801
chr_21	4660000	4670000	26.4806321902514	26.5933019967212	11.2669806469775
chr_21	4670000	4680000	26.5933019967212	26.6704513147373	7.71493180160903
chr_21	4680000	4690000	26.6704513147373	26.7750209328459	10.4569618108613
chr_21	4690000	4700000	26.7750209328459	26.8229284692897	4.79075364438124
chr_21	4700000	4710000	26.8229284692897	26.9008729992128	7.79445299231085
chr_21	4710000	4720000	26.9008729992128	26.9705590137721	6.96860145592844
chr_21	4720000	4730000	26.9705590137721	27.0436859731893	7.3126959417209
chr_21	4730000	4740000	27.0436859731893	27.1160332685257	7.23472953363853
chr_21	4740000	4750000	27.1160332685257	27.1664946221459	5.04613536202712
chr_21	4750000	4760000	27.1664946221459	27.2129579941814	4.64633720355003
chr_21	4760000	4770000	27.2129579941814	27.2392153337252	2.62573395437222
chr_21	4770000	4780000	27.2392153337252	27.2499963250895	1.07809913643564
chr_21	4780000	4790000	27.2499963250895	27.2834656551413	3.34693300518296
chr_21	4790000	4800000	27.2834656551413	27.3204434206641	3.69777655227779
chr_21	4800000	4810000	27.3204434206641	27.3703794756672	4.99360550030836
chr_21	4810000	4820000	27.3703794756672	27.4374902078322	6.71107321649451
chr_21	4820000	4830000	27.4374902078322	27.5206681314871	8.31779236549686
chr_21	4830000	4840000	27.5206681314871	27.6059257514568	8.52576199696706
chr_21	4840000	4850000	27.6059257514568	27.7183477783234	11.2422026866557
chr_21	4850000	4860000	27.7183477783234	27.8117526993505	9.34049210271084
chr_21	4860000	4870000	27.8117526993505	27.8940183649465	8.22656655960827
chr_21	4870000	4880000	27.8940183649465	27.9704086259778	7.63902610312606
chr_21	4880000	4890000	27.9704086259778	28.052570374573	8.21617485952224
chr_21	4890000	4900000	28.052570374573	28.1562333609005	10.3662986327453
chr_21	4900000	4910000	28.1562333609005	28.2463824530383	9.01490921378212
chr_21	4910000	4920000	28.2463824530383	28.3168735520228	7.04910989845295
chr_21	4920000	4930000	28.3168735520228	28.4027523817283	8.58788297055177
chr_21	4930000	4940000	28.4027523817283	28.4923469626635	8.95945809351275
chr_21	4940000	4950000	28.4923469626635	28.5855705846695	9.3223622005997
chr_21	4950000	4960000	28.5855705846695	28.6620123414848	7.64417568153526
chr_21	4960000	4970000	28.6620123414848	28.7261605372545	6.41481957696399
chr_21	4970000	4980000	28.7261605372545	28.8035224528279	7.73619155734728
chr_21	4980000	4990000	28.8035224528279	28.8905543253317	8.70318725037862
chr_21	4990000	5000000	28.8905543253317	28.9694745854166	7.89202600848533
chr_21	5000000	5010000	28.9694745854166	29.0513297238638	8.18551384472244
chr_21	5010000	5020000	29.0513297238638	29.1322282297646	8.08985059008336
chr_21	5020000	5030000	29.1322282297646	29.2269741520689	9.4745922304309
chr_21	5030000	5040000	29.2269741520689	29.2973516021035	7.0377450034556
chr_21	5040000	5050000	29.2973516021035	29.3852339546798	8.78823525763366
chr_21	5050000	5060000	29.3852339546798	29.4714885195389	8.62545648590682
chr_21	5060000	5070000	29.4714885195389	29.5415046932315	7.00161736925935
chr_21	5070000	5080000	29.5415046932315	29.6117820241467	7.02773309151965
chr_21	5080000	5090000	29.6117820241467	29.6733569342368	6.15749100901084
chr_21	5090000	5100000	29.6733569342368	29.7456942926195	7.23373583827325
chr_21	5100000	5110000	29.7456942926195	29.8014261921176	5.57318994980882
chr_21	5110000	5120000	29.8014261921176	29.8277523599152	2.63261677975422
chr_21	5120000	5130000	29.8277523599152	29.8504475464732	2.26951865580425
chr_21	5130000	5140000	29.8504475464732	29.8809028603631	3.04553138899237
chr_21	5140000	5150000	29.8809028603631	29.8971247710531	1.62219106899286
chr_21	5150000	5160000	29.8971247710531	29.9100255610661	1.29007900130702
chr_21	5160000	5170000	29.9100255610661	29.9229440361221	1.29184750559475
chr_21	5170000	5180000	29.9229440361221	29.9310824868792	0.813845075714781
chr_21	5180000	5190000	29.9310824868792	29.9564730141257	2.53905272464294
chr_21	5190000	5200000	29.9564730141257	29.9852870817504	2.88140676247757
chr_21	5200000	5210000	29.9852870817504	29.9995665018059	1.42794200555088
chr_21	5210000	5220000	29.9995665018059	30.0066920779095	0.712557610357578
chr_21	5220000	5230000	30.0066920779095	30.0271769262303	2.04848483207591
chr_21	5230000	5240000	30.0271769262303	30.0391285607085	1.19516344781907
chr_21	5240000	5250000	30.0391285607085	30.0500339968756	1.09054361671141
chr_21	5250000	5260000	30.0500339968756	30.0603497614548	1.03157645792571
chr_21	5260000	5270000	30.0603497614548	30.066679949312	0.633018785714512
chr_21	5270000	5280000	30.066679949312	30.0782814822527	1.16015329407411
chr_21	5280000	5290000	30.0782814822527	30.0988503424608	2.0568860208126
chr_21	5290000	5300000	30.0988503424608	30.1247886712515	2.59383287906196
chr_21	5300000	5310000	30.1247886712515	30.1583298021017	3.35411308502032
chr_21	5310000	5320000	30.1583298021017	30.1813741501954	2.30443480937481
chr_21	5320000	5330000	30.1813741501954	30.2044434443754	2.30692941800221
chr_21	5330000	5340000	30.2044434443754	30.2619246261015	5.74811817260681
chr_21	5340000	5350000	30.2619246261015	30.309323976843	4.73993507414825
chr_21	5350000	5360000	30.309323976843	30.3529840180248	4.36600411818517
chr_21	5360000	5370000	30.3529840180248	30.378258485103	2.52744670781979
chr_21	5370000	5380000	30.378258485103	30.3963332735347	1.80747884316155
chr_21	5380000	5390000	30.3963332735347	30.4213359889581	2.50027154234793
chr_21	5390000	5400000	30.4213359889581	30.4476722683402	2.63362793820185
chr_21	5400000	5410000	30.4476722683402	30.4735310141382	2.58587457980752
chr_21	5410000	5420000	30.4735310141382	30.5006594091513	2.71283950130581
chr_21	5420000	5430000	30.5006594091513	30.5170023943425	1.6342985191212
chr_21	5430000	5440000	30.5170023943425	30.5296279823709	1.26255880283779
chr_21	5440000	5450000	30.5296279823709	30.5500425799924	2.0414597621528
chr_21	5450000	5460000	30.5500425799924	30.5730524713838	2.30098913913501
chr_21	5460000	5470000	30.5730524713838	30.6085544880741	3.55020166903621
chr_21	5470000	5480000	30.6085544880741	30.6479355632844	3.93810752102581
chr_21	5480000	5490000	30.6479355632844	30.6987400558869	5.08044926025697
chr_21	5490000	5500000	30.6987400558869	30.75245170224	5.37116463530367
chr_21	5500000	5510000	30.75245170224	30.7885511884012	3.60994861612625
chr_21	5510000	5520000	30.7885511884012	30.8296733611063	4.11221727050872
chr_21	5520000	5530000	30.8296733611063	30.8765169099896	4.68435488832846
chr_21	5530000	5540000	30.8765169099896	30.9189272881041	4.24103781144645
chr_21	5540000	5550000	30.9189272881041	30.9591812196827	4.0253931578615
chr_21	5550000	5560000	30.9591812196827	30.9991225177558	3.9941298073078
chr_21	5560000	5570000	30.9991225177558	31.0424292453412	4.33067275854313
chr_21	5570000	5580000	31.0424292453412	31.0864203097121	4.39910643708465
chr_21	5580000	5590000	31.0864203097121	31.1407429624731	5.43226527610834
chr_21	5590000	5600000	31.1407429624731	31.1860440702739	4.53011078007854
chr_21	5600000	5610000	31.1860440702739	31.2293841045076	4.33400342336761
chr_21	5610000	5620000	31.2293841045076	31.2711570079307	4.17729034230696
chr_21	5620000	5630000	31.2711570079307	31.3129299113537	4.17729034230625
chr_21	5630000	5640000	31.3129299113537	31.3547028147768	4.17729034230661
chr_21	5640000	5650000	31.3547028147768	31.3964757181999	4.17729034230625
chr_21	5650000	5660000	31.3964757181999	31.4382486216229	4.17729034230625
chr_21	5660000	5670000	31.4382486216229	31.480021525046	4.17729034230625
chr_21	5670000	5680000	31.480021525046	31.521794428469	4.17729034230625
chr_21	5680000	5690000	31.521794428469	31.5635673318921	4.17729034230661
chr_21	5690000	5700000	31.5635673318921	31.6053402353152	4.17729034230554
chr_21	5700000	5710000	31.6053402353152	31.6471131387382	4.17729034230661
chr_21	5710000	5720000	31.6471131387382	31.691135868784	4.40227300457323
chr_21	5720000	5730000	31.691135868784	31.7482936358843	5.71577671002963
chr_21	5730000	5740000	31.7482936358843	31.8150588706942	6.6765234809953
chr_21	5740000	5750000	31.8150588706942	31.8652190427909	5.0160172096728
chr_21	5750000	5760000	31.8652190427909	31.9102611154708	4.50420726798484
chr_21	5760000	5770000	31.9102611154708	31.953003831497	4.27427160261686
chr_21	5770000	5780000	31.953003831497	32.0004439843733	4.74401528763515
chr_21	5780000	5790000	32.0004439843733	32.0423589574669	4.1914973093597
chr_21	5790000	5800000	32.0423589574669	32.0835520777092	4.11931202422764
chr_21	5800000	5810000	32.0835520777092	32.1249815719379	4.14294942286944
chr_21	5810000	5820000	32.1249815719379	32.1835786373872	5.85970654493408
chr_21	5820000	5830000	32.1835786373872	32.2519478764523	6.83692390650776
chr_21	5830000	5840000	32.2519478764523	32.3186805452032	6.67326687508591
chr_21	5840000	5850000	32.3186805452032	32.3900251092176	7.1344564014467
chr_21	5850000	5860000	32.3900251092176	32.4546203706035	6.45952613858825
chr_21	5860000	5870000	32.4546203706035	32.5231168868665	6.84965162630249
chr_21	5870000	5880000	32.5231168868665	32.5925224784055	6.94055915389526
chr_21	5880000	5890000	32.5925224784055	32.6620929134981	6.95704350925936
chr_21	5890000	5900000	32.6620929134981	32.7295589561653	6.74660426672133
chr_21	5900000	5910000	32.7295589561653	32.8003359800097	7.07770238443644
chr_21	5910000	5920000	32.8003359800097	32.8653825948398	6.5046614830095
chr_21	5920000	5930000	32.8653825948398	32.9353881676991	7.00055728593867
chr_21	5930000	5940000	32.9353881676991	33.0067872497961	7.13990820969741
chr_21	5940000	5950000	33.0067872497961	33.075988401584	6.92011517878939
chr_21	5950000	5960000	33.075988401584	33.1503906417608	7.44022401767737
chr_21	5960000	5970000	33.1503906417608	33.2170362670699	6.66456253091425
chr_21	5970000	5980000	33.2170362670699	33.2846752928854	6.76390258155095
chr_21	5980000	5990000	33.2846752928854	33.339377002385	5.47017094995468
chr_21	5990000	6000000	33.339377002385	33.4128228409683	7.34458385833321
chr_21	6000000	6010000	33.4128228409683	33.4849394080179	7.21165670496333
chr_21	6010000	6020000	33.4849394080179	33.5506368999577	6.56974919397371
chr_21	6020000	6030000	33.5506368999577	33.5935359157204	4.28990157626785
chr_21	6030000	6040000	33.5935359157204	33.6258602386084	3.23243228880656
chr_21	6040000	6050000	33.6258602386084	33.6608266021794	3.49663635709803
chr_21	6050000	6060000	33.6608266021794	33.7418467481297	8.10201459502977
chr_21	6060000	6070000	33.7418467481297	33.8905102245059	14.86634763762
chr_21	6070000	6080000	33.8905102245059	34.0342889339007	14.3778709394766
chr_21	6080000	6090000	34.0342889339007	34.1199264988567	8.56375649560306
chr_21	6090000	6100000	34.1199264988567	34.2079591500669	8.80326512101561
chr_21	6100000	6110000	34.2079591500669	34.254749186047	4.6790035980095
chr_21	6110000	6120000	34.254749186047	34.3047804314864	5.00312454394489
chr_21	6120000	6130000	34.3047804314864	34.3498494030557	4.50689715692718
chr_21	6130000	6140000	34.3498494030557	34.3872375318157	3.73881287600497
chr_21	6140000	6150000	34.3872375318157	34.4461451382908	5.89076064750387
chr_21	6150000	6160000	34.4461451382908	34.4901553356588	4.40101973680456
chr_21	6160000	6170000	34.4901553356588	34.5611112894298	7.09559537710334
chr_21	6170000	6180000	34.5611112894298	34.8497015564053	28.8590266975511
chr_21	6180000	6190000	34.8497015564053	35.0481399599387	19.8438403533316
chr_21	6190000	6200000	35.0481399599387	35.2914265273107	24.328656737201
chr_21	6200000	6210000	35.2914265273107	35.4506042920309	15.9177764720191
chr_21	6210000	6220000	35.4506042920309	35.5832105858593	13.2606293828402
chr_21	6220000	6230000	35.5832105858593	35.7171907324485	13.3980146589217
chr_21	6230000	6240000	35.7171907324485	35.7954359739855	7.82452415370614
chr_21	6240000	6250000	35.7954359739855	35.8606765387425	6.52405647569907
chr_21	6250000	6260000	35.8606765387425	35.93114091053	7.04643717874376
chr_21	6260000	6270000	35.93114091053	35.9984597638532	6.7318853323215
chr_21	6270000	6280000	35.9984597638532	36.0784576877078	7.99979238546484
chr_21	6280000	6290000	36.0784576877078	36.1514133810093	7.29556933014308
chr_21	6290000	6300000	36.1514133810093	36.2269357043263	7.55223233170739
chr_21	6300000	6310000	36.2269357043263	36.30803170665	8.10960023236973
chr_21	6310000	6320000	36.30803170665	36.3560156154538	4.79839088037934
chr_21	6320000	6330000	36.3560156154538	36.4290217974391	7.3006181985221
chr_21	6330000	6340000	36.4290217974391	36.4976223953281	6.86005978890449
chr_21	6340000	6350000	36.4976223953281	36.5635849325064	6.59625371783434
chr_21	6350000	6360000	36.5635849325064	36.6191043189353	5.5519386428891
chr_21	6360000	6370000	36.6191043189353	36.6746998207771	5.55955018417933
chr_21	6370000	6380000	36.6746998207771	36.7384878030991	6.37879823219265
chr_21	6380000	6390000	36.7384878030991	36.8167597842299	7.8271981130861
chr_21	6390000	6400000	36.8167597842299	36.8615238205013	4.47640362713742
chr_21	6400000	6410000	36.8615238205013	36.9171067264286	5.55829059273307
chr_21	6410000	6420000	36.9171067264286	36.9608499524268	4.37432259981847
chr_21	6420000	6430000	36.9608499524268	37.0035938873206	4.2743934893835
chr_21	6430000	6440000	37.0035938873206	37.0273888284051	2.37949410844109
chr_21	6440000	6450000	37.0273888284051	37.0389119767398	1.15231483347671
chr_21	6450000	6460000	37.0389119767398	37.0530021524144	1.40901756745677
chr_21	6460000	6470000	37.0530021524144	37.0699758920238	1.69737396094334
chr_21	6470000	6480000	37.0699758920238	37.1016729118254	3.16970198016122
chr_21	6480000	6490000	37.1016729118254	37.1939732615461	9.23003497206665
chr_21	6490000	6500000	37.1939732615461	37.259682148683	6.57088871368856
chr_21	6500000	6510000	37.259682148683	37.3432952103004	8.36130616174344
chr_21	6510000	6520000	37.3432952103004	37.3923135188638	4.90183085633404
chr_21	6520000	6530000	37.3923135188638	37.4930733869475	10.0759868083713
chr_21	6530000	6540000	37.4930733869475	37.6214948941013	12.8421507153824
chr_21	6540000	6550000	37.6214948941013	37.7376911576937	11.6196263592407
chr_21	6550000	6560000	37.7376911576937	37.7908832744701	5.31921167763727
chr_21	6560000	6570000	37.7908832744701	37.838594394716	4.77111202459213
chr_21	6570000	6580000	37.838594394716	37.9469339963373	10.8339601621331
chr_21	6580000	6590000	37.9469339963373	37.9729921938457	2.60581975084193
chr_21	6590000	6600000	37.9729921938457	38.0052873265112	3.22951326654746
chr_21	6600000	6610000	38.0052873265112	38.0278715177764	2.25841912651603
chr_21	6610000	6620000	38.0278715177764	38.0594433558757	3.15718380993388
chr_21	6620000	6630000	38.0594433558757	38.0924410511173	3.29976952415407
chr_21	6630000	6640000	38.0924410511173	38.127497397484	3.5056346366737
chr_21	6640000	6650000	38.127497397484	38.1558757417857	2.83783443016645
chr_21	6650000	6660000	38.1558757417857	38.1901457730224	3.42700312366944
chr_21	6660000	6670000	38.1901457730224	38.2108147548335	2.06689818111059
chr_21	6670000	6680000	38.2108147548335	38.2559450036972	4.51302488637211
chr_21	6680000	6690000	38.2559450036972	38.2727998349284	1.68548312311785
chr_21	6690000	6700000	38.2727998349284	38.3030761708134	3.02763358849916
chr_21	6700000	6710000	38.3030761708134	38.3342780111762	3.120184036284
chr_21	6710000	6720000	38.3342780111762	38.3569747397841	2.26967286079329
chr_21	6720000	6730000	38.3569747397841	38.3826974375596	2.57226977754783
chr_21	6730000	6740000	38.3826974375596	38.4067363993033	2.40389617437273
chr_21	6740000	6750000	38.4067363993033	38.4824671783008	7.57307789974817
chr_21	6750000	6760000	38.4824671783008	38.5557516587542	7.32844804533599
chr_21	6760000	6770000	38.5557516587542	38.5966767647624	4.09251060082738
chr_21	6770000	6780000	38.5966767647624	38.6391151607315	4.2438395969036
chr_21	6780000	6790000	38.6391151607315	38.7250465970784	8.5931436346911
chr_21	6790000	6800000	38.7250465970784	38.7677618714953	4.27152744169135
chr_21	6800000	6810000	38.7677618714953	38.8783674966061	11.0605625110772
chr_21	6810000	6820000	38.8783674966061	38.9978116291315	11.944413252543
chr_21	6820000	6830000	38.9978116291315	39.0780948961406	8.02832670090581
chr_21	6830000	6840000	39.0780948961406	39.1426561776597	6.4561281519083
chr_21	6840000	6850000	39.1426561776597	39.2072174591788	6.45612815191043
chr_21	6850000	6860000	39.2072174591788	39.2717787406979	6.4561281519147
chr_21	6860000	6870000	39.2717787406979	39.3363400222171	6.45612815191612
chr_21	6870000	6880000	39.3363400222171	39.4009013037363	6.45612815192251
chr_21	6880000	6890000	39.4009013037363	39.4654625852554	6.45612815191186
chr_21	6890000	6900000	39.4654625852554	39.5300238667745	6.45612815191399
chr_21	6900000	6910000	39.5300238667745	39.5945851482936	6.45612815190972
chr_21	6910000	6920000	39.5945851482936	39.6591464298127	6.4561281519083
chr_21	6920000	6930000	39.6591464298127	39.7237077113318	6.45612815190972
chr_21	6930000	6940000	39.7237077113318	39.788268992851	6.45612815191967
chr_21	6940000	6950000	39.788268992851	39.8528302743701	6.45612815191043
chr_21	6950000	6960000	39.8528302743701	39.8976591607822	4.48288864121125
chr_21	6960000	6970000	39.8976591607822	39.940026704522	4.23675437397648
chr_21	6970000	6980000	39.940026704522	40.1029988050331	16.2972100511098
chr_21	6980000	6990000	40.1029988050331	40.2998841425398	19.6885337506714
chr_21	6990000	7000000	40.2998841425398	40.5421460941175	24.2261951577682
chr_21	7000000	7010000	40.5421460941175	40.7982265864894	25.6080492371872
chr_21	7010000	7020000	40.7982265864894	40.9130746224694	11.4848035980032
chr_21	7020000	7030000	40.9130746224694	41.08221898386	16.9144361390586
chr_21	7030000	7040000	41.08221898386	41.2359222540574	15.370327019744
chr_21	7040000	7050000	41.2359222540574	41.527679970997	29.1757716939571
chr_21	7050000	7060000	41.527679970997	41.7734113128369	24.5731341839921
chr_21	7060000	7070000	41.7734113128369	42.1257001117554	35.2288798918458
chr_21	7070000	7080000	42.1257001117554	42.4602694659897	33.4569354234326
chr_21	7080000	7090000	42.4602694659897	42.6287405372768	16.8471071287144
chr_21	7090000	7100000	42.6287405372768	42.7684895933065	13.9749056029615
chr_21	7100000	7110000	42.7684895933065	42.9465964662029	17.8106872896414
chr_21	7110000	7120000	42.9465964662029	43.0817303347657	13.5133868562825
chr_21	7120000	7130000	43.0817303347657	43.1952774913821	11.3547156616384
chr_21	7130000	7140000	43.1952774913821	43.287892383314	9.26148919318948
chr_21	7140000	7150000	43.287892383314	43.3897028298346	10.1810446520609
chr_21	7150000	7160000	43.3897028298346	43.501080121484	11.1377291649418
chr_21	7160000	7170000	43.501080121484	43.5964200524333	9.53399309492724
chr_21	7170000	7180000	43.5964200524333	43.7284668555144	13.2046803081096
chr_21	7180000	7190000	43.7284668555144	43.8525800419415	12.4113186427124
chr_21	7190000	7200000	43.8525800419415	43.9743126838936	12.1732641952107
chr_21	7200000	7210000	43.9743126838936	44.197734366939	22.3421683045437
chr_21	7210000	7220000	44.197734366939	44.2906100836555	9.28757167164136
chr_21	7220000	7230000	44.2906100836555	44.3679993058667	7.7389222211238
chr_21	7230000	7240000	44.3679993058667	44.4125533692337	4.45540633670234
chr_21	7240000	7250000	44.4125533692337	44.4344710848076	2.19177155739274
chr_21	7250000	7260000	44.4344710848076	44.4551152165256	2.06441317179511
chr_21	7260000	7270000	44.4551152165256	44.4827945700635	2.76793535378985
chr_21	7270000	7280000	44.4827945700635	44.4976576127081	1.48630426446346
chr_21	7280000	7290000	44.4976576127081	44.5125206553528	1.48630426446417
chr_21	7290000	7300000	44.5125206553528	44.5273836979974	1.48630426446204
chr_21	7300000	7310000	44.5273836979974	44.5415169328346	1.41332348372387
chr_21	7310000	7320000	44.5415169328346	44.5547982594871	1.32813266525034
chr_21	7320000	7330000	44.5547982594871	44.5687247770979	1.39265176108054
chr_21	7330000	7340000	44.5687247770979	44.585930004235	1.72052271370902
chr_21	7340000	7350000	44.585930004235	44.6161177511984	3.0187746963378
chr_21	7350000	7360000	44.6161177511984	44.6492468744969	3.31291232985009
chr_21	7360000	7370000	44.6492468744969	44.6961201801326	4.68733056356996
chr_21	7370000	7380000	44.6961201801326	44.7187299063269	2.26097261942471
chr_21	7380000	7390000	44.7187299063269	44.7640804610704	4.53505547435711
chr_21	7390000	7400000	44.7640804610704	44.809431015814	4.53505547435711
chr_21	7400000	7410000	44.809431015814	44.8547815705576	4.53505547435853
chr_21	7410000	7420000	44.8547815705576	44.9001321253011	4.5350554743564
chr_21	7420000	7430000	44.9001321253011	44.9104253188924	1.02931935912309
chr_21	7430000	7440000	44.9104253188924	44.9379820197828	2.75567008903934
chr_21	7440000	7450000	44.9379820197828	44.9942713095868	5.6289289804063
chr_21	7450000	7460000	44.9942713095868	45.0551119833729	6.0840673786025
chr_21	7460000	7470000	45.0551119833729	45.0919223281512	3.68103447783596
chr_21	7470000	7480000	45.0919223281512	45.1342298083888	4.23074802375538
chr_21	7480000	7490000	45.1342298083888	45.1705596531884	3.63298447996456
chr_21	7490000	7500000	45.1705596531884	45.2297721317679	5.92124785794965
chr_21	7500000	7510000	45.2297721317679	45.3658930889717	13.6120957203772
chr_21	7510000	7520000	45.3658930889717	45.4083410481907	4.24479592190181
chr_21	7520000	7530000	45.4083410481907	45.425812889709	1.74718415183008
chr_21	7530000	7540000	45.425812889709	45.4751242013796	4.93113116705786
chr_21	7540000	7550000	45.4751242013796	45.5053463284397	3.02221270601564
chr_21	7550000	7560000	45.5053463284397	45.5639255481854	5.85792197456669
chr_21	7560000	7570000	45.5639255481854	45.6415165549731	7.75910067876779
chr_21	7570000	7580000	45.6415165549731	45.7551685600257	11.3652005052614
chr_21	7580000	7590000	45.7551685600257	45.8684926816873	11.3324121661634
chr_21	7590000	7600000	45.8684926816873	45.9307134882023	6.22208065149294
chr_21	7600000	7610000	45.9307134882023	45.9661939472026	3.548045900029
chr_21	7610000	7620000	45.9661939472026	46.0069575995596	4.07636523570218
chr_21	7620000	7630000	46.0069575995596	46.0422124649661	3.52548654064861
chr_21	7630000	7640000	46.0422124649661	46.0784808796169	3.62684146508769
chr_21	7640000	7650000	46.0784808796169	46.0936833337515	1.52024541345313
chr_21	7650000	7660000	46.0936833337515	46.1087781074562	1.50947737047744
chr_21	7660000	7670000	46.1087781074562	46.1456521241863	3.68740167300174
chr_21	7670000	7680000	46.1456521241863	46.2111114906541	6.54593664677918
chr_21	7680000	7690000	46.2111114906541	46.2563612164007	4.5249725746686
chr_21	7690000	7700000	46.2563612164007	46.2855327429557	2.91715265550039
chr_21	7700000	7710000	46.2855327429557	46.3216728050303	3.6140062074594
chr_21	7710000	7720000	46.3216728050303	46.3587883551016	3.71155500712987
chr_21	7720000	7730000	46.3587883551016	46.3986809469789	3.98925918772548
chr_21	7730000	7740000	46.3986809469789	46.4273228642443	2.8641917265432
chr_21	7740000	7750000	46.4273228642443	46.4428242111281	1.55013468837879
chr_21	7750000	7760000	46.4428242111281	46.4666485539794	2.38243428513343
chr_21	7760000	7770000	46.4666485539794	46.4826692353236	1.60206813441377
chr_21	7770000	7780000	46.4826692353236	46.5046545355468	2.19853002232497
chr_21	7780000	7790000	46.5046545355468	46.5279271321139	2.32725965670184
chr_21	7790000	7800000	46.5279271321139	46.5531379679048	2.52108357909009
chr_21	7800000	7810000	46.5531379679048	46.5849602781867	3.18223102819317
chr_21	7810000	7820000	46.5849602781867	46.6070896781473	2.21293999605905
chr_21	7820000	7830000	46.6070896781473	46.6633789990855	5.62893209382622
chr_21	7830000	7840000	46.6633789990855	46.6977245148939	3.43455158083401
chr_21	7840000	7850000	46.6977245148939	46.7472128195892	4.94883046952879
chr_21	7850000	7860000	46.7472128195892	46.7775061695879	3.02933499987574
chr_21	7860000	7870000	46.7775061695879	46.7996971446799	2.21909750920091
chr_21	7870000	7880000	46.7996971446799	46.8279660832433	2.8268938563393
chr_21	7880000	7890000	46.8279660832433	46.8685127899431	4.05467066997716
chr_21	7890000	7900000	46.8685127899431	46.9091410231416	4.06282331985324
chr_21	7900000	7910000	46.9091410231416	46.9485489803179	3.94079571762234
chr_21	7910000	7920000	46.9485489803179	46.9889085299236	4.03595496057605
chr_21	7920000	7930000	46.9889085299236	47.0351144504285	4.62059205048746
chr_21	7930000	7940000	47.0351144504285	47.0862507931407	5.11363427121836
chr_21	7940000	7950000	47.0862507931407	47.127964581378	4.17137882373027
chr_21	7950000	7960000	47.127964581378	47.1622810640813	3.43164827033107
chr_21	7960000	7970000	47.1622810640813	47.1908396800137	2.85586159323827
chr_21	7970000	7980000	47.1908396800137	47.2278535993423	3.70139193286647
chr_21	7980000	7990000	47.2278535993423	47.2466401894469	1.87865901045825
chr_21	7990000	8000000	47.2466401894469	47.2879080416507	4.12678522037808
chr_21	8000000	8010000	47.2879080416507	47.3457459960694	5.78379544186873
chr_21	8010000	8020000	47.3457459960694	47.4114640951103	6.57180990409145
chr_21	8020000	8030000	47.4114640951103	47.5019665147652	9.05024196549462
chr_21	8030000	8040000	47.5019665147652	47.5679095509138	6.59430361485249
chr_21	8040000	8050000	47.5679095509138	47.6291995486401	6.12899977263339
chr_21	8050000	8060000	47.6291995486401	47.7603565664642	13.1157017824108
chr_21	8060000	8070000	47.7603565664642	47.8735032366522	11.314667018798
chr_21	8070000	8080000	47.8735032366522	48.0257391002148	15.2235863562581
chr_21	8080000	8090000	48.0257391002148	48.1067675888727	8.10284886579069
chr_21	8090000	8100000	48.1067675888727	48.1916467378519	8.48791489792191
chr_21	8100000	8110000	48.1916467378519	48.3172127476578	12.5566009805944
chr_21	8110000	8120000	48.3172127476578	48.4629605435112	14.5747795853367
chr_21	8120000	8130000	48.4629605435112	48.731333264405	26.8372720893836
chr_21	8130000	8140000	48.731333264405	49.0918716654399	36.0538401034901
chr_21	8140000	8150000	49.0918716654399	49.4922255046763	40.0353839236331
chr_21	8150000	8160000	49.4922255046763	49.871749393287	37.9523888610677
chr_21	8160000	8170000	49.871749393287	50.0295651559542	15.7815762667219
chr_21	8170000	8180000	50.0295651559542	50.0941925184999	6.46273625456999
chr_21	8180000	8190000	50.0941925184999	50.1969797025324	10.2787184032515
chr_21	8190000	8200000	50.1969797025324	50.3048637651195	10.7884062587104
chr_21	8200000	8210000	50.3048637651195	50.4857957295179	18.0931964398411
chr_21	8210000	8220000	50.4857957295179	50.52710552861	4.13097990920619
chr_21	8220000	8230000	50.52710552861	50.5674395725457	4.03340439357009
chr_21	8230000	8240000	50.5674395725457	50.6246895991745	5.72500266288571
chr_21	8240000	8250000	50.6246895991745	50.7009050185654	7.62154193908486
chr_21	8250000	8260000	50.7009050185654	50.8037808136102	10.2875795044817
chr_21	8260000	8270000	50.8037808136102	50.8545576028385	5.07767892283084
chr_21	8270000	8280000	50.8545576028385	50.8670360160991	1.24784132605953
chr_21	8280000	8290000	50.8670360160991	50.8841430595325	1.71070434334126
chr_21	8290000	8300000	50.8841430595325	50.892489615106	0.834655557350317
chr_21	8300000	8310000	50.892489615106	50.8991185500158	0.662893490977723
chr_21	8310000	8320000	50.8991185500158	50.9067556840878	0.763713407197741
chr_21	8320000	8330000	50.9067556840878	50.9130898727529	0.633418866510027
chr_21	8330000	8340000	50.9130898727529	50.9231666961449	1.00768233919979
chr_21	8340000	8350000	50.9231666961449	50.934884455568	1.17177594231563
chr_21	8350000	8360000	50.934884455568	50.9438412707131	0.895681514507629
chr_21	8360000	8370000	50.9438412707131	50.9530249110416	0.91836403285015
chr_21	8370000	8380000	50.9530249110416	50.9640646997288	1.10397886872278
chr_21	8380000	8390000	50.9640646997288	50.978209272139	1.41445724101885
chr_21	8390000	8400000	50.978209272139	51.0052369398973	2.70276677582402
chr_21	8400000	8410000	51.0052369398973	51.0464626659058	4.12257260085269
chr_21	8410000	8420000	51.0464626659058	51.0834001478012	3.69374818954071
chr_21	8420000	8430000	51.0834001478012	51.1124980450498	2.90978972486471
chr_21	8430000	8440000	51.1124980450498	51.1470994914909	3.46014464411084
chr_21	8440000	8450000	51.1470994914909	51.1826395249255	3.55400334345646
chr_21	8450000	8460000	51.1826395249255	51.2346154504432	5.19759255176595
chr_21	8460000	8470000	51.2346154504432	51.3000946052844	6.54791548412632
chr_21	8470000	8480000	51.3000946052844	51.3486414745397	4.85468692553184
chr_21	8480000	8490000	51.3486414745397	51.3761899096939	2.7548435154138
chr_21	8490000	8500000	51.3761899096939	51.4059565561179	2.97666464240223
chr_21	8500000	8510000	51.4059565561179	51.4382819657561	3.2325409638176
chr_21	8510000	8520000	51.4382819657561	51.4797784825948	4.14965168387127
chr_21	8520000	8530000	51.4797784825948	51.5173078598476	3.75293772527669
chr_21	8530000	8540000	51.5173078598476	51.5700717300711	5.27638702235507
chr_21	8540000	8550000	51.5700717300711	51.6080964256555	3.80246955843617
chr_21	8550000	8560000	51.6080964256555	51.6407428756978	3.26464500422858
chr_21	8560000	8570000	51.6407428756978	51.6679617809084	2.7218905210681
chr_21	8570000	8580000	51.6679617809084	51.7048435074497	3.68817265412957
chr_21	8580000	8590000	51.7048435074497	51.7468397251421	4.19962176923221
chr_21	8590000	8600000	51.7468397251421	51.8112406789414	6.44009537993426
chr_21	8600000	8610000	51.8112406789414	51.8866462522819	7.54055733404542
chr_21	8610000	8620000	51.8866462522819	51.9770724694303	9.0426217148476
chr_21	8620000	8630000	51.9770724694303	52.0889582144901	11.1885745059816
chr_21	8630000	8640000	52.0889582144901	52.2048148807378	11.5856666247701
chr_21	8640000	8650000	52.2048148807378	52.3124857230299	10.7670842292038
chr_21	8650000	8660000	52.3124857230299	52.4557409942797	14.3255271249849
chr_21	8660000	8670000	52.4557409942797	52.5944624571507	13.8721462870933
chr_21	8670000	8680000	52.5944624571507	52.7226937392613	12.8231282110583
chr_21	8680000	8690000	52.7226937392613	52.8374690234683	11.4775284207028
chr_21	8690000	8700000	52.8374690234683	52.9443239096372	10.6854886168946
chr_21	8700000	8710000	52.9443239096372	53.0550534708505	11.0729561213269
chr_21	8710000	8720000	53.0550534708505	53.1845563446209	12.9502873770434
chr_21	8720000	8730000	53.1845563446209	53.3006520264806	11.609568185964
chr_21	8730000	8740000	53.3006520264806	53.4187771033091	11.8125076828555
chr_21	8740000	8750000	53.4187771033091	53.5193227571747	10.0545653865531
chr_21	8750000	8760000	53.5193227571747	53.606603737762	8.72809805873231
chr_21	8760000	8770000	53.606603737762	53.6759048946409	6.9301156878872
chr_21	8770000	8780000	53.6759048946409	53.7433890510711	6.74841564302326
chr_21	8780000	8790000	53.7433890510711	53.8040334809386	6.0644429867537
chr_21	8790000	8800000	53.8040334809386	53.8500441554421	4.60106745034565
chr_21	8800000	8810000	53.8500441554421	53.882573817261	3.25296618188773
chr_21	8810000	8820000	53.882573817261	53.9206388231022	3.80650058412542
chr_21	8820000	8830000	53.9206388231022	53.9578043559808	3.71655328785678
chr_21	8830000	8840000	53.9578043559808	54.0132308262027	5.54264702219527
chr_21	8840000	8850000	54.0132308262027	54.0636440249218	5.04131987190704
chr_21	8850000	8860000	54.0636440249218	54.1035146703676	3.98706454458164
chr_21	8860000	8870000	54.1035146703676	54.1476071867941	4.40925164264954
chr_21	8870000	8880000	54.1476071867941	54.2120224172419	6.44152304477785
chr_21	8880000	8890000	54.2120224172419	54.2765117677805	6.44893505386221
chr_21	8890000	8900000	54.2765117677805	54.3280762273951	5.15644596146103
chr_21	8900000	8910000	54.3280762273951	54.3695102780477	4.14340506525832
chr_21	8910000	8920000	54.3695102780477	54.4112040105229	4.16937324751956
chr_21	8920000	8930000	54.4112040105229	54.4628259220569	5.16219115339993
chr_21	8930000	8940000	54.4628259220569	54.5343150943598	7.14891723028686
chr_21	8940000	8950000	54.5343150943598	54.6036734500519	6.93583556920814
chr_21	8950000	8960000	54.6036734500519	54.6729596673383	6.92862172864324
chr_21	8960000	8970000	54.6729596673383	54.7381980445442	6.5238377205965
chr_21	8970000	8980000	54.7381980445442	54.8043110049108	6.61129603665103
chr_21	8980000	8990000	54.8043110049108	54.8770544366429	7.27434317321141
chr_21	8990000	9000000	54.8770544366429	54.950845351049	7.37909144061035
chr_21	9000000	9010000	54.950845351049	55.0269892158451	7.61438647961441
chr_21	9010000	9020000	55.0269892158451	55.1048706647089	7.78814488637636
chr_21	9020000	9030000	55.1048706647089	55.1802300521088	7.53593873999208
chr_21	9030000	9040000	55.1802300521088	55.252212199126	7.19821470172448
chr_21	9040000	9050000	55.252212199126	55.3277091653529	7.54969662268365
chr_21	9050000	9060000	55.3277091653529	55.4007204787911	7.30113134382151
chr_21	9060000	9070000	55.4007204787911	55.4812420745668	8.05215957756644
chr_21	9070000	9080000	55.4812420745668	55.5632783353373	8.20362607705292
chr_21	9080000	9090000	55.5632783353373	55.6493942910878	8.61159557505431
chr_21	9090000	9100000	55.6493942910878	55.7257330614699	7.633877038203
chr_21	9100000	9110000	55.7257330614699	55.795001113223	6.92680517530988
chr_21	9110000	9120000	55.795001113223	55.8977505628484	10.2749449625406
chr_21	9120000	9130000	55.8977505628484	55.9692128843677	7.14623215192915
chr_21	9130000	9140000	55.9692128843677	55.9885534979348	1.93406135671808
chr_21	9140000	9150000	55.9885534979348	56.033789754146	4.52362562111759
chr_21	9150000	9160000	56.033789754146	56.0699776504465	3.61878963005111
chr_21	9160000	9170000	56.0699776504465	56.1051108856149	3.5133235168324
chr_21	9170000	9180000	56.1051108856149	56.1201731251184	1.50622395035143
chr_21	9180000	9190000	56.1201731251184	56.1273262567026	0.715313158420372
chr_21	9190000	9200000	56.1273262567026	56.1329829292242	0.565667252163848
chr_21	9200000	9210000	56.1329829292242	56.1386396017459	0.565667252163848
chr_21	9210000	9220000	56.1386396017459	56.1442962742675	0.565667252163848
chr_21	9220000	9230000	56.1442962742675	56.1499529467891	0.565667252164559
chr_21	9230000	9240000	56.1499529467891	56.1556096193108	0.565667252164559
chr_21	9240000	9250000	56.1556096193108	56.1612662918324	0.565667252163848
chr_21	9250000	9260000	56.1612662918324	56.1669229643541	0.565667252163848
chr_21	9260000	9270000	56.1669229643541	56.1725796368757	0.565667252163848
chr_21	9270000	9280000	56.1725796368757	56.1782363093974	0.56566725216598
chr_21	9280000	9290000	56.1782363093974	56.183892981919	0.565667252163138
chr_21	9290000	9300000	56.183892981919	56.1895496544406	0.565667252164559
chr_21	9300000	9310000	56.1895496544406	56.1952063269623	0.56566725216598
chr_21	9310000	9320000	56.1952063269623	56.1991607750997	0.39544481373639
chr_21	9320000	9330000	56.1991607750997	56.2030479836044	0.38872085047359
chr_21	9330000	9340000	56.2030479836044	56.2069351921091	0.388720850472879
chr_21	9340000	9350000	56.2069351921091	56.2108224006138	0.388720850472879
chr_21	9350000	9360000	56.2108224006138	56.2155476369615	0.472523634760336
chr_21	9360000	9370000	56.2155476369615	56.2268163234503	1.12686864888758
chr_21	9370000	9380000	56.2268163234503	56.2321979578298	0.538163437946082
chr_21	9380000	9390000	56.2321979578298	56.239537216186	0.73392583562466
chr_21	9390000	9400000	56.239537216186	56.2876664238401	4.81292076540711
chr_21	9400000	9410000	56.2876664238401	56.3098800531298	2.22136292896735
chr_21	9410000	9420000	56.3098800531298	56.3182164346786	0.833638154885108
chr_21	9420000	9430000	56.3182164346786	56.3268940363991	0.867760172047838
chr_21	9430000	9440000	56.3268940363991	56.3366313280378	0.973729163870729
chr_21	9440000	9450000	56.3366313280378	56.3540581790867	1.7426851048846
chr_21	9450000	9460000	56.3540581790867	56.3686490113911	1.45908323044139
chr_21	9460000	9470000	56.3686490113911	56.3830318314776	1.43828200865244
chr_21	9470000	9480000	56.3830318314776	56.3898575433929	0.682571191532588
chr_21	9480000	9490000	56.3898575433929	56.403631204577	1.37736611840822
chr_21	9490000	9500000	56.403631204577	56.4217596868647	1.81284822877004
chr_21	9500000	9510000	56.4217596868647	56.4326938843596	1.0934197494862
chr_21	9510000	9520000	56.4326938843596	56.4396330976288	0.693921326927693
chr_21	9520000	9530000	56.4396330976288	56.4452027451911	0.556964756226108
chr_21	9530000	9540000	56.4452027451911	56.4531035518639	0.790080667278659
chr_21	9540000	9550000	56.4531035518639	56.4592378106771	0.613425881324048
chr_21	9550000	9560000	56.4592378106771	56.4619258391712	0.268802849407024
chr_21	9560000	9570000	56.4619258391712	56.4662549498051	0.432911063388985
chr_21	9570000	9580000	56.4662549498051	56.4711211728875	0.486622308245188
chr_21	9580000	9590000	56.4711211728875	56.4753978316376	0.427665875002248
chr_21	9590000	9600000	56.4753978316376	56.4763419075221	0.0944075884575568
chr_21	9600000	9610000	56.4763419075221	56.4767815992115	0.0439691689372523
chr_21	9610000	9620000	56.4767815992115	56.4773878224889	0.0606223277344498
chr_21	9620000	9630000	56.4773878224889	56.4781671629879	0.0779340499036607
chr_21	9630000	9640000	56.4781671629879	56.4794562000981	0.128903711019746
chr_21	9640000	9650000	56.4794562000981	56.486102408047	0.664620794886872
chr_21	9650000	9660000	56.486102408047	56.4913240689047	0.522166085777798
chr_21	9660000	9670000	56.4913240689047	56.4949755833994	0.365151449467049
chr_21	9670000	9680000	56.4949755833994	56.4970300064254	0.205442302596737
chr_21	9680000	9690000	56.4970300064254	56.4990070586504	0.197705222499422
chr_21	9690000	9700000	56.4990070586504	56.5004782436138	0.14711849633855
chr_21	9700000	9710000	56.5004782436138	56.501149431509	0.0671187895214587
chr_21	9710000	9720000	56.501149431509	56.5027624404543	0.161300894536254
chr_21	9720000	9730000	56.5027624404543	56.5039049048518	0.114246439748911
chr_21	9730000	9740000	56.5039049048518	56.5046648892889	0.0759984437046057
chr_21	9740000	9750000	56.5046648892889	56.5059775199131	0.131263062424836
chr_21	9750000	9760000	56.5059775199131	56.5071222665204	0.114474660729513
chr_21	9760000	9770000	56.5071222665204	56.5074603381956	0.0338071675152207
chr_21	9770000	9780000	56.5074603381956	56.5077984098707	0.0338071675159313
chr_21	9780000	9790000	56.5077984098707	56.5083674952732	0.0569085402460701
chr_21	9790000	9800000	56.5083674952732	56.5091187846873	0.0751289414125722
chr_21	9800000	9810000	56.5091187846873	56.5098700741014	0.0751289414104406
chr_21	9810000	9820000	56.5098700741014	56.5114119332944	0.154185919297589
chr_21	9820000	9830000	56.5114119332944	56.5132558739306	0.18439406362134
chr_21	9830000	9840000	56.5132558739306	56.5138947633514	0.0638889420748967
chr_21	9840000	9850000	56.5138947633514	56.5145056500308	0.0610886679460521
chr_21	9850000	9860000	56.5145056500308	56.5151165367103	0.0610886679460521
chr_21	9860000	9870000	56.5151165367103	56.5157274233897	0.0610886679460521
chr_21	9870000	9880000	56.5157274233897	56.5163307884848	0.0603365095010133
chr_21	9880000	9890000	56.5163307884848	56.516625834178	0.0295045693249563
chr_21	9890000	9900000	56.516625834178	56.5167563918596	0.0130557681579546
chr_21	9900000	9910000	56.5167563918596	56.516885031287	0.0128639427423138
chr_21	9910000	9920000	56.516885031287	56.517022011185	0.0136979898023526
chr_21	9920000	9930000	56.517022011185	56.5179575149895	0.0935503804498694
chr_21	9930000	9940000	56.5179575149895	56.5187899477675	0.0832432777990277
chr_21	9940000	9950000	56.5187899477675	56.5201718152018	0.13818674342545
chr_21	9950000	9960000	56.5201718152018	56.5226284283841	0.245661318233914
chr_21	9960000	9970000	56.5226284283841	56.5243652638315	0.173683544743852
chr_21	9970000	9980000	56.5243652638315	56.5247492211273	0.0383957295767345
chr_21	9980000	9990000	56.5247492211273	56.5248746431313	0.0125422003968367
chr_21	9990000	10000000	56.5248746431313	56.5250000651353	0.0125422003968367
chr_21	10000000	10010000	56.5250000651353	56.5251254871392	0.0125422003968367
chr_21	10010000	10020000	56.5251254871392	56.5255327800607	0.0407292921480007
chr_21	10020000	10030000	56.5255327800607	56.5261061971629	0.0573417102160079
chr_21	10030000	10040000	56.5261061971629	56.5269883351347	0.0882137971835562
chr_21	10040000	10050000	56.5269883351347	56.5278119796343	0.0823644499632792
