chr	pos1	pos2	mappos1	mappos2	cMpMb
chr_21	10000	20000	0.00530754518111968	0.0205704480798887	1.52629028987691
chr_21	20000	30000	0.0205704480798887	0.020853466587544	0.028301850765524
chr_21	30000	40000	0.020853466587544	0.0211364850951992	0.0283018507655244
chr_21	40000	50000	0.0211364850951992	0.0214195036028545	0.0283018507655233
chr_21	50000	60000	0.0214195036028545	0.0217232622301674	0.0303758627312935
chr_21	60000	70000	0.0217232622301674	0.0220799942084489	0.0356731978281476
chr_21	70000	80000	0.0220799942084489	0.0224367261867304	0.0356731978281479
chr_21	80000	90000	0.0224367261867304	0.0227934581650118	0.0356731978281472
chr_21	90000	100000	0.0227934581650118	0.0231501901432933	0.0356731978281476
chr_21	100000	110000	0.0231501901432933	0.0235069221215748	0.0356731978281486
chr_21	110000	120000	0.0235069221215748	0.0238237044842911	0.0316782362716296
chr_21	120000	130000	0.0238237044842911	0.0241391235198992	0.0315419035608076
chr_21	130000	140000	0.0241391235198992	0.0245306243770915	0.0391500857192299
chr_21	140000	150000	0.0245306243770915	0.0260679413591755	0.153731698208407
chr_21	150000	160000	0.0260679413591755	0.0291208500061051	0.305290864692953
chr_21	160000	170000	0.0291208500061051	0.0322602567237142	0.313940671760912
chr_21	170000	180000	0.0322602567237142	0.0386831566116978	0.642289988798357
chr_21	180000	190000	0.0386831566116978	0.0442865817120702	0.560342510037241
chr_21	190000	200000	0.0442865817120702	0.046819474448933	0.253289273686284
chr_21	200000	210000	0.046819474448933	0.0527724889237474	0.595301447481443
chr_21	210000	220000	0.0527724889237474	0.0625181946218729	0.974570569812547
chr_21	220000	230000	0.0625181946218729	0.0769126740312124	1.43944794093395
chr_21	230000	240000	0.0769126740312124	0.0976503003821879	2.07376263509755
chr_21	240000	250000	0.0976503003821879	0.124021841234492	2.63715408523038
chr_21	250000	260000	0.124021841234492	0.146188432645895	2.21665914114029
chr_21	260000	270000	0.146188432645895	0.184448083304413	3.82596506585186
chr_21	270000	280000	0.184448083304413	0.213350153012119	2.89020697077055
chr_21	280000	290000	0.213350153012119	0.28101733477001	6.76671817578912
chr_21	290000	300000	0.28101733477001	0.351086905138714	7.0069570368704
chr_21	300000	310000	0.351086905138714	0.413876910496183	6.27900053574686
chr_21	310000	320000	0.413876910496183	0.473492927167106	5.96160166709234
chr_21	320000	330000	0.473492927167106	0.527241760007653	5.37488328405471
chr_21	330000	340000	0.527241760007653	0.597978790829197	7.07370308215444
chr_21	340000	350000	0.597978790829197	0.727138736799766	12.9159945970568
chr_21	350000	360000	0.727138736799766	0.799222317006871	7.20835802071051
chr_21	360000	370000	0.799222317006871	0.888560462302984	8.93381452961127
chr_21	370000	380000	0.888560462302984	0.937496502031185	4.89360397282018
chr_21	380000	390000	0.937496502031185	0.988867274707488	5.13707726763022
chr_21	390000	400000	0.988867274707488	1.06164914796252	7.27818732550318
chr_21	400000	410000	1.06164914796252	1.12291492763311	6.1265779670588
chr_21	410000	420000	1.12291492763311	1.20427648173364	8.1361554100535
chr_21	420000	430000	1.20427648173364	1.2525185565311	4.82420747974623
chr_21	430000	440000	1.2525185565311	1.32719443265374	7.46758761226347
chr_21	440000	450000	1.32719443265374	1.38864829554737	6.14538628936256
chr_21	450000	460000	1.38864829554737	1.44247591344434	5.38276178969754
chr_21	460000	470000	1.44247591344434	1.49984448511131	5.7368571666969
chr_21	470000	480000	1.49984448511131	1.54861225614786	4.87677710365466
chr_21	480000	490000	1.54861225614786	1.59596380124697	4.73515450991171
chr_21	490000	500000	1.59596380124697	1.67064663407998	7.46828328330071
chr_21	500000	510000	1.67064663407998	1.73519358878478	6.45469547047954
chr_21	510000	520000	1.73519358878478	1.87899162980678	14.3798041022001
chr_21	520000	530000	1.87899162980678	1.97567557577242	9.66839459656403
chr_21	530000	540000	1.97567557577242	2.06963090255845	9.39553267860296
chr_21	540000	550000	2.06963090255845	2.19398230558645	12.4351403027998
chr_21	550000	560000	2.19398230558645	2.37264751984042	17.8665214253978
chr_21	560000	570000	2.37264751984042	2.64972358974013	27.7076069899702
chr_21	570000	580000	2.64972358974013	2.9334805236764	28.375693393628
chr_21	580000	590000	2.9334805236764	3.18545849780688	25.1977974130474
chr_21	590000	600000	3.18545849780688	3.37532851790583	18.9870020098954
chr_21	600000	610000	3.37532851790583	3.59631193181801	22.0983413912172
chr_21	610000	620000	3.59631193181801	3.8244010456659	22.808911384789
chr_21	620000	630000	3.8244010456659	4.09235252107545	26.7951475409556
chr_21	630000	640000	4.09235252107545	4.33411499591881	24.1762474843354
chr_21	640000	650000	4.33411499591881	4.55949251001415	22.537751409534
chr_21	650000	660000	4.55949251001415	4.82029913298548	26.0806622971334
chr_21	660000	670000	4.82029913298548	5.06049673793931	24.0197604953827
chr_21	670000	680000	5.06049673793931	5.2892032658536	22.870652791429
chr_21	680000	690000	5.2892032658536	5.52190609512573	23.2702829272135
chr_21	690000	700000	5.52190609512573	5.7875900057724	26.5683910646663
chr_21	700000	710000	5.7875900057724	6.04744277370293	25.9852767930534
chr_21	710000	720000	6.04744277370293	6.33804334105628	29.0600567353349
chr_21	720000	730000	6.33804334105628	6.6218655797861	28.3822238729822
chr_21	730000	740000	6.6218655797861	6.96281790690893	34.0952327122831
chr_21	740000	750000	6.96281790690893	7.28479915219318	32.198124528425
chr_21	750000	760000	7.28479915219318	7.60727948846813	32.2480336274949
chr_21	760000	770000	7.60727948846813	7.90534335181083	29.8063863342705
chr_21	770000	780000	7.90534335181083	8.23330662325578	32.7963271444949
chr_21	780000	790000	8.23330662325578	8.5855053198422	35.2198696586413
chr_21	790000	800000	8.5855053198422	8.8841533055192	29.8647985677004
chr_21	800000	810000	8.8841533055192	9.18403290400981	29.9879598490605
chr_21	810000	820000	9.18403290400981	9.42494250383883	24.0909599829028
chr_21	820000	830000	9.42494250383883	9.70581590618638	28.0873402347547
chr_21	830000	840000	9.70581590618638	9.94971548514948	24.3899578963099
chr_21	840000	850000	9.94971548514948	10.2040106062794	25.4295121129905
chr_21	850000	860000	10.2040106062794	10.4756725482414	27.1661941962011
chr_21	860000	870000	10.4756725482414	10.7685558203657	29.2883272124321
chr_21	870000	880000	10.7685558203657	11.0585389696936	28.998314932787
chr_21	880000	890000	11.0585389696936	11.3382852081311	27.9746238437559
chr_21	890000	900000	11.3382852081311	11.6357196937959	29.7434485664747
chr_21	900000	910000	11.6357196937959	11.8984430410863	26.272334729039
chr_21	910000	920000	11.8984430410863	12.1410569599412	24.2613918854941
chr_21	920000	930000	12.1410569599412	12.3788161102499	23.7759150308685
chr_21	930000	940000	12.3788161102499	12.6199778890911	24.1161778841199
chr_21	940000	950000	12.6199778890911	12.8861462743963	26.6168385305237
chr_21	950000	960000	12.8861462743963	13.1211714735112	23.5025199114814
chr_21	960000	970000	13.1211714735112	13.3071459305432	18.597445703209
chr_21	970000	980000	13.3071459305432	13.5497273551404	24.2581424597153
chr_21	980000	990000	13.5497273551404	13.769361214104	21.963385896362
chr_21	990000	1000000	13.769361214104	13.9530082329836	18.3647018879583
chr_21	1000000	1010000	13.9530082329836	14.2015148749893	24.8506642005673
chr_21	1010000	1020000	14.2015148749893	14.5072046046381	30.5689729648785
chr_21	1020000	1030000	14.5072046046381	14.8284753079913	32.1270703353267
chr_21	1030000	1040000	14.8284753079913	15.1415895252426	31.3114217251222
chr_21	1040000	1050000	15.1415895252426	15.3685548260874	22.6965300844858
chr_21	1050000	1060000	15.3685548260874	15.7391057602351	37.0550934147738
chr_21	1060000	1070000	15.7391057602351	16.1354990577823	39.6393297547178
chr_21	1070000	1080000	16.1354990577823	16.3923855285565	25.6886470774219
chr_21	1080000	1090000	16.3923855285565	16.6574464881598	26.5060959603233
chr_21	1090000	1100000	16.6574464881598	17.0063973939612	34.8950905801463
chr_21	1100000	1110000	17.0063973939612	17.5629930220762	55.6595628114984
chr_21	1110000	1120000	17.5629930220762	18.1583598542684	59.5366832192134
chr_21	1120000	1130000	18.1583598542684	18.4710036346148	31.2643780346399
chr_21	1130000	1140000	18.4710036346148	18.7578402983576	28.6836663742893
chr_21	1140000	1150000	18.7578402983576	18.9976164024014	23.9776104043777
chr_21	1150000	1160000	18.9976164024014	19.2745932419631	27.6976839561666
chr_21	1160000	1170000	19.2745932419631	19.8168071699802	54.2213928017119
chr_21	1170000	1180000	19.8168071699802	20.2863636363448	46.9556466364576
chr_21	1180000	1190000	20.2863636363448	20.5590040859436	27.2640449598839
chr_21	1190000	1200000	20.5590040859436	20.7743578236464	21.5353737702724
chr_21	1200000	1210000	20.7743578236464	21.0241293411871	24.9771517540701
chr_21	1210000	1220000	21.0241293411871	21.4454202440244	42.1290902837356
chr_21	1220000	1230000	21.4454202440244	21.8494214741587	40.4001230134256
chr_21	1230000	1240000	21.8494214741587	22.2088265305457	35.9405056387022
chr_21	1240000	1250000	22.2088265305457	22.5391288272127	33.0302296666996
chr_21	1250000	1260000	22.5391288272127	22.7925924900545	25.3463662841774
chr_21	1260000	1270000	22.7925924900545	23.1332441661415	34.0651676087052
chr_21	1270000	1280000	23.1332441661415	23.5417757884127	40.8531622271237
chr_21	1280000	1290000	23.5417757884127	23.8340544896317	29.2278701218908
chr_21	1290000	1300000	23.8340544896317	24.1631914539201	32.9136964288423
chr_21	1300000	1310000	24.1631914539201	24.5809926881874	41.7801234267277
chr_21	1310000	1320000	24.5809926881874	24.9955208978785	41.4528209691191
chr_21	1320000	1330000	24.9955208978785	25.4116412772681	41.6120379389518
chr_21	1330000	1340000	25.4116412772681	25.767996895412	35.6355618143972
chr_21	1340000	1350000	25.767996895412	26.147175433362	37.9178537950008
chr_21	1350000	1360000	26.147175433362	26.5204484972389	37.327306387688
chr_21	1360000	1370000	26.5204484972389	26.9276695938585	40.7221096619558
chr_21	1370000	1380000	26.9276695938585	27.3982127501494	47.0543156290887
chr_21	1380000	1390000	27.3982127501494	27.7105567784012	31.2344028251811
chr_21	1390000	1400000	27.7105567784012	27.9146969012236	20.4140122822384
chr_21	1400000	1410000	27.9146969012236	28.2361652394038	32.1468338180249
chr_21	1410000	1420000	28.2361652394038	28.4774767524268	24.1311513023025
chr_21	1420000	1430000	28.4774767524268	28.8339853462683	35.6508593841507
chr_21	1430000	1440000	28.8339853462683	29.2179534475252	38.3968101256851
chr_21	1440000	1450000	29.2179534475252	29.4444456335919	22.6492186066743
chr_21	1450000	1460000	29.4444456335919	29.6162517491729	17.1806115580956
chr_21	1460000	1470000	29.6162517491729	29.7337496671189	11.7497917946
chr_21	1470000	1480000	29.7337496671189	29.9332361660206	19.948649890171
chr_21	1480000	1490000	29.9332361660206	30.220353621891	28.7117455870423
chr_21	1490000	1500000	30.220353621891	30.4751700132732	25.4816391382178
chr_21	1500000	1510000	30.4751700132732	30.6260428950731	15.0872881799888
chr_21	1510000	1520000	30.6260428950731	30.7479426274057	12.189973233264
chr_21	1520000	1530000	30.7479426274057	30.861640328433	11.3697701027309
chr_21	1530000	1540000	30.861640328433	31.0265584126518	16.491808421878
chr_21	1540000	1550000	31.0265584126518	31.175092341319	14.853392866722
chr_21	1550000	1560000	31.175092341319	31.3204967923592	14.5404451040129
chr_21	1560000	1570000	31.3204967923592	31.4416582772742	12.1161484915035
chr_21	1570000	1580000	31.4416582772742	31.5202864219351	7.86281446609074
chr_21	1580000	1590000	31.5202864219351	31.561878264221	4.15918422859214
chr_21	1590000	1600000	31.561878264221	31.6763745007924	11.4496236571377
chr_21	1600000	1610000	31.6763745007924	31.8471791908424	17.0804690050009
chr_21	1610000	1620000	31.8471791908424	32.002536516974	15.5357326131576
chr_21	1620000	1630000	32.002536516974	32.149252961353	14.6716444379038
chr_21	1630000	1640000	32.149252961353	32.2903036547632	14.1050693410136
chr_21	1640000	1650000	32.2903036547632	32.4292907293558	13.898707459267
chr_21	1650000	1660000	32.4292907293558	32.5776543107612	14.8363581405384
chr_21	1660000	1670000	32.5776543107612	32.7126562532415	13.5001942480322
chr_21	1670000	1680000	32.7126562532415	32.845471201535	13.2814948293493
chr_21	1680000	1690000	32.845471201535	32.9938354046464	14.8364203111377
chr_21	1690000	1700000	32.9938354046464	33.1427443287368	14.8908924090371
chr_21	1700000	1710000	33.1427443287368	33.2937891673404	15.1044838603624
chr_21	1710000	1720000	33.2937891673404	33.4499129819993	15.6123814658883
chr_21	1720000	1730000	33.4499129819993	33.6302522026792	18.0339220679862
chr_21	1730000	1740000	33.6302522026792	33.8119471563348	18.1694953655651
chr_21	1740000	1750000	33.8119471563348	33.9639854736608	15.2038317325975
chr_21	1750000	1760000	33.9639854736608	34.0997838360652	13.5798362404458
chr_21	1760000	1770000	34.0997838360652	34.2387773881335	13.8993552068271
chr_21	1770000	1780000	34.2387773881335	34.3404298208826	10.1652432749056
chr_21	1780000	1790000	34.3404298208826	34.5392264011595	19.8796580276969
chr_21	1790000	1800000	34.5392264011595	34.7248415473226	18.5615146163023
chr_21	1800000	1810000	34.7248415473226	34.8737221966106	14.8880649288046
chr_21	1810000	1820000	34.8737221966106	35.0885677534474	21.4845556836842
chr_21	1820000	1830000	35.0885677534474	35.258369805472	16.9802052024593
chr_21	1830000	1840000	35.258369805472	35.4470525698758	18.8682764403744
chr_21	1840000	1850000	35.4470525698758	35.6286355051331	18.1582935257353
chr_21	1850000	1860000	35.6286355051331	35.6944303690367	6.57948639035695
chr_21	1860000	1870000	35.6944303690367	35.8092972672024	11.4866898165737
chr_21	1870000	1880000	35.8092972672024	35.9548184838653	14.5521216662807
chr_21	1880000	1890000	35.9548184838653	36.0616453392296	10.6826855364361
chr_21	1890000	1900000	36.0616453392296	36.2983123948939	23.6667055664299
chr_21	1900000	1910000	36.2983123948939	36.5658933339463	26.7580939052394
chr_21	1910000	1920000	36.5658933339463	36.8556245486476	28.9731214701327
chr_21	1920000	1930000	36.8556245486476	37.0993284358308	24.3703887183209
chr_21	1930000	1940000	37.0993284358308	37.3330041035389	23.3675667708091
chr_21	1940000	1950000	37.3330041035389	37.5455926928648	21.258858932584
chr_21	1950000	1960000	37.5455926928648	37.7583987220749	21.2806029210086
chr_21	1960000	1970000	37.7583987220749	37.9997858349215	24.1387112846596
chr_21	1970000	1980000	37.9997858349215	38.2293712617184	22.9585426796902
chr_21	1980000	1990000	38.2293712617184	38.4692596194958	23.9888357777453
chr_21	1990000	2000000	38.4692596194958	38.6924849715654	22.3225352069562
chr_21	2000000	2010000	38.6924849715654	38.898629489412	20.6144517846596
chr_21	2010000	2020000	38.898629489412	39.1229615729264	22.4332083514462
chr_21	2020000	2030000	39.1229615729264	39.3588985601546	23.5936987228172
chr_21	2030000	2040000	39.3588985601546	39.6127345236089	25.383596345435
chr_21	2040000	2050000	39.6127345236089	39.8683384532999	25.5603929690977
chr_21	2050000	2060000	39.8683384532999	40.0758358264867	20.7497373186783
chr_21	2060000	2070000	40.0758358264867	40.2875769335098	21.1741107023073
chr_21	2070000	2080000	40.2875769335098	40.4312474040202	14.3670470510457
chr_21	2080000	2090000	40.4312474040202	40.5567731798328	12.5525775812527
chr_21	2090000	2100000	40.5567731798328	40.7043433885517	14.7570208718946
chr_21	2100000	2110000	40.7043433885517	40.8242887291589	11.9945340607217
chr_21	2110000	2120000	40.8242887291589	40.9315298514008	10.7241122241909
chr_21	2120000	2130000	40.9315298514008	41.0320927619704	10.0562910569593
chr_21	2130000	2140000	41.0320927619704	41.1272457119625	9.51529499921051
chr_21	2140000	2150000	41.1272457119625	41.256855249373	12.9609537410424
chr_21	2150000	2160000	41.256855249373	41.3782801379862	12.1424888613284
chr_21	2160000	2170000	41.3782801379862	41.5094847761786	13.1204638192386
chr_21	2170000	2180000	41.5094847761786	41.618747201249	10.9262425070362
chr_21	2180000	2190000	41.618747201249	41.7150140458322	9.62668445831767
chr_21	2190000	2200000	41.7150140458322	41.8339705390588	11.8956493226641
chr_21	2200000	2210000	41.8339705390588	41.9206278729931	8.66573339342409
chr_21	2210000	2220000	41.9206278729931	42.0330461635447	11.2418290551616
chr_21	2220000	2230000	42.0330461635447	42.1464263472346	11.3380183689941
chr_21	2230000	2240000	42.1464263472346	42.249641972904	10.321562566935
chr_21	2240000	2250000	42.249641972904	42.3330404032433	8.33984303393009
chr_21	2250000	2260000	42.3330404032433	42.4321517419221	9.91113386787958
chr_21	2260000	2270000	42.4321517419221	42.5227638256535	9.06120837314717
chr_21	2270000	2280000	42.5227638256535	42.6060575863486	8.32937606950637
chr_21	2280000	2290000	42.6060575863486	42.6766691257259	7.06115393773104
chr_21	2290000	2300000	42.6766691257259	42.7519011124865	7.52319867606133
chr_21	2300000	2310000	42.7519011124865	42.8133517236898	6.14506112033339
chr_21	2310000	2320000	42.8133517236898	42.8990187017191	8.56669780292236
chr_21	2320000	2330000	42.8990187017191	43.0107789314154	11.1760229696365
chr_21	2330000	2340000	43.0107789314154	43.1128525181942	10.2073586778808
chr_21	2340000	2350000	43.1128525181942	43.2189517144106	10.6099196216334
chr_21	2350000	2360000	43.2189517144106	43.3205463990176	10.1594684606994
chr_21	2360000	2370000	43.3205463990176	43.3995542036908	7.90078046732674
chr_21	2370000	2380000	43.3995542036908	43.4903209648792	9.07667611883625
chr_21	2380000	2390000	43.4903209648792	43.6345842514886	14.426328660938
chr_21	2390000	2400000	43.6345842514886	43.7388253467904	10.4241095301866
chr_21	2400000	2410000	43.7388253467904	43.8891894386478	15.036409185732
chr_21	2410000	2420000	43.8891894386478	44.0248728342774	13.5683395629584
chr_21	2420000	2430000	44.0248728342774	44.1709560769924	14.6083242715022
chr_21	2430000	2440000	44.1709560769924	44.3304853816547	15.9529304662321
chr_21	2440000	2450000	44.3304853816547	44.5067245791683	17.6239197513574
chr_21	2450000	2460000	44.5067245791683	44.6320076224964	12.5283043328118
chr_21	2460000	2470000	44.6320076224964	44.7654216649624	13.3414042465986
chr_21	2470000	2480000	44.7654216649624	44.9047750608709	13.9353395908515
chr_21	2480000	2490000	44.9047750608709	45.0602539817652	15.5478920894261
chr_21	2490000	2500000	45.0602539817652	45.2037628198598	14.350883809464
chr_21	2500000	2510000	45.2037628198598	45.3392306083121	13.5467788452303
chr_21	2510000	2520000	45.3392306083121	45.4800551402504	14.0824531938335
chr_21	2520000	2530000	45.4800551402504	45.643387022847	16.3331882596538
chr_21	2530000	2540000	45.643387022847	45.8241580970784	18.0771074231451
chr_21	2540000	2550000	45.8241580970784	45.9990645305677	17.4906433489248
chr_21	2550000	2560000	45.9990645305677	46.1585686205319	15.950408996423
chr_21	2560000	2570000	46.1585686205319	46.3331715440377	17.4602923505844
chr_21	2570000	2580000	46.3331715440377	46.5024462531301	16.9274709092392
chr_21	2580000	2590000	46.5024462531301	46.6803259773304	17.7879724200274
chr_21	2590000	2600000	46.6803259773304	46.8564730286749	17.6147051344465
chr_21	2600000	2610000	46.8564730286749	47.008612780185	15.2139751510113
chr_21	2610000	2620000	47.008612780185	47.1623645152611	15.3751735076106
chr_21	2620000	2630000	47.1623645152611	47.3289419737031	16.6577458441985
chr_21	2630000	2640000	47.3289419737031	47.4759387292082	14.6996755505079
chr_21	2640000	2650000	47.4759387292082	47.5964224927901	12.0483763581937
chr_21	2650000	2660000	47.5964224927901	47.7511125077788	15.4690014988752
chr_21	2660000	2670000	47.7511125077788	47.8968036709764	14.5691163197597
chr_21	2670000	2680000	47.8968036709764	48.0012779940315	10.4474323055065
chr_21	2680000	2690000	48.0012779940315	48.0757971490339	7.45191550024202
chr_21	2690000	2700000	48.0757971490339	48.1494192362976	7.36220872636935
chr_21	2700000	2710000	48.1494192362976	48.2438376646175	9.44184283198908
chr_21	2710000	2720000	48.2438376646175	48.4123840052861	16.8546340668634
chr_21	2720000	2730000	48.4123840052861	48.5739525825727	16.1568577286573
chr_21	2730000	2740000	48.5739525825727	48.8072189816585	23.3266399085778
chr_21	2740000	2750000	48.8072189816585	49.0627452474836	25.5526265825075
chr_21	2750000	2760000	49.0627452474836	49.2561425110727	19.3397263589091
chr_21	2760000	2770000	49.2561425110727	49.3910042168937	13.4861705821088
chr_21	2770000	2780000	49.3910042168937	49.5336903823803	14.2686165486502
chr_21	2780000	2790000	49.5336903823803	49.6987635784358	16.5073196055594
chr_21	2790000	2800000	49.6987635784358	49.8551955537861	15.6431975350209
chr_21	2800000	2810000	49.8551955537861	50.0313973354535	17.620178166743
chr_21	2810000	2820000	50.0313973354535	50.2061936105357	17.4796275082173
chr_21	2820000	2830000	50.2061936105357	50.3834489038702	17.7255293334532
chr_21	2830000	2840000	50.3834489038702	50.5651258062527	18.167690238252
chr_21	2840000	2850000	50.5651258062527	50.7602606834606	19.513487720792
chr_21	2850000	2860000	50.7602606834606	50.9369665356677	17.6705852207029
chr_21	2860000	2870000	50.9369665356677	51.102858224077	16.5891688409324
chr_21	2870000	2880000	51.102858224077	51.3390917522883	23.6233528211336
chr_21	2880000	2890000	51.3390917522883	51.636040162005	29.6948409716698
chr_21	2890000	2900000	51.636040162005	51.8919420765327	25.5901914527726
chr_21	2900000	2910000	51.8919420765327	52.2250239307811	33.3081854248391
chr_21	2910000	2920000	52.2250239307811	52.4493494016273	22.4325470846175
chr_21	2920000	2930000	52.4493494016273	52.5784436982168	12.909429658945
chr_21	2930000	2940000	52.5784436982168	52.8589678902981	28.052419208133
chr_21	2940000	2950000	52.8589678902981	53.1667430875255	30.7775197227379
chr_21	2950000	2960000	53.1667430875255	53.541598404098	37.4855316572493
chr_21	2960000	2970000	53.541598404098	53.8686763888058	32.7077984707856
chr_21	2970000	2980000	53.8686763888058	54.1876237554192	31.8947366613422
chr_21	2980000	2990000	54.1876237554192	54.3832041292394	19.5580373820171
chr_21	2990000	3000000	54.3832041292394	54.5568138856391	17.3609756399706
chr_21	3000000	3010000	54.5568138856391	54.7143624576916	15.7548572052534
chr_21	3010000	3020000	54.7143624576916	55.0255399961028	31.1177538411179
chr_21	3020000	3030000	55.0255399961028	55.2755736756833	25.003367958044
chr_21	3030000	3040000	55.2755736756833	55.6657481558613	39.0174480178032
chr_21	3040000	3050000	55.6657481558613	55.8971734516825	23.1425295821239
chr_21	3050000	3060000	55.8971734516825	56.156410290318	25.9236838635438
chr_21	3060000	3070000	56.156410290318	56.3842026559993	22.7792365681353
chr_21	3070000	3080000	56.3842026559993	56.5219282230454	13.7725567046111
chr_21	3080000	3090000	56.5219282230454	56.6701891245263	14.826090148086
chr_21	3090000	3100000	56.6701891245263	56.7791112836889	10.892215916256
chr_21	3100000	3110000	56.7791112836889	56.9275520214358	14.8440737746967
chr_21	3110000	3120000	56.9275520214358	57.0975951558878	17.0043134451923
chr_21	3120000	3130000	57.0975951558878	57.2993483058172	20.1753149929452
chr_21	3130000	3140000	57.2993483058172	57.5237338317436	22.4385525926387
chr_21	3140000	3150000	57.5237338317436	57.7939340964509	27.0200264707277
chr_21	3150000	3160000	57.7939340964509	58.0040134324172	21.0079335966313
chr_21	3160000	3170000	58.0040134324172	58.213996201518	20.9982769100833
chr_21	3170000	3180000	58.213996201518	58.4410286357298	22.7032434211814
chr_21	3180000	3190000	58.4410286357298	58.6790094530474	23.7980817317563
chr_21	3190000	3200000	58.6790094530474	58.8789127900333	19.9903336985948
chr_21	3200000	3210000	58.8789127900333	59.132078578418	25.3165788384614
chr_21	3210000	3220000	59.132078578418	59.2862048112433	15.4126232825298
chr_21	3220000	3230000	59.2862048112433	59.4986314533624	21.242664211919
chr_21	3230000	3240000	59.4986314533624	59.8172739745332	31.8642521170737
chr_21	3240000	3250000	59.8172739745332	60.1035574834284	28.628350889521
chr_21	3250000	3260000	60.1035574834284	60.4063810199764	30.2823536547997
chr_21	3260000	3270000	60.4063810199764	60.641893148611	23.5512128634582
chr_21	3270000	3280000	60.641893148611	60.9169849330623	27.5091784451362
chr_21	3280000	3290000	60.9169849330623	61.0528303917737	13.5845458711323
chr_21	3290000	3300000	61.0528303917737	61.2406891065939	18.7858714820251
chr_21	3300000	3310000	61.2406891065939	61.6715263219051	43.08372153112
chr_21	3310000	3320000	61.6715263219051	61.9816041624686	31.0077840563515
chr_21	3320000	3330000	61.9816041624686	62.2425429996618	26.0938837193137
chr_21	3330000	3340000	62.2425429996618	62.4537162082253	21.1173208563501
chr_21	3340000	3350000	62.4537162082253	62.680600705974	22.6884497748692
chr_21	3350000	3360000	62.680600705974	62.8549627234933	17.4362017519307
chr_21	3360000	3370000	62.8549627234933	63.1033509116301	24.8388188136794
chr_21	3370000	3380000	63.1033509116301	63.2629515016754	15.9600590045351
chr_21	3380000	3390000	63.2629515016754	63.3815440330483	11.859253137289
chr_21	3390000	3400000	63.3815440330483	63.5620563597739	18.0512326725612
chr_21	3400000	3410000	63.5620563597739	64.0062256820784	44.4169322304461
chr_21	3410000	3420000	64.0062256820784	64.3181451035338	31.1919421455443
chr_21	3420000	3430000	64.3181451035338	64.4939156800851	17.5770576551301
chr_21	3430000	3440000	64.4939156800851	64.6502663145948	15.6350634509735
chr_21	3440000	3450000	64.6502663145948	65.0081265027465	35.7860188151705
chr_21	3450000	3460000	65.0081265027465	65.281110845183	27.2984342436459
chr_21	3460000	3470000	65.281110845183	65.4836116732611	20.2500828078115
chr_21	3470000	3480000	65.4836116732611	65.741351173967	25.773950070591
chr_21	3480000	3490000	65.741351173967	65.8560842961491	11.4733122182116
chr_21	3490000	3500000	65.8560842961491	65.9937299508861	13.7645654736914
chr_21	3500000	3510000	65.9937299508861	66.096574622621	10.2844671734928
chr_21	3510000	3520000	66.096574622621	66.2390819354292	14.2507312808192
chr_21	3520000	3530000	66.2390819354292	66.4514648731373	21.2382937708071
chr_21	3530000	3540000	66.4514648731373	66.7546024849766	30.3137611839375
chr_21	3540000	3550000	66.7546024849766	66.9810350277429	22.6432542766233
chr_21	3550000	3560000	66.9810350277429	67.3550967089034	37.4061681160583
chr_21	3560000	3570000	67.3550967089034	67.6321980512572	27.7101342353731
chr_21	3570000	3580000	67.6321980512572	67.9322648462884	30.0066795031256
chr_21	3580000	3590000	67.9322648462884	68.2153750948061	28.3110248517644
chr_21	3590000	3600000	68.2153750948061	68.3789845191452	16.3609424339143
chr_21	3600000	3610000	68.3789845191452	68.5052603546377	12.6275835492507
chr_21	3610000	3620000	68.5052603546377	68.5912039540134	8.5943599375625
chr_21	3620000	3630000	68.5912039540134	68.7237625715598	13.2558617546437
chr_21	3630000	3640000	68.7237625715598	68.9120512612598	18.8288689700002
chr_21	3640000	3650000	68.9120512612598	69.1565997419859	24.4548480726152
chr_21	3650000	3660000	69.1565997419859	69.5659779673026	40.9378225316615
chr_21	3660000	3670000	69.5659779673026	69.923452269261	35.7474301958462
chr_21	3670000	3680000	69.923452269261	70.1300100732142	20.6557803953174
chr_21	3680000	3690000	70.1300100732142	70.263102075528	13.3092002313802
chr_21	3690000	3700000	70.263102075528	70.4291441401274	16.6042064599452
chr_21	3700000	3710000	70.4291441401274	70.5694631932584	14.0319053130966
chr_21	3710000	3720000	70.5694631932584	70.7519000626375	18.2436869379089
chr_21	3720000	3730000	70.7519000626375	70.907067569178	15.5167506540494
chr_21	3730000	3740000	70.907067569178	71.0943450375759	18.7277468397923
chr_21	3740000	3750000	71.0943450375759	71.2306150459482	13.6270008372264
chr_21	3750000	3760000	71.2306150459482	71.2745399902919	4.39249443437575
chr_21	3760000	3770000	71.2745399902919	71.3350061365265	6.04661462345604
chr_21	3770000	3780000	71.3350061365265	71.433378860282	9.83727237555456
chr_21	3780000	3790000	71.433378860282	71.5525074204428	11.912856016076
chr_21	3790000	3800000	71.5525074204428	71.6712012388858	11.8693818443006
chr_21	3800000	3810000	71.6712012388858	71.7667597086719	9.55584697861269
chr_21	3810000	3820000	71.7667597086719	71.8816299316928	11.4870223020816
chr_21	3820000	3830000	71.8816299316928	71.9528175867663	7.11876550735582
chr_21	3830000	3840000	71.9528175867663	72.0115257887235	5.87082019572023
chr_21	3840000	3850000	72.0115257887235	72.0788065250391	6.7280736315567
chr_21	3850000	3860000	72.0788065250391	72.1544777575122	7.56712324730699
chr_21	3860000	3870000	72.1544777575122	72.2107890328278	5.63112753156361
chr_21	3870000	3880000	72.2107890328278	72.3034966186305	9.27075858027422
chr_21	3880000	3890000	72.3034966186305	72.3816278423219	7.81312236913294
chr_21	3890000	3900000	72.3816278423219	72.4385301656779	5.69023233560415
chr_21	3900000	3910000	72.4385301656779	72.5213068989886	8.2776733310709
chr_21	3910000	3920000	72.5213068989886	72.5774147530067	5.61078540180375
chr_21	3920000	3930000	72.5774147530067	72.6295396736126	5.21249206059764
chr_21	3930000	3940000	72.6295396736126	72.6868889069309	5.73492333183196
chr_21	3940000	3950000	72.6868889069309	72.7569137383369	7.00248314059166
chr_21	3950000	3960000	72.7569137383369	72.8227925794887	6.58788411518145
chr_21	3960000	3970000	72.8227925794887	72.8946286438706	7.18360643819125
chr_21	3970000	3980000	72.8946286438706	72.9519820207857	5.73533769150743
chr_21	3980000	3990000	72.9519820207857	73.0324439376435	8.04619168578569
chr_21	3990000	4000000	73.0324439376435	73.0979606568067	6.55167191631705
chr_21	4000000	4010000	73.0979606568067	73.1422615580981	4.43009012914359
chr_21	4010000	4020000	73.1422615580981	73.2005032710097	5.82417129115811
chr_21	4020000	4030000	73.2005032710097	73.2940726876106	9.35694166009
chr_21	4030000	4040000	73.2940726876106	73.3889805216419	9.49078340312894
chr_21	4040000	4050000	73.3889805216419	73.4808560279607	9.18755063188286
chr_21	4050000	4060000	73.4808560279607	73.5418771399927	6.10211120319377
chr_21	4060000	4070000	73.5418771399927	73.5909829319575	4.91057919648483
chr_21	4070000	4080000	73.5909829319575	73.6279363982197	3.69534662622044
chr_21	4080000	4090000	73.6279363982197	73.6464316571266	1.84952589068956
chr_21	4090000	4100000	73.6464316571266	73.6898807654379	4.34491083112789
chr_21	4100000	4110000	73.6898807654379	73.7467030054619	5.68222400240472
chr_21	4110000	4120000	73.7467030054619	73.8301247177758	8.34217123138501
chr_21	4120000	4130000	73.8301247177758	73.8855066989839	5.53819812080718
chr_21	4130000	4140000	73.8855066989839	73.9887325279914	10.3225829007513
chr_21	4140000	4150000	73.9887325279914	74.0628978141918	7.41652862004258
chr_21	4150000	4160000	74.0628978141918	74.1187502904806	5.58524762887771
chr_21	4160000	4170000	74.1187502904806	74.1972820705028	7.85317800221748
chr_21	4170000	4180000	74.1972820705028	74.2545913931553	5.73093226525714
chr_21	4180000	4190000	74.2545913931553	74.3239561478877	6.93647547323906
chr_21	4190000	4200000	74.3239561478877	74.410127808688	8.61716608002894
chr_21	4200000	4210000	74.410127808688	74.4762531592219	6.61253505339374
chr_21	4210000	4220000	74.4762531592219	74.5690537899447	9.28006307227776
chr_21	4220000	4230000	74.5690537899447	74.6567556168505	8.77018269057857
chr_21	4230000	4240000	74.6567556168505	74.7546008139079	9.78451970574241
chr_21	4240000	4250000	74.7546008139079	74.8559249624888	10.1324148580872
chr_21	4250000	4260000	74.8559249624888	74.9555732648212	9.96483023323975
chr_21	4260000	4270000	74.9555732648212	75.0396526526722	8.40793878510198
chr_21	4270000	4280000	75.0396526526722	75.1418685627595	10.2215910087239
chr_21	4280000	4290000	75.1418685627595	75.2243235971678	8.24550344083121
chr_21	4290000	4300000	75.2243235971678	75.2930089398954	6.86853427276333
chr_21	4300000	4310000	75.2930089398954	75.4040543406604	11.1045400764993
chr_21	4310000	4320000	75.4040543406604	75.508582885977	10.4528545316597
chr_21	4320000	4330000	75.508582885977	75.6031890499696	9.4606163992637
chr_21	4330000	4340000	75.6031890499696	75.6843224279767	8.11333780070242
chr_21	4340000	4350000	75.6843224279767	75.78042722848	9.6104800503312
chr_21	4350000	4360000	75.78042722848	75.875004354523	9.45771260430064
chr_21	4360000	4370000	75.875004354523	75.9467510125794	7.17466580563979
chr_21	4370000	4380000	75.9467510125794	76.0338063412345	8.7055328655083
chr_21	4380000	4390000	76.0338063412345	76.1209238431975	8.71175019630925
chr_21	4390000	4400000	76.1209238431975	76.2111916265646	9.02677833670253
chr_21	4400000	4410000	76.2111916265646	76.2679710322532	5.67794056885873
chr_21	4410000	4420000	76.2679710322532	76.3333385279731	6.53674957199684
chr_21	4420000	4430000	76.3333385279731	76.3937702024729	6.04316744997817
chr_21	4430000	4440000	76.3937702024729	76.4260502159667	3.22800134937751
chr_21	4440000	4450000	76.4260502159667	76.5078645283552	8.18143123885591
chr_21	4450000	4460000	76.5078645283552	76.5859112815379	7.804675318269
chr_21	4460000	4470000	76.5859112815379	76.6338871960394	4.79759145014782
chr_21	4470000	4480000	76.6338871960394	76.683660382475	4.97731864355444
chr_21	4480000	4490000	76.683660382475	76.7770170266487	9.33566441737952
chr_21	4490000	4500000	76.7770170266487	76.8292483919847	5.22313653359845
chr_21	4500000	4510000	76.8292483919847	76.9197891690214	9.05407770366651
chr_21	4510000	4520000	76.9197891690214	76.9882864557459	6.84972867245079
chr_21	4520000	4530000	76.9882864557459	77.1089786563553	12.0692200609355
chr_21	4530000	4540000	77.1089786563553	77.2095436188926	10.0564962537376
chr_21	4540000	4550000	77.2095436188926	77.2810703182777	7.15266993850463
chr_21	4550000	4560000	77.2810703182777	77.4066173907331	12.5547072455433
chr_21	4560000	4570000	77.4066173907331	77.5128165355341	10.6199144800996
chr_21	4570000	4580000	77.5128165355341	77.6638692499919	15.1052714457805
chr_21	4580000	4590000	77.6638692499919	77.7926145673897	12.8745317397758
chr_21	4590000	4600000	77.7926145673897	77.8896690517879	9.70544843981997
chr_21	4600000	4610000	77.8896690517879	77.9647071093724	7.50380575845355
chr_21	4610000	4620000	77.9647071093724	78.0677523719131	10.3045262540704
chr_21	4620000	4630000	78.0677523719131	78.1686469566153	10.0894584702147
chr_21	4630000	4640000	78.1686469566153	78.2095186745151	4.08717178998756
chr_21	4640000	4650000	78.2095186745151	78.2584643454462	4.89456709310616
chr_21	4650000	4660000	78.2584643454462	78.318558008654	6.00936632077946
chr_21	4660000	4670000	78.318558008654	78.3844372286596	6.58792200056126
chr_21	4670000	4680000	78.3844372286596	78.4789641055017	9.45268768420817
chr_21	4680000	4690000	78.4789641055017	78.546156802065	6.71926965633389
chr_21	4690000	4700000	78.546156802065	78.6209040387276	7.47472366626027
chr_21	4700000	4710000	78.6209040387276	78.6969425853437	7.60385466161182
chr_21	4710000	4720000	78.6969425853437	78.792846331545	9.59037462012446
chr_21	4720000	4730000	78.792846331545	78.8600491544039	6.72028228589454
chr_21	4730000	4740000	78.8600491544039	78.9250968266081	6.50476722041446
chr_21	4740000	4750000	78.9250968266081	78.9747085642107	4.96117376026319
chr_21	4750000	4760000	78.9747085642107	79.0156897925883	4.09812283775466
chr_21	4760000	4770000	79.0156897925883	79.0348749077022	1.91851151138991
chr_21	4770000	4780000	79.0348749077022	79.062341022548	2.7466114845879
chr_21	4780000	4790000	79.062341022548	79.1180481110413	5.57070884932216
chr_21	4790000	4800000	79.1180481110413	79.1971617456643	7.91136346230417
chr_21	4800000	4810000	79.1971617456643	79.2587398769053	6.15781312410064
chr_21	4810000	4820000	79.2587398769053	79.393427413802	13.4687536896692
chr_21	4820000	4830000	79.393427413802	79.5398352131573	14.640779935533
chr_21	4830000	4840000	79.5398352131573	79.6501356632229	11.0300450065552
chr_21	4840000	4850000	79.6501356632229	79.7743687242241	12.4233061001178
chr_21	4850000	4860000	79.7743687242241	79.8500519311736	7.56832069495346
chr_21	4860000	4870000	79.8500519311736	79.9315005517733	8.14486205996729
chr_21	4870000	4880000	79.9315005517733	80.0149460333581	8.3445481584846
chr_21	4880000	4890000	80.0149460333581	80.1359745704522	12.1028537094077
chr_21	4890000	4900000	80.1359745704522	80.2444225447797	10.8447974327547
chr_21	4900000	4910000	80.2444225447797	80.3802468202365	13.5824275456741
chr_21	4910000	4920000	80.3802468202365	80.5126772179429	13.2430397706457
chr_21	4920000	4930000	80.5126772179429	80.6580567999415	14.537958199854
chr_21	4930000	4940000	80.6580567999415	80.7471564854467	8.90996855051753
chr_21	4940000	4950000	80.7471564854467	80.8308308918315	8.36744063848158
chr_21	4950000	4960000	80.8308308918315	80.8832914529904	5.24605611589664
chr_21	4960000	4970000	80.8832914529904	80.9834708524049	10.0179399414515
chr_21	4970000	4980000	80.9834708524049	81.0669162840114	8.34454316064637
chr_21	4980000	4990000	81.0669162840114	81.202604627809	13.5688343797625
chr_21	4990000	5000000	81.202604627809	81.3436797300414	14.1075102232335
chr_21	5000000	5010000	81.3436797300414	81.4393382298811	9.56584998397574
chr_21	5010000	5020000	81.4393382298811	81.5409633091533	10.1625079272196
chr_21	5020000	5030000	81.5409633091533	81.6303727643255	8.94094551721309
chr_21	5030000	5040000	81.6303727643255	81.6871543096602	5.67815453347009
chr_21	5040000	5050000	81.6871543096602	81.780136062526	9.29817528658674
chr_21	5050000	5060000	81.780136062526	81.8560438952596	7.59078327336198
chr_21	5060000	5070000	81.8560438952596	81.9318862810658	7.58423858061974
chr_21	5070000	5080000	81.9318862810658	81.9979959170123	6.6109635946475
chr_21	5080000	5090000	81.9979959170123	82.0602361721132	6.22402551009174
chr_21	5090000	5100000	82.0602361721132	82.2092141909269	14.8978018813622
chr_21	5100000	5110000	82.2092141909269	82.3414661475132	13.2251956586359
chr_21	5110000	5120000	82.3414661475132	82.4732925816221	13.1826434108845
chr_21	5120000	5130000	82.4732925816221	82.6384281710892	16.5135589467098
chr_21	5130000	5140000	82.6384281710892	82.789728021638	15.1299850548796
chr_21	5140000	5150000	82.789728021638	82.941043053547	15.131503190905
chr_21	5150000	5160000	82.941043053547	83.0952073416574	15.4164288110422
chr_21	5160000	5170000	83.0952073416574	83.1921822199681	9.69748783107036
chr_21	5170000	5180000	83.1921822199681	83.3395137603995	14.7331540431324
chr_21	5180000	5190000	83.3395137603995	83.4803856491247	14.0871888725215
chr_21	5190000	5200000	83.4803856491247	83.6478919749566	16.7506325831937
chr_21	5200000	5210000	83.6478919749566	83.802370796058	15.447882110135
chr_21	5210000	5220000	83.802370796058	83.9500150836851	14.7644287627188
chr_21	5220000	5230000	83.9500150836851	84.0826520804317	13.2636996746598
chr_21	5230000	5240000	84.0826520804317	84.2244479350158	14.1795854584103
chr_21	5240000	5250000	84.2244479350158	84.3653519855847	14.0904050568807
chr_21	5250000	5260000	84.3653519855847	84.4717243164072	10.6372330822552
chr_21	5260000	5270000	84.4717243164072	84.5771132766239	10.5388960216658
chr_21	5270000	5280000	84.5771132766239	84.6844132857873	10.7300009163481
chr_21	5280000	5290000	84.6844132857873	84.7852828759396	10.0869590152271
chr_21	5290000	5300000	84.7852828759396	84.9072862415304	12.20033655908
chr_21	5300000	5310000	84.9072862415304	85.0320568064287	12.4770564898299
chr_21	5310000	5320000	85.0320568064287	85.1472352852007	11.5178478772009
chr_21	5320000	5330000	85.1472352852007	85.2515611838344	10.4325898633718
chr_21	5330000	5340000	85.2515611838344	85.3643500496257	11.2788865791231
chr_21	5340000	5350000	85.3643500496257	85.4798306719185	11.5480622292864
chr_21	5350000	5360000	85.4798306719185	85.5878339751885	10.8003303269953
chr_21	5360000	5370000	85.5878339751885	85.7000423691751	11.2208393986634
chr_21	5370000	5380000	85.7000423691751	85.8136491317924	11.360676261728
chr_21	5380000	5390000	85.8136491317924	85.9248718733999	11.1222741607506
chr_21	5390000	5400000	85.9248718733999	86.0307289388869	10.5857065486944
chr_21	5400000	5410000	86.0307289388869	86.1462129535903	11.5484014703455
chr_21	5410000	5420000	86.1462129535903	86.2569461475463	11.0733193955951
chr_21	5420000	5430000	86.2569461475463	86.3734628615322	11.6516713985916
chr_21	5430000	5440000	86.3734628615322	86.4825194203569	10.9056558824705
chr_21	5440000	5450000	86.4825194203569	86.5943961278208	11.1876707463935
chr_21	5450000	5460000	86.5943961278208	86.7024801358544	10.80840080336
chr_21	5460000	5470000	86.7024801358544	86.8259205509885	12.3440415134112
chr_21	5470000	5480000	86.8259205509885	86.9649691610136	13.9048610025043
chr_21	5480000	5490000	86.9649691610136	87.0659367175337	10.0967556520132
chr_21	5490000	5500000	87.0659367175337	87.1896936900046	12.3756972470929
chr_21	5500000	5510000	87.1896936900046	87.3006460450984	11.0952355093815
chr_21	5510000	5520000	87.3006460450984	87.4200962312802	11.9450186181766
chr_21	5520000	5530000	87.4200962312802	87.5532116774783	13.3115446198076
chr_21	5530000	5540000	87.5532116774783	87.702089800896	14.8878123417745
chr_21	5540000	5550000	87.702089800896	87.8171292737625	11.5039472866442
chr_21	5550000	5560000	87.8171292737625	87.9391319358105	12.2002662048004
chr_21	5560000	5570000	87.9391319358105	88.0522469162596	11.3114980449168
chr_21	5570000	5580000	88.0522469162596	88.1809171706107	12.8670254351007
chr_21	5580000	5590000	88.1809171706107	88.3342708403273	15.3353669716694
chr_21	5590000	5600000	88.3342708403273	88.4436751165878	10.9404276260463
chr_21	5600000	5610000	88.4436751165878	88.5523066652389	10.8631548651104
chr_21	5610000	5620000	88.5523066652389	88.6608218167162	10.8515151477278
chr_21	5620000	5630000	88.6608218167162	88.7693369681935	10.8515151477263
chr_21	5630000	5640000	88.7693369681935	88.8778521196707	10.8515151477278
chr_21	5640000	5650000	88.8778521196707	88.986367271148	10.8515151477249
chr_21	5650000	5660000	88.986367271148	89.0948824226252	10.8515151477263
chr_21	5660000	5670000	89.0948824226252	89.2033975741025	10.8515151477263
chr_21	5670000	5680000	89.2033975741025	89.3119127255798	10.8515151477263
chr_21	5680000	5690000	89.3119127255798	89.4204278770571	10.8515151477292
chr_21	5690000	5700000	89.4204278770571	89.5289430285343	10.8515151477249
chr_21	5700000	5710000	89.5289430285343	89.6374581800116	10.851515147732
chr_21	5710000	5720000	89.6374581800116	89.7562432977976	11.8785117786004
chr_21	5720000	5730000	89.7562432977976	89.8778378300151	12.15945322175
chr_21	5730000	5740000	89.8778378300151	89.9885366105435	11.0698780528352
chr_21	5740000	5750000	89.9885366105435	90.0724074860964	8.38708755528614
chr_21	5750000	5760000	90.0724074860964	90.1690302476034	9.66227615070636
chr_21	5760000	5770000	90.1690302476034	90.275816011573	10.6785763969569
chr_21	5770000	5780000	90.275816011573	90.3885598407624	11.274382918937
chr_21	5780000	5790000	90.3885598407624	90.4911849730138	10.262513225149
chr_21	5790000	5800000	90.4911849730138	90.5872830977278	9.60981247139472
chr_21	5800000	5810000	90.5872830977278	90.6950985630307	10.7815465302878
chr_21	5810000	5820000	90.6950985630307	90.8080013923369	11.2902829306279
chr_21	5820000	5830000	90.8080013923369	90.942313029245	13.4311636908066
chr_21	5830000	5840000	90.942313029245	91.0443061006759	10.1993071430869
chr_21	5840000	5850000	91.0443061006759	91.1503143308421	10.6008230166225
chr_21	5850000	5860000	91.1503143308421	91.2431178580157	9.28035271735581
chr_21	5860000	5870000	91.2431178580157	91.3378554951311	9.47376371154149
chr_21	5870000	5880000	91.3378554951311	91.4088522687525	7.09967736213883
chr_21	5880000	5890000	91.4088522687525	91.5022756837203	9.34234149678161
chr_21	5890000	5900000	91.5022756837203	91.5834309574983	8.1155273778009
chr_21	5900000	5910000	91.5834309574983	91.6777249452512	9.42939877529341
chr_21	5910000	5920000	91.6777249452512	91.7160648265321	3.8339881280919
chr_21	5920000	5930000	91.7160648265321	91.7877388255205	7.1673998988345
chr_21	5930000	5940000	91.7877388255205	91.8820604006055	9.43215750849902
chr_21	5940000	5950000	91.8820604006055	92.0044839107655	12.2423510160061
chr_21	5950000	5960000	92.0044839107655	92.1427139954032	13.8230084637684
chr_21	5960000	5970000	92.1427139954032	92.2221101895917	7.9396194188476
chr_21	5970000	5980000	92.2221101895917	92.2615808538698	3.94706642780704
chr_21	5980000	5990000	92.2615808538698	92.3398782083306	7.82973544608154
chr_21	5990000	6000000	92.3398782083306	92.4668783828905	12.7000174559882
chr_21	6000000	6010000	92.4668783828905	92.611122897751	14.4244514860532
chr_21	6010000	6020000	92.611122897751	92.736266745437	12.5143847686019
chr_21	6020000	6030000	92.736266745437	92.8634466613079	12.717991587084
chr_21	6030000	6040000	92.8634466613079	92.9818642650607	11.8417603752832
chr_21	6040000	6050000	92.9818642650607	93.0618240666367	7.99598015760381
chr_21	6050000	6060000	93.0618240666367	93.19019193695	12.8367870313241
chr_21	6060000	6070000	93.19019193695	93.3330555214175	14.286358446752
chr_21	6070000	6080000	93.3330555214175	93.4570738460521	12.4018324634633
chr_21	6080000	6090000	93.4570738460521	93.5452948045698	8.82209585176383
chr_21	6090000	6100000	93.5452948045698	93.639626731573	9.43319270031964
chr_21	6100000	6110000	93.639626731573	93.7437093138763	10.4082582303363
chr_21	6110000	6120000	93.7437093138763	93.840197107772	9.64877938957187
chr_21	6120000	6130000	93.840197107772	93.9288401386149	8.86430308428885
chr_21	6130000	6140000	93.9288401386149	94.0320097644589	10.3169625843975
chr_21	6140000	6150000	94.0320097644589	94.1279104061429	9.59006416840111
chr_21	6150000	6160000	94.1279104061429	94.2035502054319	7.56397992890072
chr_21	6160000	6170000	94.2035502054319	94.2806621877896	7.71119823577067
chr_21	6170000	6180000	94.2806621877896	94.3574755651171	7.68133773274542
chr_21	6180000	6190000	94.3574755651171	94.4646057395167	10.7130174399629
chr_21	6190000	6200000	94.4646057395167	94.582103692015	11.7497952498297
chr_21	6200000	6210000	94.582103692015	94.6925451601166	11.0441468101598
chr_21	6210000	6220000	94.6925451601166	94.8030708464729	11.0525686356283
chr_21	6220000	6230000	94.8030708464729	94.9130390779551	10.9968231482199
chr_21	6230000	6240000	94.9130390779551	95.0043633523857	9.13242744305904
chr_21	6240000	6250000	95.0043633523857	95.0949859194876	9.06225671019456
chr_21	6250000	6260000	95.0949859194876	95.159545523934	6.45596044464156
chr_21	6260000	6270000	95.159545523934	95.2423486160106	8.28030920765173
chr_21	6270000	6280000	95.2423486160106	95.3264643666052	8.41157505946484
chr_21	6280000	6290000	95.3264643666052	95.4188280706644	9.2363704059224
chr_21	6290000	6300000	95.4188280706644	95.497379452042	7.85513813775509
chr_21	6300000	6310000	95.497379452042	95.5699498446448	7.25703926027705
chr_21	6310000	6320000	95.5699498446448	95.6342480687262	6.42982240814405
chr_21	6320000	6330000	95.6342480687262	95.7056586370929	7.14105683667157
chr_21	6330000	6340000	95.7056586370929	95.7799549723937	7.42963353008008
chr_21	6340000	6350000	95.7799549723937	95.8608797219924	8.09247495987222
chr_21	6350000	6360000	95.8608797219924	95.9304093420437	6.95296200512274
chr_21	6360000	6370000	95.9304093420437	95.9934991178923	6.30897758486668
chr_21	6370000	6380000	95.9934991178923	96.0698791123068	7.63799944144949
chr_21	6380000	6390000	96.0698791123068	96.1416279851506	7.17488728438269
chr_21	6390000	6400000	96.1416279851506	96.2290412968025	8.74133116518578
chr_21	6400000	6410000	96.2290412968025	96.3045479221818	7.55066253793046
chr_21	6410000	6420000	96.3045479221818	96.3829598226401	7.84119004582493
chr_21	6420000	6430000	96.3829598226401	96.485758822153	10.2798999512927
chr_21	6430000	6440000	96.485758822153	96.539988392413	5.422957026002
chr_21	6440000	6450000	96.539988392413	96.5848730458482	4.48846534351617
chr_21	6450000	6460000	96.5848730458482	96.6301730292349	4.52999833866841
chr_21	6460000	6470000	96.6301730292349	96.6644864559363	3.43134267014022
chr_21	6470000	6480000	96.6644864559363	96.690788949895	2.63024939587098
chr_21	6480000	6490000	96.690788949895	96.7556159069918	6.48269570968125
chr_21	6490000	6500000	96.7556159069918	96.8535214418088	9.79055348169879
chr_21	6500000	6510000	96.8535214418088	96.9327721726605	7.92507308516974
chr_21	6510000	6520000	96.9327721726605	97.0010283073318	6.82561346713157
chr_21	6520000	6530000	97.0010283073318	97.0750652374281	7.4036930096355
chr_21	6530000	6540000	97.0750652374281	97.1849806565874	10.9915419159279
chr_21	6540000	6550000	97.1849806565874	97.2938232349379	10.8842578350504
chr_21	6550000	6560000	97.2938232349379	97.3718201020789	7.79968671409961
chr_21	6560000	6570000	97.3718201020789	97.4865448562172	11.4724754138237
chr_21	6570000	6580000	97.4865448562172	97.6227320081015	13.6187151884386
chr_21	6580000	6590000	97.6227320081015	97.7350692353983	11.233722729672
chr_21	6590000	6600000	97.7350692353983	97.8152171702683	8.01479348700411
chr_21	6600000	6610000	97.8152171702683	97.9211709436535	10.5953773385238
chr_21	6610000	6620000	97.9211709436535	98.041954873524	12.0783929870484
chr_21	6620000	6630000	98.041954873524	98.1515418445079	10.9586970983926
chr_21	6630000	6640000	98.1515418445079	98.2643178763254	11.2776031817504
chr_21	6640000	6650000	98.2643178763254	98.3805761967477	11.6258320422233
chr_21	6650000	6660000	98.3805761967477	98.4942748162201	11.3698619472459
chr_21	6660000	6670000	98.4942748162201	98.6199577222486	12.568290602843
chr_21	6670000	6680000	98.6199577222486	98.7396992570645	11.9741534815915
chr_21	6680000	6690000	98.7396992570645	98.8656485117776	12.5949254713063
chr_21	6690000	6700000	98.8656485117776	98.9696655912739	10.4017079496387
chr_21	6700000	6710000	98.9696655912739	99.0675223551437	9.78567638697143
chr_21	6710000	6720000	99.0675223551437	99.1625799029506	9.50575478069737
chr_21	6720000	6730000	99.1625799029506	99.2496258503947	8.70459474441105
chr_21	6730000	6740000	99.2496258503947	99.3757138049764	12.6087954581649
chr_21	6740000	6750000	99.3757138049764	99.4935991771962	11.7885372219817
chr_21	6750000	6760000	99.4935991771962	99.5795449481559	8.59457709596967
chr_21	6760000	6770000	99.5795449481559	99.6749411918828	9.53962437268814
chr_21	6770000	6780000	99.6749411918828	99.7821859432065	10.7244751323748
chr_21	6780000	6790000	99.7821859432065	99.8771243846633	9.49384414567902
chr_21	6790000	6800000	99.8771243846633	99.9495025818333	7.23781971700248
chr_21	6800000	6810000	99.9495025818333	100.031745295435	8.22427136012038
chr_21	6810000	6820000	100.031745295435	100.120191614802	8.84463193678613
chr_21	6820000	6830000	100.120191614802	100.192305618961	7.21140041587773
chr_21	6830000	6840000	100.192305618961	100.259778738538	6.74731195763769
chr_21	6840000	6850000	100.259778738538	100.334264329913	7.44855913759181
chr_21	6850000	6860000	100.334264329913	100.401411369821	6.71470399075531
chr_21	6860000	6870000	100.401411369821	100.490281491359	8.88701215375107
chr_21	6870000	6880000	100.490281491359	100.581733563973	9.14520726143877
chr_21	6880000	6890000	100.581733563973	100.664086053363	8.23524893900753
chr_21	6890000	6900000	100.664086053363	100.746990233052	8.29041796889101
chr_21	6900000	6910000	100.746990233052	100.838289516372	9.12992833198842
chr_21	6910000	6920000	100.838289516372	100.923286303538	8.49967871657782
chr_21	6920000	6930000	100.923286303538	100.989189638113	6.59033345749265
chr_21	6930000	6940000	100.989189638113	101.086636099693	9.74464615801764
chr_21	6940000	6950000	101.086636099693	101.152562660429	6.59265607359885
chr_21	6950000	6960000	101.152562660429	101.205160272539	5.2597612110219
chr_21	6960000	6970000	101.205160272539	101.256821927308	5.16616547692479
chr_21	6970000	6980000	101.256821927308	101.40092126586	14.4099338551769
chr_21	6980000	6990000	101.40092126586	101.552387592424	15.1466326563906
chr_21	6990000	7000000	101.552387592424	101.679167764342	12.678017191827
chr_21	7000000	7010000	101.679167764342	101.759469111004	8.03013466619973
chr_21	7010000	7020000	101.759469111004	101.820109539201	6.06404281972033
chr_21	7020000	7030000	101.820109539201	101.891766831357	7.1657292156047
chr_21	7030000	7040000	101.891766831357	101.947557197571	5.57903662132588
chr_21	7040000	7050000	101.947557197571	102.015128258702	6.75710611316731
chr_21	7050000	7060000	102.015128258702	102.074831152829	5.9702894127156
chr_21	7060000	7070000	102.074831152829	102.160637151126	8.58059982966353
chr_21	7070000	7080000	102.160637151126	102.28130274623	12.0665595104356
chr_21	7080000	7090000	102.28130274623	102.404560183089	12.325743685831
chr_21	7090000	7100000	102.404560183089	102.563676046588	15.9115863499323
chr_21	7100000	7110000	102.563676046588	102.680243201563	11.6567154975229
chr_21	7110000	7120000	102.680243201563	102.746841691147	6.65984895838108
chr_21	7120000	7130000	102.746841691147	102.821045072834	7.42033816870702
chr_21	7130000	7140000	102.821045072834	102.88471022312	6.36651502862975
chr_21	7140000	7150000	102.88471022312	102.943003521822	5.82932987019973
chr_21	7150000	7160000	102.943003521822	102.983330325677	4.03268038542848
chr_21	7160000	7170000	102.983330325677	103.07418149887	9.08511731932293
chr_21	7170000	7180000	103.07418149887	103.19373680966	11.9555310790247
chr_21	7180000	7190000	103.19373680966	103.27888709223	8.51502825696002
chr_21	7190000	7200000	103.27888709223	103.391062888625	11.217579639542
chr_21	7200000	7210000	103.391062888625	103.458496827802	6.74339391770502
chr_21	7210000	7220000	103.458496827802	103.521744584976	6.32477571742101
chr_21	7220000	7230000	103.521744584976	103.679113171153	15.7368586176673
chr_21	7230000	7240000	103.679113171153	103.823507434859	14.4394263705735
chr_21	7240000	7250000	103.823507434859	103.933592694897	11.0085260038076
chr_21	7250000	7260000	103.933592694897	104.081368936084	14.7776241187373
chr_21	7260000	7270000	104.081368936084	104.138719808118	5.73508720332825
chr_21	7270000	7280000	104.138719808118	104.188317638783	4.95978306651779
chr_21	7280000	7290000	104.188317638783	104.237915469448	4.95978306651352
chr_21	7290000	7300000	104.237915469448	104.29712217354	5.92067040924036
chr_21	7300000	7310000	104.29712217354	104.380757813016	8.36356394758155
chr_21	7310000	7320000	104.380757813016	104.464393452492	8.36356394758297
chr_21	7320000	7330000	104.464393452492	104.547778440897	8.33849884046458
chr_21	7330000	7340000	104.547778440897	104.623365907364	7.55874664675673
chr_21	7340000	7350000	104.623365907364	104.680067914329	5.67020069651818
chr_21	7350000	7360000	104.680067914329	104.732687308501	5.26193941715718
chr_21	7360000	7370000	104.732687308501	104.825122675192	9.24353666914186
chr_21	7370000	7380000	104.825122675192	104.873320192439	4.81975172467628
chr_21	7380000	7390000	104.873320192439	104.921517709686	4.81975172467628
chr_21	7390000	7400000	104.921517709686	104.969715226933	4.81975172467486
chr_21	7400000	7410000	104.969715226933	105.017912744179	4.81975172467344
chr_21	7410000	7420000	105.017912744179	105.063328930305	4.54161861251237
chr_21	7420000	7430000	105.063328930305	105.096133439035	3.28045087304787
chr_21	7430000	7440000	105.096133439035	105.155518723998	5.93852849631986
chr_21	7440000	7450000	105.155518723998	105.326639996526	17.1121272527856
chr_21	7450000	7460000	105.326639996526	105.452441622417	12.5801625890745
chr_21	7460000	7470000	105.452441622417	105.563370963839	11.0929341422036
chr_21	7470000	7480000	105.563370963839	105.646378801278	8.30078374389416
chr_21	7480000	7490000	105.646378801278	105.70919898475	6.28201834721125
chr_21	7490000	7500000	105.70919898475	105.820379890001	11.1180905251047
chr_21	7500000	7510000	105.820379890001	105.9832505366	16.2870646599131
chr_21	7510000	7520000	105.9832505366	106.08482172892	10.1571192319597
chr_21	7520000	7530000	106.08482172892	106.193515205234	10.8693476314812
chr_21	7530000	7540000	106.193515205234	106.370839170401	17.732396516611
chr_21	7540000	7550000	106.370839170401	106.49015049429	11.9311323889903
chr_21	7550000	7560000	106.49015049429	106.588593455276	9.84429609855511
chr_21	7560000	7570000	106.588593455276	106.734603347639	14.6009892363111
chr_21	7570000	7580000	106.734603347639	106.856857034717	12.2253687078313
chr_21	7580000	7590000	106.856857034717	107.022495244898	16.5638210180873
chr_21	7590000	7600000	107.022495244898	107.160734904257	13.8239659358504
chr_21	7600000	7610000	107.160734904257	107.279102802265	11.8367898008358
chr_21	7610000	7620000	107.279102802265	107.416458695224	13.7355892958539
chr_21	7620000	7630000	107.416458695224	107.566905225788	15.0446530564764
chr_21	7630000	7640000	107.566905225788	107.655334752064	8.84295262759167
chr_21	7640000	7650000	107.655334752064	107.781614791949	12.628003988506
chr_21	7650000	7660000	107.781614791949	107.922982866302	14.1368074352968
chr_21	7660000	7670000	107.922982866302	108.050580098766	12.7597232464041
chr_21	7670000	7680000	108.050580098766	108.279606279262	22.9026180495623
chr_21	7680000	7690000	108.279606279262	108.535216671569	25.5610392306892
chr_21	7690000	7700000	108.535216671569	108.689503952669	15.4287281100437
chr_21	7700000	7710000	108.689503952669	108.833583175595	14.4079222925825
chr_21	7710000	7720000	108.833583175595	109.017949195965	18.4366020369382
chr_21	7720000	7730000	109.017949195965	109.183129156137	16.517996017275
chr_21	7730000	7740000	109.183129156137	109.34708499775	16.3955841612847
chr_21	7740000	7750000	109.34708499775	109.537475974057	19.0390976306333
chr_21	7750000	7760000	109.537475974057	109.677874224319	14.0398250262123
chr_21	7760000	7770000	109.677874224319	109.801490415185	12.3616190866457
chr_21	7770000	7780000	109.801490415185	109.959608991893	15.8118576707807
chr_21	7780000	7790000	109.959608991893	110.128127198356	16.8518206462608
chr_21	7790000	7800000	110.128127198356	110.219292248756	9.11650504002637
chr_21	7800000	7810000	110.219292248756	110.383926656878	16.4634408122652
chr_21	7810000	7820000	110.383926656878	110.550946652373	16.7019995494186
chr_21	7820000	7830000	110.550946652373	110.678178270251	12.7231617878778
chr_21	7830000	7840000	110.678178270251	110.762709342255	8.45310720036707
chr_21	7840000	7850000	110.762709342255	110.824755156869	6.20458146143363
chr_21	7850000	7860000	110.824755156869	110.880936454984	5.61812981149359
chr_21	7860000	7870000	110.880936454984	110.932792039759	5.18555847742448
chr_21	7870000	7880000	110.932792039759	111.031121736986	9.83296972277117
chr_21	7880000	7890000	111.031121736986	111.275692759122	24.4571022135787
chr_21	7890000	7900000	111.275692759122	111.470716402131	19.502364300871
chr_21	7900000	7910000	111.470716402131	111.578393971042	10.7677568911257
chr_21	7910000	7920000	111.578393971042	111.695978199541	11.7584228499382
chr_21	7920000	7930000	111.695978199541	111.752787503521	5.68093039800175
chr_21	7930000	7940000	111.752787503521	111.822382043698	6.95945401763396
chr_21	7940000	7950000	111.822382043698	111.991916175084	16.9534131386143
chr_21	7950000	7960000	111.991916175084	112.133223812322	14.1307637238214
chr_21	7960000	7970000	112.133223812322	112.258874372568	12.5650560245433
chr_21	7970000	7980000	112.258874372568	112.335443820703	7.65694481356149
chr_21	7980000	7990000	112.335443820703	112.453128859798	11.7685039095193
chr_21	7990000	8000000	112.453128859798	112.583925236583	13.0796376784801
chr_21	8000000	8010000	112.583925236583	112.687596035631	10.3670799048146
chr_21	8010000	8020000	112.687596035631	112.803755409397	11.6159373765257
chr_21	8020000	8030000	112.803755409397	112.934553387674	13.0797978276874
chr_21	8030000	8040000	112.934553387674	113.069866294924	13.5312907250338
chr_21	8040000	8050000	113.069866294924	113.181064338819	11.1198043894674
chr_21	8050000	8060000	113.181064338819	113.317407445984	13.6343107165757
chr_21	8060000	8070000	113.317407445984	113.445814760925	12.8407314941029
chr_21	8070000	8080000	113.445814760925	113.615119314982	16.9304554056822
chr_21	8080000	8090000	113.615119314982	113.741057217077	12.593790209489
chr_21	8090000	8100000	113.741057217077	113.928148471261	18.7091254183812
chr_21	8100000	8110000	113.928148471261	114.049246494778	12.1098023516808
chr_21	8110000	8120000	114.049246494778	114.274016092006	22.4769597228416
chr_21	8120000	8130000	114.274016092006	114.403188456569	12.9172364563317
chr_21	8130000	8140000	114.403188456569	114.510787714073	10.7599257504077
chr_21	8140000	8150000	114.510787714073	114.632389710121	12.1601996047261
chr_21	8150000	8160000	114.632389710121	114.792758473007	16.0368762886392
chr_21	8160000	8170000	114.792758473007	114.975702870191	18.294439718413
chr_21	8170000	8180000	114.975702870191	115.103849194736	12.8146324545042
chr_21	8180000	8190000	115.103849194736	115.243901040927	14.0051846190616
chr_21	8190000	8200000	115.243901040927	115.428103675666	18.4202634739208
chr_21	8200000	8210000	115.428103675666	115.727748653307	29.9644977641307
chr_21	8210000	8220000	115.727748653307	115.927725026833	19.9976373525786
chr_21	8220000	8230000	115.927725026833	116.07752080162	14.9795774786966
chr_21	8230000	8240000	116.07752080162	116.257398456073	17.987765445325
chr_21	8240000	8250000	116.257398456073	116.512418587007	25.5020130933573
chr_21	8250000	8260000	116.512418587007	116.716207381654	20.3788794647508
chr_21	8260000	8270000	116.716207381654	116.861412428011	14.5205046356352
chr_21	8270000	8280000	116.861412428011	116.986973004577	12.5560576565803
chr_21	8280000	8290000	116.986973004577	117.086063441345	9.90904367679661
chr_21	8290000	8300000	117.086063441345	117.191663004645	10.559956329999
chr_21	8300000	8310000	117.191663004645	117.244664395366	5.30013907217608
chr_21	8310000	8320000	117.244664395366	117.33372789917	8.90635038036152
chr_21	8320000	8330000	117.33372789917	117.417247227292	8.35193281221791
chr_21	8330000	8340000	117.417247227292	117.637433014511	22.0185787219307
chr_21	8340000	8350000	117.637433014511	117.774362559444	13.6929544932485
chr_21	8350000	8360000	117.774362559444	117.839405456808	6.50428973639094
chr_21	8360000	8370000	117.839405456808	117.927031134981	8.76256781735236
chr_21	8370000	8380000	117.927031134981	118.038040337082	11.1009202100675
chr_21	8380000	8390000	118.038040337082	118.125037517228	8.69971801461844
chr_21	8390000	8400000	118.125037517228	118.209654414573	8.46168973443042
chr_21	8400000	8410000	118.209654414573	118.276260760718	6.66063461459174
chr_21	8410000	8420000	118.276260760718	118.373792090329	9.7531329610689
chr_21	8420000	8430000	118.373792090329	118.461582839714	8.77907493845811
chr_21	8430000	8440000	118.461582839714	118.550621551121	8.90387114067863
chr_21	8440000	8450000	118.550621551121	118.591989311865	4.13677607444356
chr_21	8450000	8460000	118.591989311865	118.644659749379	5.2670437513882
chr_21	8460000	8470000	118.644659749379	118.724639301308	7.99795519295543
chr_21	8470000	8480000	118.724639301308	118.789344782418	6.47054811091436
chr_21	8480000	8490000	118.789344782418	118.849927900789	6.05831183712837
chr_21	8490000	8500000	118.849927900789	118.917407515965	6.74796151762678
chr_21	8500000	8510000	118.917407515965	118.966664503039	4.92569870739885
chr_21	8510000	8520000	118.966664503039	119.043547549252	7.68830462130836
chr_21	8520000	8530000	119.043547549252	119.125003872484	8.14563232317767
chr_21	8530000	8540000	119.125003872484	119.203909664053	7.89057915691984
chr_21	8540000	8550000	119.203909664053	119.290071643434	8.61619793804067
chr_21	8550000	8560000	119.290071643434	119.383267343383	9.31956999492058
chr_21	8560000	8570000	119.383267343383	119.457788568976	7.45212255928749
chr_21	8570000	8580000	119.457788568976	119.521584708934	6.37961399586828
chr_21	8580000	8590000	119.521584708934	119.621182418717	9.959770978233
chr_21	8590000	8600000	119.621182418717	119.70279413565	8.16117169329686
chr_21	8600000	8610000	119.70279413565	119.797811065992	9.50169303422399
chr_21	8610000	8620000	119.797811065992	119.874762788316	7.69517223243099
chr_21	8620000	8630000	119.874762788316	119.970272277396	9.55094890796175
chr_21	8630000	8640000	119.970272277396	120.053810836881	8.35385594851203
chr_21	8640000	8650000	120.053810836881	120.141186858847	8.73760219657811
chr_21	8650000	8660000	120.141186858847	120.212944177873	7.17573190264034
chr_21	8660000	8670000	120.212944177873	120.305089296591	9.21451187183635
chr_21	8670000	8680000	120.305089296591	120.433346792518	12.825749592642
chr_21	8680000	8690000	120.433346792518	120.563076869256	12.9730076737687
chr_21	8690000	8700000	120.563076869256	120.64821730309	8.51404338343826
chr_21	8700000	8710000	120.64821730309	120.742776089227	9.45587861370285
chr_21	8710000	8720000	120.742776089227	120.848121355081	10.534526585387
chr_21	8720000	8730000	120.848121355081	120.927436580075	7.9315224994545
chr_21	8730000	8740000	120.927436580075	120.99960428035	7.21677002741927
chr_21	8740000	8750000	120.99960428035	121.054148257439	5.45439770891676
chr_21	8750000	8760000	121.054148257439	121.099121201166	4.49729437268616
chr_21	8760000	8770000	121.099121201166	121.174661418686	7.55402175202988
chr_21	8770000	8780000	121.174661418686	121.330183521729	15.5522103042657
chr_21	8780000	8790000	121.330183521729	121.46371234145	13.3528819721406
chr_21	8790000	8800000	121.46371234145	121.627937036253	16.4224694803508
chr_21	8800000	8810000	121.627937036253	121.713736424426	8.5799388172461
chr_21	8810000	8820000	121.713736424426	121.815965454857	10.2229030430905
chr_21	8820000	8830000	121.815965454857	121.928871873044	11.2906418187322
chr_21	8830000	8840000	121.928871873044	122.017516447287	8.86445742429345
chr_21	8840000	8850000	122.017516447287	122.13218818536	11.4671738073099
chr_21	8850000	8860000	122.13218818536	122.264922060369	13.2733875009265
chr_21	8860000	8870000	122.264922060369	122.401677895698	13.6755835328145
chr_21	8870000	8880000	122.401677895698	122.537621652278	13.594375658073
chr_21	8880000	8890000	122.537621652278	122.642779542873	10.5157890594796
chr_21	8890000	8900000	122.642779542873	122.746795485282	10.4015942408793
chr_21	8900000	8910000	122.746795485282	122.848594128371	10.1798643089253
chr_21	8910000	8920000	122.848594128371	122.93313379273	8.45396643590988
chr_21	8920000	8930000	122.93313379273	123.038567692157	10.5433899426345
chr_21	8930000	8940000	123.038567692157	123.137159727285	9.85920351283482
chr_21	8940000	8950000	123.137159727285	123.252227412691	11.5067685406544
chr_21	8950000	8960000	123.252227412691	123.333674020108	8.14466074160833
chr_21	8960000	8970000	123.333674020108	123.465349184395	13.1675164287302
chr_21	8970000	8980000	123.465349184395	123.575196551929	10.9847367533774
chr_21	8980000	8990000	123.575196551929	123.725687640423	15.0491088494761
chr_21	8990000	9000000	123.725687640423	123.875186116294	14.9498475870757
chr_21	9000000	9010000	123.875186116294	124.029057991278	15.3871874984048
chr_21	9010000	9020000	124.029057991278	124.219141428701	19.0083437422672
chr_21	9020000	9030000	124.219141428701	124.360639694462	14.1498265760916
chr_21	9030000	9040000	124.360639694462	124.471071769225	11.0432074762883
chr_21	9040000	9050000	124.471071769225	124.576591489848	10.5519720623761
chr_21	9050000	9060000	124.576591489848	124.70039807386	12.380658401176
chr_21	9060000	9070000	124.70039807386	124.825648888267	12.5250814407266
chr_21	9070000	9080000	124.825648888267	124.944980438643	11.9331550375094
chr_21	9080000	9090000	124.944980438643	125.13965775485	19.4677316207432
chr_21	9090000	9100000	125.13965775485	125.243581523644	10.3923768794488
chr_21	9100000	9110000	125.243581523644	125.348099534176	10.4518010531024
chr_21	9110000	9120000	125.348099534176	125.502926323636	15.4826789460529
chr_21	9120000	9130000	125.502926323636	125.648804800636	14.5878477000167
chr_21	9130000	9140000	125.648804800636	125.737233568413	8.84287677767617
chr_21	9140000	9150000	125.737233568413	125.816448741056	7.92151726429182
chr_21	9150000	9160000	125.816448741056	125.951675205258	13.522646420239
chr_21	9160000	9170000	125.951675205258	126.05848907915	10.6813873891227
chr_21	9170000	9180000	126.05848907915	126.153971226904	9.54821477549359
chr_21	9180000	9190000	126.153971226904	126.248025535602	9.4054308697622
chr_21	9190000	9200000	126.248025535602	126.338735493994	9.07099583923383
chr_21	9200000	9210000	126.338735493994	126.429445452387	9.07099583923667
chr_21	9210000	9220000	126.429445452387	126.520155410779	9.07099583924094
chr_21	9220000	9230000	126.520155410779	126.569633714246	4.94783034670974
chr_21	9230000	9240000	126.569633714246	126.607509867656	3.78761534100391
chr_21	9240000	9250000	126.607509867656	126.645386021066	3.78761534099965
chr_21	9250000	9260000	126.645386021066	126.683262174476	3.78761534099965
chr_21	9260000	9270000	126.683262174476	126.721138327886	3.78761534100249
chr_21	9270000	9280000	126.721138327886	126.759014481296	3.78761534100249
chr_21	9280000	9290000	126.759014481296	126.796890634706	3.78761534099965
chr_21	9290000	9300000	126.796890634706	126.834766788116	3.78761534099965
chr_21	9300000	9310000	126.834766788116	126.858529926149	2.37631380328764
chr_21	9310000	9320000	126.858529926149	126.869293032892	1.07631067428855
chr_21	9320000	9330000	126.869293032892	126.882967219122	1.36741862297924
chr_21	9330000	9340000	126.882967219122	126.896784973805	1.38177546829326
chr_21	9340000	9350000	126.896784973805	126.910604552874	1.3819579068695
chr_21	9350000	9360000	126.910604552874	126.928466640879	1.78620880055007
chr_21	9360000	9370000	126.928466640879	126.962671426943	3.42047860634835
chr_21	9370000	9380000	126.962671426943	127.00208465249	3.94132255479605
chr_21	9380000	9390000	127.00208465249	127.057446758887	5.53621063968137
chr_21	9390000	9400000	127.057446758887	127.135951371563	7.85046126756157
chr_21	9400000	9410000	127.135951371563	127.163414994516	2.74636229530074
chr_21	9410000	9420000	127.163414994516	127.172641770717	0.922677620081913
chr_21	9420000	9430000	127.172641770717	127.180340515212	0.769874449518682
chr_21	9430000	9440000	127.180340515212	127.191575966473	1.12354512610437
chr_21	9440000	9450000	127.191575966473	127.209700961511	1.81249950383489
chr_21	9450000	9460000	127.209700961511	127.22668986876	1.6988907248475
chr_21	9460000	9470000	127.22668986876	127.24138647252	1.4696603760143
chr_21	9470000	9480000	127.24138647252	127.250157775819	0.877130329924114
chr_21	9480000	9490000	127.250157775819	127.266720990182	1.65632143632308
chr_21	9490000	9500000	127.266720990182	127.305329260911	3.86082707281616
chr_21	9500000	9510000	127.305329260911	127.315558461951	1.0229201040417
chr_21	9510000	9520000	127.315558461951	127.333683761451	1.81252994997294
chr_21	9520000	9530000	127.333683761451	127.342290695743	0.860693429190462
chr_21	9530000	9540000	127.342290695743	127.36143744125	1.91467455072427
chr_21	9540000	9550000	127.36143744125	127.377751837296	1.63143960457148
chr_21	9550000	9560000	127.377751837296	127.388630216249	1.08783789539189
chr_21	9560000	9570000	127.388630216249	127.405312729983	1.66825137333433
chr_21	9570000	9580000	127.405312729983	127.419014506638	1.37017766546705
chr_21	9580000	9590000	127.419014506638	127.429033907263	1.00194006254384
chr_21	9590000	9600000	127.429033907263	127.436102058399	0.70681511356554
chr_21	9600000	9610000	127.436102058399	127.439216736694	0.311467829588707
chr_21	9610000	9620000	127.439216736694	127.442475478632	0.325874193723052
chr_21	9620000	9630000	127.442475478632	127.445364523502	0.28890448699741
chr_21	9630000	9640000	127.445364523502	127.450683852382	0.531932888068809
chr_21	9640000	9650000	127.450683852382	127.467790891077	1.71070386942489
chr_21	9650000	9660000	127.467790891077	127.483426461604	1.56355705278628
chr_21	9660000	9670000	127.483426461604	127.4965428567	1.31163950958211
chr_21	9670000	9680000	127.4965428567	127.508729564075	1.21867073744397
chr_21	9680000	9690000	127.508729564075	127.51995190734	1.12223432649898
chr_21	9690000	9700000	127.51995190734	127.526204186597	0.625227925706895
chr_21	9700000	9710000	127.526204186597	127.530463638812	0.425945221532231
chr_21	9710000	9720000	127.530463638812	127.535621105322	0.515746651008442
chr_21	9720000	9730000	127.535621105322	127.541674453146	0.605334782365219
chr_21	9730000	9740000	127.541674453146	127.547454406444	0.577995329807379
chr_21	9740000	9750000	127.547454406444	127.55230559419	0.485118774624027
chr_21	9750000	9760000	127.55230559419	127.554939044533	0.263345034318263
chr_21	9760000	9770000	127.554939044533	127.557525450201	0.258640566772783
chr_21	9770000	9780000	127.557525450201	127.560114748504	0.258929830317811
chr_21	9780000	9790000	127.560114748504	127.561873942477	0.175919397229052
chr_21	9790000	9800000	127.561873942477	127.563098724346	0.122478186955277
chr_21	9800000	9810000	127.563098724346	127.565253935853	0.21552115073149
chr_21	9810000	9820000	127.565253935853	127.568020260319	0.276632446507108
chr_21	9820000	9830000	127.568020260319	127.571505012132	0.348475181364449
chr_21	9830000	9840000	127.571505012132	127.574723994817	0.321898268512655
chr_21	9840000	9850000	127.574723994817	127.576352195849	0.162820103150807
chr_21	9850000	9860000	127.576352195849	127.577594908295	0.124271244585827
chr_21	9860000	9870000	127.577594908295	127.579021130947	0.142622265269665
chr_21	9870000	9880000	127.579021130947	127.580571721607	0.155059065984631
chr_21	9880000	9890000	127.580571721607	127.580992834697	0.0421113089885239
chr_21	9890000	9900000	127.580992834697	127.58117999645	0.0187161752791098
chr_21	9900000	9910000	127.58117999645	127.581367158203	0.0187161752776888
chr_21	9910000	9920000	127.581367158203	127.582030379043	0.0663220840721124
chr_21	9920000	9930000	127.582030379043	127.610542831566	2.85124525223068
chr_21	9930000	9940000	127.610542831566	127.612902913153	0.236008158752554
chr_21	9940000	9950000	127.612902913153	127.625017270757	1.21143576042329
chr_21	9950000	9960000	127.625017270757	127.645515611642	2.04983408844441
chr_21	9960000	9970000	127.645515611642	127.656840505515	1.13248938734642
chr_21	9970000	9980000	127.656840505515	127.657614682621	0.0774177105896001
chr_21	9980000	9990000	127.657614682621	127.657823352591	0.0208669970106712
chr_21	9990000	10000000	127.657823352591	127.658032022561	0.0208669970106712
chr_21	10000000	10010000	127.658032022561	127.658247612952	0.0215590390268972
chr_21	10010000	10020000	127.658247612952	127.659295405545	0.104779259325483
chr_21	10020000	10030000	127.659295405545	127.661571724146	0.227631860106214
chr_21	10030000	10040000	127.661571724146	127.665573082176	0.400135803022295
chr_21	10040000	10050000	127.665573082176	127.668434913464	0.286183128805817
