chr	pos1	pos2	mappos1	mappos2	cMpMb
chr_21	10000	20000	0.00311662373441913	0.00953268745665011	0.641606372223099
chr_21	20000	30000	0.00953268745665011	0.0114907169387244	0.195802948207428
chr_21	30000	40000	0.0114907169387244	0.0117712170434668	0.0280500104742447
chr_21	40000	50000	0.0117712170434668	0.012051700730336	0.028048368686912
chr_21	50000	60000	0.012051700730336	0.0123321844172051	0.0280483686869119
chr_21	60000	70000	0.0123321844172051	0.01260831725994	0.0276132842734872
chr_21	70000	80000	0.01260831725994	0.0128691879022465	0.026087064230651
chr_21	80000	90000	0.0128691879022465	0.013073951466182	0.0204763563935553
chr_21	90000	100000	0.013073951466182	0.0132681311797224	0.0194179713540368
chr_21	100000	110000	0.0132681311797224	0.0134623108932628	0.019417971354037
chr_21	110000	120000	0.0134623108932628	0.0136564906068031	0.019417971354037
chr_21	120000	130000	0.0136564906068031	0.0138506703203435	0.0194179713540368
chr_21	130000	140000	0.0138506703203435	0.0141269123582663	0.0276242037922854
chr_21	140000	150000	0.0141269123582663	0.0146110218596613	0.0484109501394932
chr_21	150000	160000	0.0146110218596613	0.0154129163524429	0.0801894492781582
chr_21	160000	170000	0.0154129163524429	0.0181681219015765	0.275520554913367
chr_21	170000	180000	0.0181681219015765	0.0226244592268682	0.445633732529165
chr_21	180000	190000	0.0226244592268682	0.0258186276027673	0.319416837589907
chr_21	190000	200000	0.0258186276027673	0.0279557445830078	0.213711698024057
chr_21	200000	210000	0.0279557445830078	0.030697945289392	0.274220070638418
chr_21	210000	220000	0.030697945289392	0.0364096133214917	0.571166803209966
chr_21	220000	230000	0.0364096133214917	0.0561984804853785	1.97888671638869
chr_21	230000	240000	0.0561984804853785	0.0754525394312693	1.92540589458908
chr_21	240000	250000	0.0754525394312693	0.10863737467598	3.31848352447109
chr_21	250000	260000	0.10863737467598	0.128386372961613	1.97489982856333
chr_21	260000	270000	0.128386372961613	0.164741713367784	3.63553404061707
chr_21	270000	280000	0.164741713367784	0.208990243139948	4.4248529772164
chr_21	280000	290000	0.208990243139948	0.255460962621863	4.64707194819153
chr_21	290000	300000	0.255460962621863	0.288013682915389	3.25527202935257
chr_21	300000	310000	0.288013682915389	0.313289286360349	2.52756034449594
chr_21	310000	320000	0.313289286360349	0.381809803407881	6.85205170475322
chr_21	320000	330000	0.381809803407881	0.426370456063289	4.4560652655408
chr_21	330000	340000	0.426370456063289	0.478196513658261	5.18260575949718
chr_21	340000	350000	0.478196513658261	0.515210250484926	3.7013736826665
chr_21	350000	360000	0.515210250484926	0.582494097355111	6.72838468701856
chr_21	360000	370000	0.582494097355111	0.66646703740635	8.39729400512392
chr_21	370000	380000	0.66646703740635	0.706185401396794	3.97183639904436
chr_21	380000	390000	0.706185401396794	0.754984750925943	4.87993495291491
chr_21	390000	400000	0.754984750925943	0.78540929805475	3.04245471288067
chr_21	400000	410000	0.78540929805475	0.823917154581016	3.85078565262664
chr_21	410000	420000	0.823917154581016	0.874361996974867	5.04448423938507
chr_21	420000	430000	0.874361996974867	0.912522069829244	3.81600728543773
chr_21	430000	440000	0.912522069829244	0.96063700152371	4.81149316944656
chr_21	440000	450000	0.96063700152371	0.991355302961692	3.0718301437982
chr_21	450000	460000	0.991355302961692	1.01920344230787	2.78481393461749
chr_21	460000	470000	1.01920344230787	1.05052342600641	3.13199836985449
chr_21	470000	480000	1.05052342600641	1.07629295184261	2.57695258361972
chr_21	480000	490000	1.07629295184261	1.09772962395098	2.14366721083687
chr_21	490000	500000	1.09772962395098	1.12131709914914	2.35874751981575
chr_21	500000	510000	1.12131709914914	1.13088205235688	0.956495320774198
chr_21	510000	520000	1.13088205235688	1.14215352705782	1.12714747009388
chr_21	520000	530000	1.14215352705782	1.16288828251862	2.07347554608077
chr_21	530000	540000	1.16288828251862	1.19316523807078	3.0276955552156
chr_21	540000	550000	1.19316523807078	1.21622457718687	2.30593391160863
chr_21	550000	560000	1.21622457718687	1.2548987307415	3.86741535546342
chr_21	560000	570000	1.2548987307415	1.29741987583737	4.25211450958722
chr_21	570000	580000	1.29741987583737	1.33994102093324	4.25211450958711
chr_21	580000	590000	1.33994102093324	1.38246216602911	4.25211450958713
chr_21	590000	600000	1.38246216602911	1.42498331112498	4.25211450958698
chr_21	600000	610000	1.42498331112498	1.46750445622085	4.25211450958685
chr_21	610000	620000	1.46750445622085	1.51002560131672	4.25211450958698
chr_21	620000	630000	1.51002560131672	1.55254674641259	4.25211450958678
chr_21	630000	640000	1.55254674641259	1.59506789150846	4.25211450958685
chr_21	640000	650000	1.59506789150846	1.63758903660433	4.25211450958698
chr_21	650000	660000	1.63758903660433	1.6801101817002	4.25211450958682
chr_21	660000	670000	1.6801101817002	1.72263132679607	4.25211450958709
chr_21	670000	680000	1.72263132679607	1.76515247189194	4.25211450958698
chr_21	680000	690000	1.76515247189194	1.80767361698781	4.25211450958687
chr_21	690000	700000	1.80767361698781	1.88323633220403	7.55627152162248
chr_21	700000	710000	1.88323633220403	1.965624236615	8.23879044109677
chr_21	710000	720000	1.965624236615	2.04801214102597	8.23879044109694
chr_21	720000	730000	2.04801214102597	2.13040004543694	8.2387904410969
chr_21	730000	740000	2.13040004543694	2.2127879498479	8.23879044109672
chr_21	740000	750000	2.2127879498479	2.29517585425888	8.23879044109734
chr_21	750000	760000	2.29517585425888	2.37756375866984	8.23879044109654
chr_21	760000	770000	2.37756375866984	2.45995166308081	8.2387904410969
chr_21	770000	780000	2.45995166308081	2.54233956749179	8.23879044109765
chr_21	780000	790000	2.54233956749179	2.62472747190275	8.23879044109637
chr_21	790000	800000	2.62472747190275	2.70711537631372	8.23879044109685
chr_21	800000	810000	2.70711537631372	2.78950328072469	8.23879044109668
chr_21	810000	820000	2.78950328072469	2.87189118513565	8.23879044109637
chr_21	820000	830000	2.87189118513565	2.99850501610178	12.6613830966126
chr_21	830000	840000	2.99850501610178	3.10990150510293	11.1396489001153
chr_21	840000	850000	3.10990150510293	3.22778248738774	11.7880982284812
chr_21	850000	860000	3.22778248738774	3.32510770668259	9.73252192948522
chr_21	860000	870000	3.32510770668259	3.42920050431848	10.4092797635881
chr_21	870000	880000	3.42920050431848	3.52204272625252	9.28422219340455
chr_21	880000	890000	3.52204272625252	3.59430198687642	7.22592606238996
chr_21	890000	900000	3.59430198687642	3.68384103112809	8.95390442516693
chr_21	900000	910000	3.68384103112809	3.77403928628629	9.01982551582026
chr_21	910000	920000	3.77403928628629	3.88813119916138	11.4091912875084
chr_21	920000	930000	3.88813119916138	4.01224777303047	12.4116573869096
chr_21	930000	940000	4.01224777303047	4.12611275899362	11.3864985963151
chr_21	940000	950000	4.12611275899362	4.27884795543935	15.2735196445728
chr_21	950000	960000	4.27884795543935	4.58248275619099	30.3634800751641
chr_21	960000	970000	4.58248275619099	4.8730135523561	29.0530796165112
chr_21	970000	980000	4.8730135523561	5.02908352782266	15.606997546656
chr_21	980000	990000	5.02908352782266	5.219602947495	19.0519419672336
chr_21	990000	1000000	5.219602947495	5.40525526341184	18.5652315916839
chr_21	1000000	1010000	5.40525526341184	5.64181359103456	23.6558327622717
chr_21	1010000	1020000	5.64181359103456	6.01602622423284	37.4212633198286
chr_21	1020000	1030000	6.01602622423284	6.41896778153006	40.294155729722
chr_21	1030000	1040000	6.41896778153006	6.73235640003714	31.3388618507078
chr_21	1040000	1050000	6.73235640003714	7.02375179766447	29.1395397627332
chr_21	1050000	1060000	7.02375179766447	7.38879264320701	36.5040845542539
chr_21	1060000	1070000	7.38879264320701	7.7303013076045	34.1508664397491
chr_21	1070000	1080000	7.7303013076045	7.88958886437789	15.9287556773394
chr_21	1080000	1090000	7.88958886437789	8.07657655232919	18.6987687951294
chr_21	1090000	1100000	8.07657655232919	8.25890437831672	18.2327825987528
chr_21	1100000	1110000	8.25890437831672	8.45186125231635	19.2956873999638
chr_21	1110000	1120000	8.45186125231635	8.64642525920617	19.4564006889818
chr_21	1120000	1130000	8.64642525920617	8.82406287269389	17.7637613487722
chr_21	1130000	1140000	8.82406287269389	8.92143613169682	9.73732590029286
chr_21	1140000	1150000	8.92143613169682	9.02759848193864	10.6162350241823
chr_21	1150000	1160000	9.02759848193864	9.27312476318093	24.5526281242283
chr_21	1160000	1170000	9.27312476318093	9.45132233140196	17.8197568221034
chr_21	1170000	1180000	9.45132233140196	9.62768402703948	17.6361695637514
chr_21	1180000	1190000	9.62768402703948	9.76130402715262	13.3620000113149
chr_21	1190000	1200000	9.76130402715262	9.96874641927495	20.7442392122328
chr_21	1200000	1210000	9.96874641927495	10.0624888268413	9.37424075663209
chr_21	1210000	1220000	10.0624888268413	10.1049812038897	4.24923770484504
chr_21	1220000	1230000	10.1049812038897	10.1386031267347	3.3621922844933
chr_21	1230000	1240000	10.1386031267347	10.1788449656142	4.02418388795152
chr_21	1240000	1250000	10.1788449656142	10.2087635566719	2.99185910577631
chr_21	1250000	1260000	10.2087635566719	10.2605810668656	5.181751019364
chr_21	1260000	1270000	10.2605810668656	10.3805474834864	11.9966416620819
chr_21	1270000	1280000	10.3805474834864	10.4870518184155	10.6504334929106
chr_21	1280000	1290000	10.4870518184155	10.7265146168473	23.9462798431781
chr_21	1290000	1300000	10.7265146168473	10.9087107557609	18.2196138913618
chr_21	1300000	1310000	10.9087107557609	11.0100816607499	10.1370904988954
chr_21	1310000	1320000	11.0100816607499	11.1839169621576	17.3835301407745
chr_21	1320000	1330000	11.1839169621576	11.274195889563	9.02789274054392
chr_21	1330000	1340000	11.274195889563	11.4073846951398	13.3188805576747
chr_21	1340000	1350000	11.4073846951398	11.4771276100039	6.97429148641486
chr_21	1350000	1360000	11.4771276100039	11.6041156313474	12.6988021343498
chr_21	1360000	1370000	11.6041156313474	11.7804279114215	17.6312280074105
chr_21	1370000	1380000	11.7804279114215	12.019284540829	23.8856629407435
chr_21	1380000	1390000	12.019284540829	12.2663166400508	24.703209922183
chr_21	1390000	1400000	12.2663166400508	12.5126586481957	24.6342008144859
chr_21	1400000	1410000	12.5126586481957	12.6549853842222	14.2326736026583
chr_21	1410000	1420000	12.6549853842222	12.7333558616212	7.83704773989857
chr_21	1420000	1430000	12.7333558616212	12.9286066715364	19.5250809915217
chr_21	1430000	1440000	12.9286066715364	13.1370772354355	20.847056389905
chr_21	1440000	1450000	13.1370772354355	13.1777070752844	4.06298398489362
chr_21	1450000	1460000	13.1777070752844	13.2478105306645	7.0103455380023
chr_21	1460000	1470000	13.2478105306645	13.3182937869339	7.04832562694353
chr_21	1470000	1480000	13.3182937869339	13.3990684087163	8.07746217823624
chr_21	1480000	1490000	13.3990684087163	13.4698660542705	7.0797645554217
chr_21	1490000	1500000	13.4698660542705	13.5134854167073	4.36193624367878
chr_21	1500000	1510000	13.5134854167073	13.573476882669	5.99914659617706
chr_21	1510000	1520000	13.573476882669	13.6798827232908	10.640584062174
chr_21	1520000	1530000	13.6798827232908	13.7460495013179	6.61667780271031
chr_21	1530000	1540000	13.7460495013179	13.8545687527595	10.851925144164
chr_21	1540000	1550000	13.8545687527595	13.9024864888769	4.79177361173466
chr_21	1550000	1560000	13.9024864888769	13.9283064756751	2.58199867982682
chr_21	1560000	1570000	13.9283064756751	13.9492469793174	2.09405036423203
chr_21	1570000	1580000	13.9492469793174	13.971211282121	2.19643028035161
chr_21	1580000	1590000	13.971211282121	13.9938270948461	2.26158127251015
chr_21	1590000	1600000	13.9938270948461	14.0280935734708	3.42664786247191
chr_21	1600000	1610000	14.0280935734708	14.0854240413461	5.73304678753424
chr_21	1610000	1620000	14.0854240413461	14.1927889632759	10.7364921929758
chr_21	1620000	1630000	14.1927889632759	14.3079567593214	11.5167796045498
chr_21	1630000	1640000	14.3079567593214	14.3726740867906	6.47173274692552
chr_21	1640000	1650000	14.3726740867906	14.4007233978524	2.80493110617606
chr_21	1650000	1660000	14.4007233978524	14.4301174394145	2.93940415620906
chr_21	1660000	1670000	14.4301174394145	14.4673260196935	3.72085802790139
chr_21	1670000	1680000	14.4673260196935	14.4935454241175	2.62194044240101
chr_21	1680000	1690000	14.4935454241175	14.5298542298327	3.63088057151408
chr_21	1690000	1700000	14.5298542298327	14.5768159144409	4.69616846082932
chr_21	1700000	1710000	14.5768159144409	14.6272851590487	5.04692446077399
chr_21	1710000	1720000	14.6272851590487	14.6799404729876	5.26553139388994
chr_21	1720000	1730000	14.6799404729876	14.7926731854857	11.2732712498065
chr_21	1730000	1740000	14.7926731854857	14.9238413598427	13.1168174357011
chr_21	1740000	1750000	14.9238413598427	15.0408543554995	11.7012995656884
chr_21	1750000	1760000	15.0408543554995	15.1152932766665	7.44389211669354
chr_21	1760000	1770000	15.1152932766665	15.257757643566	14.2464366899524
chr_21	1770000	1780000	15.257757643566	15.3511684278179	9.34107842518603
chr_21	1780000	1790000	15.3511684278179	15.4881232510048	13.6954823186912
chr_21	1790000	1800000	15.4881232510048	15.7672499965404	27.912674553564
chr_21	1800000	1810000	15.7672499965404	15.9946253036275	22.7375307087099
chr_21	1810000	1820000	15.9946253036275	16.1948853832462	20.0260079618721
chr_21	1820000	1830000	16.1948853832462	16.271766786727	7.6881403480801
chr_21	1830000	1840000	16.271766786727	16.3114186597759	3.96518730488502
chr_21	1840000	1850000	16.3114186597759	16.365523610551	5.41049507751552
chr_21	1850000	1860000	16.365523610551	16.3830317748162	1.75081642651129
chr_21	1860000	1870000	16.3830317748162	16.4210276180512	3.79958432350698
chr_21	1870000	1880000	16.4210276180512	16.4793664286835	5.83388106322253
chr_21	1880000	1890000	16.4793664286835	16.4926131717066	1.32467430231209
chr_21	1890000	1900000	16.4926131717066	16.5878352047801	9.52220330735543
chr_21	1900000	1910000	16.5878352047801	16.7450304906354	15.7195285855313
chr_21	1910000	1920000	16.7450304906354	17.0218333845828	27.680289394738
chr_21	1920000	1930000	17.0218333845828	17.1395660144287	11.7732629845893
chr_21	1930000	1940000	17.1395660144287	17.2354546602716	9.58886458428552
chr_21	1940000	1950000	17.2354546602716	17.3414279605721	10.5973300300551
chr_21	1950000	1960000	17.3414279605721	17.5114818427251	17.005388215297
chr_21	1960000	1970000	17.5114818427251	17.7404350483905	22.8953205665423
chr_21	1970000	1980000	17.7404350483905	17.93296565462	19.2530606229482
chr_21	1980000	1990000	17.93296565462	18.0823263105514	14.9360655931378
chr_21	1990000	2000000	18.0823263105514	18.1142397620391	3.19134514877248
chr_21	2000000	2010000	18.1142397620391	18.1791369223733	6.4897160334219
chr_21	2010000	2020000	18.1791369223733	18.3478644052551	16.8727482881781
chr_21	2020000	2030000	18.3478644052551	18.5272186162188	17.9354210963673
chr_21	2030000	2040000	18.5272186162188	18.7862908068484	25.9072190629631
chr_21	2040000	2050000	18.7862908068484	19.0449903936522	25.8699586803804
chr_21	2050000	2060000	19.0449903936522	19.1879532334024	14.2962839750179
chr_21	2060000	2070000	19.1879532334024	19.2993370240809	11.1383790678481
chr_21	2070000	2080000	19.2993370240809	19.3969565968111	9.76195727302311
chr_21	2080000	2090000	19.3969565968111	19.4690939831133	7.21373863021526
chr_21	2090000	2100000	19.4690939831133	19.5487615832136	7.96676001003327
chr_21	2100000	2110000	19.5487615832136	19.6498591187765	10.1097535562889
chr_21	2110000	2120000	19.6498591187765	19.7509539964254	10.1094877648904
chr_21	2120000	2130000	19.7509539964254	19.9360099306296	18.5055934204179
chr_21	2130000	2140000	19.9360099306296	19.9978455346972	6.18356040676673
chr_21	2140000	2150000	19.9978455346972	20.0311829072777	3.33373725804833
chr_21	2150000	2160000	20.0311829072777	20.0748125823393	4.36296750615774
chr_21	2160000	2170000	20.0748125823393	20.1381015512169	6.32889688775791
chr_21	2170000	2180000	20.1381015512169	20.2070645936649	6.89630424480008
chr_21	2180000	2190000	20.2070645936649	20.2937176405194	8.66530468545328
chr_21	2190000	2200000	20.2937176405194	20.3794617345574	8.57440940380414
chr_21	2200000	2210000	20.3794617345574	20.4402097097625	6.0747975205075
chr_21	2210000	2220000	20.4402097097625	20.5595110218231	11.9301312060571
chr_21	2220000	2230000	20.5595110218231	20.6210260175109	6.15149956877907
chr_21	2230000	2240000	20.6210260175109	20.6768754866312	5.58494691203677
chr_21	2240000	2250000	20.6768754866312	20.7270423030986	5.0166816467371
chr_21	2250000	2260000	20.7270423030986	20.782555640604	5.55133375054098
chr_21	2260000	2270000	20.782555640604	20.8216915587217	3.91359181176796
chr_21	2270000	2280000	20.8216915587217	20.8496794345644	2.79878758427081
chr_21	2280000	2290000	20.8496794345644	20.8658965614112	1.62171268468256
chr_21	2290000	2300000	20.8658965614112	20.8821207229788	1.6224161567596
chr_21	2300000	2310000	20.8821207229788	20.8966630181662	1.454229518734
chr_21	2310000	2320000	20.8966630181662	20.9151562235096	1.8493205343411
chr_21	2320000	2330000	20.9151562235096	20.9358368398356	2.06806163259969
chr_21	2330000	2340000	20.9358368398356	20.9734299762887	3.75931364531006
chr_21	2340000	2350000	20.9734299762887	20.9959890804177	2.25591041290265
chr_21	2350000	2360000	20.9959890804177	21.0058564235095	0.986734309176285
chr_21	2360000	2370000	21.0058564235095	21.0133062764855	0.744985297603762
chr_21	2370000	2380000	21.0133062764855	21.0272673749358	1.39610984503236
chr_21	2380000	2390000	21.0272673749358	21.0433942046545	1.61268297186474
chr_21	2390000	2400000	21.0433942046545	21.0647623041398	2.13680994853362
chr_21	2400000	2410000	21.0647623041398	21.0937167359875	2.89544318477297
chr_21	2410000	2420000	21.0937167359875	21.1166193902807	2.2902654293155
chr_21	2420000	2430000	21.1166193902807	21.1281435345973	1.15241443165992
chr_21	2430000	2440000	21.1281435345973	21.1606649383001	3.25214037027699
chr_21	2440000	2450000	21.1606649383001	21.2031387158525	4.24737775524768
chr_21	2450000	2460000	21.2031387158525	21.2421553077092	3.90165918566439
chr_21	2460000	2470000	21.2421553077092	21.3082896637468	6.61343560376189
chr_21	2470000	2480000	21.3082896637468	21.3567145969641	4.84249332173299
chr_21	2480000	2490000	21.3567145969641	21.4168638730613	6.0149276097146
chr_21	2490000	2500000	21.4168638730613	21.4895104111229	7.26465380616155
chr_21	2500000	2510000	21.4895104111229	21.5421273182798	5.26169071568603
chr_21	2510000	2520000	21.5421273182798	21.6076037856509	6.54764673711163
chr_21	2520000	2530000	21.6076037856509	21.6967470560699	8.91432704190649
chr_21	2530000	2540000	21.6967470560699	21.7775880493618	8.08409932919041
chr_21	2540000	2550000	21.7775880493618	21.8669238661401	8.93358167782559
chr_21	2550000	2560000	21.8669238661401	21.9389848688127	7.20610026725588
chr_21	2560000	2570000	21.9389848688127	21.996118121184	5.71332523713615
chr_21	2570000	2580000	21.996118121184	22.0486606672601	5.25425460760296
chr_21	2580000	2590000	22.0486606672601	22.1184469029263	6.97862356662959
chr_21	2590000	2600000	22.1184469029263	22.1785448305018	6.00979275754945
chr_21	2600000	2610000	22.1785448305018	22.2267315599732	4.81867294713858
chr_21	2610000	2620000	22.2267315599732	22.290987749539	6.4256189565814
chr_21	2620000	2630000	22.290987749539	22.3440425700777	5.30548205386197
chr_21	2630000	2640000	22.3440425700777	22.4085387497511	6.44961796734478
chr_21	2640000	2650000	22.4085387497511	22.4685312214479	5.99924716967593
chr_21	2650000	2660000	22.4685312214479	22.5968563860377	12.8325164589857
chr_21	2660000	2670000	22.5968563860377	22.6684452517961	7.15888657583861
chr_21	2670000	2680000	22.6684452517961	22.7514071176604	8.2961865864295
chr_21	2680000	2690000	22.7514071176604	22.8074435786087	5.60364609482917
chr_21	2690000	2700000	22.8074435786087	22.8716327840771	6.41892054684128
chr_21	2700000	2710000	22.8716327840771	22.942205504368	7.05727202909223
chr_21	2710000	2720000	22.942205504368	22.9785708318895	3.63653275214233
chr_21	2720000	2730000	22.9785708318895	22.9989524082786	2.03815763891804
chr_21	2730000	2740000	22.9989524082786	23.0252664913547	2.6314083076084
chr_21	2740000	2750000	23.0252664913547	23.0632628862477	3.79963948929998
chr_21	2750000	2760000	23.0632628862477	23.0996298206516	3.63669344038726
chr_21	2760000	2770000	23.0996298206516	23.1392483987551	3.96185781035108
chr_21	2770000	2780000	23.1392483987551	23.1923558363766	5.31074376215415
chr_21	2780000	2790000	23.1923558363766	23.2370751408495	4.47193044728067
chr_21	2790000	2800000	23.2370751408495	23.2779105066633	4.08353658138516
chr_21	2800000	2810000	23.2779105066633	23.3651416503451	8.72311436817697
chr_21	2810000	2820000	23.3651416503451	23.4124845697631	4.73429194180106
chr_21	2820000	2830000	23.4124845697631	23.4811855268287	6.87009570656585
chr_21	2830000	2840000	23.4811855268287	23.5609900859413	7.98045591125103
chr_21	2840000	2850000	23.5609900859413	23.6369382294838	7.59481435425862
chr_21	2850000	2860000	23.6369382294838	23.7149035524393	7.7965322955464
chr_21	2860000	2870000	23.7149035524393	23.7856734041272	7.07698516878672
chr_21	2870000	2880000	23.7856734041272	23.8704922751414	8.48188710142139
chr_21	2880000	2890000	23.8704922751414	23.9580076529941	8.75153778527462
chr_21	2890000	2900000	23.9580076529941	24.0211722537151	6.31646007209952
chr_21	2900000	2910000	24.0211722537151	24.104749522271	8.35772685558247
chr_21	2910000	2920000	24.104749522271	24.1458346597448	4.10851374738463
chr_21	2920000	2930000	24.1458346597448	24.1810179880762	3.51833283313958
chr_21	2930000	2940000	24.1810179880762	24.2100351901096	2.90172020334367
chr_21	2940000	2950000	24.2100351901096	24.2723523721815	6.23171820718689
chr_21	2950000	2960000	24.2723523721815	24.3162937250956	4.39413529140644
chr_21	2960000	2970000	24.3162937250956	24.3754238510548	5.91301259592356
chr_21	2970000	2980000	24.3754238510548	24.5301742014612	15.4750350406434
chr_21	2980000	2990000	24.5301742014612	24.6633047470038	13.3130545542521
chr_21	2990000	3000000	24.6633047470038	24.7274329399102	6.41281929063986
chr_21	3000000	3010000	24.7274329399102	24.7624909408624	3.50580009522474
chr_21	3010000	3020000	24.7624909408624	24.8307636061079	6.82726652455266
chr_21	3020000	3030000	24.8307636061079	24.8971545324894	6.63909263814872
chr_21	3030000	3040000	24.8971545324894	24.9419880984891	4.48335659997312
chr_21	3040000	3050000	24.9419880984891	24.9591518901232	1.71637916340899
chr_21	3050000	3060000	24.9591518901232	24.9861587674391	2.70068773158769
chr_21	3060000	3070000	24.9861587674391	25.0562272183485	7.00684509094138
chr_21	3070000	3080000	25.0562272183485	25.0855773967291	2.93501783806214
chr_21	3080000	3090000	25.0855773967291	25.1413266450232	5.57492482940738
chr_21	3090000	3100000	25.1413266450232	25.173549937136	3.22232921127679
chr_21	3100000	3110000	25.173549937136	25.1847870632872	1.12371261512472
chr_21	3110000	3120000	25.1847870632872	25.2045098381752	1.97227748879456
chr_21	3120000	3130000	25.2045098381752	25.2123718194517	0.786198127648419
chr_21	3130000	3140000	25.2123718194517	25.2253649939409	1.29931744892637
chr_21	3140000	3150000	25.2253649939409	25.2332734957813	0.79085018403795
chr_21	3150000	3160000	25.2332734957813	25.2458107685612	1.2537272779884
chr_21	3160000	3170000	25.2458107685612	25.267464063583	2.16532950218564
chr_21	3170000	3180000	25.267464063583	25.2898250941631	2.23610305800364
chr_21	3180000	3190000	25.2898250941631	25.3155111159153	2.56860217521719
chr_21	3190000	3200000	25.3155111159153	25.3711326859188	5.56215700035132
chr_21	3200000	3210000	25.3711326859188	25.4369743093076	6.58416233887849
chr_21	3210000	3220000	25.4369743093076	25.4556631996211	1.86888903135696
chr_21	3220000	3230000	25.4556631996211	25.4778195144237	2.21563148025901
chr_21	3230000	3240000	25.4778195144237	25.5082182571718	3.0398742748055
chr_21	3240000	3250000	25.5082182571718	25.5363722194001	2.81539622283269
chr_21	3250000	3260000	25.5363722194001	25.5623116628999	2.5939443499766
chr_21	3260000	3270000	25.5623116628999	25.5857332468824	2.34215839825254
chr_21	3270000	3280000	25.5857332468824	25.6481165022221	6.23832553397321
chr_21	3280000	3290000	25.6481165022221	25.6766299758122	2.8513473590035
chr_21	3290000	3300000	25.6766299758122	25.7174157281867	4.07857523745925
chr_21	3300000	3310000	25.7174157281867	25.7909562188257	7.35404906389405
chr_21	3310000	3320000	25.7909562188257	25.8205228364078	2.95666175820912
chr_21	3320000	3330000	25.8205228364078	25.8484646159433	2.79417795355705
chr_21	3330000	3340000	25.8484646159433	25.8776026249017	2.91380089583555
chr_21	3340000	3350000	25.8776026249017	25.9150768169322	3.74741920304977
chr_21	3350000	3360000	25.9150768169322	25.9439973677738	2.89205508416259
chr_21	3360000	3370000	25.9439973677738	25.9655811811318	2.15838133579815
chr_21	3370000	3380000	25.9655811811318	26.002647207517	3.70660263852258
chr_21	3380000	3390000	26.002647207517	26.0319493940917	2.93021865746574
chr_21	3390000	3400000	26.0319493940917	26.0586934777117	2.67440836200272
chr_21	3400000	3410000	26.0586934777117	26.0944214513611	3.57279736493403
chr_21	3410000	3420000	26.0944214513611	26.1597585424752	6.53370911141309
chr_21	3420000	3430000	26.1597585424752	26.1962530002261	3.64944577508695
chr_21	3430000	3440000	26.1962530002261	26.248772213502	5.25192132759642
chr_21	3440000	3450000	26.248772213502	26.3789594275928	13.0187214090771
chr_21	3450000	3460000	26.3789594275928	26.4492033384727	7.02439108798778
chr_21	3460000	3470000	26.4492033384727	26.4853077223728	3.61043839001667
chr_21	3470000	3480000	26.4853077223728	26.5359132679318	5.06055455589447
chr_21	3480000	3490000	26.5359132679318	26.5772344218616	4.13211539297826
chr_21	3490000	3500000	26.5772344218616	26.639058844403	6.18244225413989
chr_21	3500000	3510000	26.639058844403	26.6719335013979	3.28746569949523
chr_21	3510000	3520000	26.6719335013979	26.7113562006638	3.94226992658488
chr_21	3520000	3530000	26.7113562006638	26.7337045359569	2.2348335293124
chr_21	3530000	3540000	26.7337045359569	26.7477431906298	1.40386546729445
chr_21	3540000	3550000	26.7477431906298	26.7736422416436	2.58990510137806
chr_21	3550000	3560000	26.7736422416436	26.8067715314992	3.31292898555695
chr_21	3560000	3570000	26.8067715314992	26.8433657431442	3.65942116450206
chr_21	3570000	3580000	26.8433657431442	26.8837825395139	4.0416796369648
chr_21	3580000	3590000	26.8837825395139	26.9297249415815	4.59424020676842
chr_21	3590000	3600000	26.9297249415815	26.9740840217628	4.43590801813052
chr_21	3600000	3610000	26.9740840217628	27.0276132167641	5.35291950012429
chr_21	3610000	3620000	27.0276132167641	27.0433875058939	1.57742891297943
chr_21	3620000	3630000	27.0433875058939	27.0560947960176	1.27072901237248
chr_21	3630000	3640000	27.0560947960176	27.0715220654648	1.5427269447148
chr_21	3640000	3650000	27.0715220654648	27.0820775236909	1.05554582261327
chr_21	3650000	3660000	27.0820775236909	27.0951557789266	1.30782552357473
chr_21	3660000	3670000	27.0951557789266	27.1212895605156	2.61337815889178
chr_21	3670000	3680000	27.1212895605156	27.1537073848827	3.24178243671049
chr_21	3680000	3690000	27.1537073848827	27.1848264512334	3.11190663507332
chr_21	3690000	3700000	27.1848264512334	27.2070608052927	2.22343540593393
chr_21	3700000	3710000	27.2070608052927	27.2278544512079	2.07936459152158
chr_21	3710000	3720000	27.2278544512079	27.2518889535371	2.40345023291937
chr_21	3720000	3730000	27.2518889535371	27.2737307347499	2.18417812127107
chr_21	3730000	3740000	27.2737307347499	27.3077676442637	3.40369095138868
chr_21	3740000	3750000	27.3077676442637	27.3316883983228	2.39207540590201
chr_21	3750000	3760000	27.3316883983228	27.3429671642958	1.12787659730103
chr_21	3760000	3770000	27.3429671642958	27.3566321324099	1.36649681141421
chr_21	3770000	3780000	27.3566321324099	27.3694739992684	1.28418668584729
chr_21	3780000	3790000	27.3694739992684	27.3902043551678	2.07303558994489
chr_21	3790000	3800000	27.3902043551678	27.4180407986208	2.7836443452955
chr_21	3800000	3810000	27.4180407986208	27.4403583210416	2.23175224207637
chr_21	3810000	3820000	27.4403583210416	27.4724744801513	3.21161591097479
chr_21	3820000	3830000	27.4724744801513	27.5070604317532	3.45859516018834
chr_21	3830000	3840000	27.5070604317532	27.5156653319295	0.86049001762909
chr_21	3840000	3850000	27.5156653319295	27.5297471830952	1.40818511657521
chr_21	3850000	3860000	27.5297471830952	27.5534908425488	2.37436594535403
chr_21	3860000	3870000	27.5534908425488	27.5674510190329	1.39601764841188
chr_21	3870000	3880000	27.5674510190329	27.6062695800408	3.88185610078722
chr_21	3880000	3890000	27.6062695800408	27.6186826030835	1.24130230427539
chr_21	3890000	3900000	27.6186826030835	27.6307256498321	1.20430467485981
chr_21	3900000	3910000	27.6307256498321	27.6439088825893	1.31832327572283
chr_21	3910000	3920000	27.6439088825893	27.6631750398018	1.92661572124457
chr_21	3920000	3930000	27.6631750398018	27.6761782441158	1.30032043139785
chr_21	3930000	3940000	27.6761782441158	27.6936698542508	1.74916101350284
chr_21	3940000	3950000	27.6936698542508	27.717678494836	2.40086405851621
chr_21	3950000	3960000	27.717678494836	27.7354693687024	1.77908738664811
chr_21	3960000	3970000	27.7354693687024	27.7621148318611	2.66454631587152
chr_21	3970000	3980000	27.7621148318611	27.7883695187703	2.62546869091196
chr_21	3980000	3990000	27.7883695187703	27.8094069362914	2.10374175211712
chr_21	3990000	4000000	27.8094069362914	27.820017964112	1.06110278205165
chr_21	4000000	4010000	27.820017964112	27.8277925713563	0.777460724437873
chr_21	4010000	4020000	27.8277925713563	27.83562877351	0.783620215367264
chr_21	4020000	4030000	27.83562877351	27.8526735010626	1.7044727552566
chr_21	4030000	4040000	27.8526735010626	27.8818365217837	2.91630207211355
chr_21	4040000	4050000	27.8818365217837	27.9130782791739	3.12417573902195
chr_21	4050000	4060000	27.9130782791739	27.9453957259043	3.23174467304206
chr_21	4060000	4070000	27.9453957259043	27.9831623072173	3.77665813129369
chr_21	4070000	4080000	27.9831623072173	28.0118663999846	2.8704092767299
chr_21	4080000	4090000	28.0118663999846	28.0347340705887	2.28676706041533
chr_21	4090000	4100000	28.0347340705887	28.0586832479241	2.39491773353961
chr_21	4100000	4110000	28.0586832479241	28.0829842267614	2.4300978837303
chr_21	4110000	4120000	28.0829842267614	28.1077596739205	2.47754471591115
chr_21	4120000	4130000	28.1077596739205	28.1356255292015	2.78658552809077
chr_21	4130000	4140000	28.1356255292015	28.1738070322087	3.81815030072765
chr_21	4140000	4150000	28.1738070322087	28.1980978917108	2.42908595020239
chr_21	4150000	4160000	28.1980978917108	28.2259546963628	2.78568046520213
chr_21	4160000	4170000	28.2259546963628	28.2598112692685	3.38565729057621
chr_21	4170000	4180000	28.2598112692685	28.2833501151131	2.35388458445307
chr_21	4180000	4190000	28.2833501151131	28.3028637712141	1.95136561010116
chr_21	4190000	4200000	28.3028637712141	28.3281804331593	2.53166619452116
chr_21	4200000	4210000	28.3281804331593	28.3554272455781	2.72468124187881
chr_21	4210000	4220000	28.3554272455781	28.3807583471788	2.53311016006776
chr_21	4220000	4230000	28.3807583471788	28.411664043459	3.09056962802288
chr_21	4230000	4240000	28.411664043459	28.4411143952349	2.94503517758926
chr_21	4240000	4250000	28.4411143952349	28.470174777258	2.90603820231503
chr_21	4250000	4260000	28.470174777258	28.5017354320073	3.15606547493061
chr_21	4260000	4270000	28.5017354320073	28.5321434780932	3.04080460858742
chr_21	4270000	4280000	28.5321434780932	28.5566632217094	2.45197436162172
chr_21	4280000	4290000	28.5566632217094	28.5874303934032	3.07671716937996
chr_21	4290000	4300000	28.5874303934032	28.6160646191425	2.86342257393137
chr_21	4300000	4310000	28.6160646191425	28.6466349124146	3.05702932720529
chr_21	4310000	4320000	28.6466349124146	28.6730192884861	2.63843760714799
chr_21	4320000	4330000	28.6730192884861	28.7031808777981	3.01615893120335
chr_21	4330000	4340000	28.7031808777981	28.7321251400063	2.89442622081495
chr_21	4340000	4350000	28.7321251400063	28.7659462900343	3.38211500280181
chr_21	4350000	4360000	28.7659462900343	28.7961511503181	3.02048602838347
chr_21	4360000	4370000	28.7961511503181	28.8236009006307	2.74497503126234
chr_21	4370000	4380000	28.8236009006307	28.8513937708943	2.77928702635215
chr_21	4380000	4390000	28.8513937708943	28.8747177281813	2.33239572870545
chr_21	4390000	4400000	28.8747177281813	28.8941357228485	1.94179946671582
chr_21	4400000	4410000	28.8941357228485	28.9073129196868	1.31771968383489
chr_21	4410000	4420000	28.9073129196868	28.9255791151311	1.82661954442729
chr_21	4420000	4430000	28.9255791151311	28.9417978555245	1.62187403934269
chr_21	4430000	4440000	28.9417978555245	28.9570419357768	1.52440802522982
chr_21	4440000	4450000	28.9570419357768	28.9773841493948	2.03422136180009
chr_21	4450000	4460000	28.9773841493948	28.9942722830609	1.68881336660611
chr_21	4460000	4470000	28.9942722830609	29.0171543961809	2.28821131200121
chr_21	4470000	4480000	29.0171543961809	29.0371961817841	2.00417856031976
chr_21	4480000	4490000	29.0371961817841	29.0543897340043	1.71935522202169
chr_21	4490000	4500000	29.0543897340043	29.0705245017358	1.6134767731522
chr_21	4500000	4510000	29.0705245017358	29.0904424239122	1.99179221763757
chr_21	4510000	4520000	29.0904424239122	29.1135206041022	2.30781801899909
chr_21	4520000	4530000	29.1135206041022	29.129678025938	1.61574218357927
chr_21	4530000	4540000	29.129678025938	29.1475499226194	1.78718966814237
chr_21	4540000	4550000	29.1475499226194	29.1634032697365	1.58533471170479
chr_21	4550000	4560000	29.1634032697365	29.1846170782463	2.12138085098736
chr_21	4560000	4570000	29.1846170782463	29.2000430208177	1.54259425714152
chr_21	4570000	4580000	29.2000430208177	29.220749343761	2.07063229432158
chr_21	4580000	4590000	29.220749343761	29.2379313163958	1.71819726347913
chr_21	4590000	4600000	29.2379313163958	29.2581998278137	2.02685114179104
chr_21	4600000	4610000	29.2581998278137	29.2810896730048	2.28898451910879
chr_21	4610000	4620000	29.2810896730048	29.3028310335326	2.1741360527848
chr_21	4620000	4630000	29.3028310335326	29.3185197996309	1.56887660983216
chr_21	4630000	4640000	29.3185197996309	29.3282112050333	0.9691405402382
chr_21	4640000	4650000	29.3282112050333	29.3393620311126	1.11508260793194
chr_21	4650000	4660000	29.3393620311126	29.3521345535564	1.2772522443786
chr_21	4660000	4670000	29.3521345535564	29.3656552108045	1.35206572480513
chr_21	4670000	4680000	29.3656552108045	29.3803928619714	1.4737651166957
chr_21	4680000	4690000	29.3803928619714	29.3938154118862	1.34225499147682
chr_21	4690000	4700000	29.3938154118862	29.4080949819265	1.42795700403653
chr_21	4700000	4710000	29.4080949819265	29.4217388598623	1.3643877935742
chr_21	4710000	4720000	29.4217388598623	29.444514622629	2.27757627666598
chr_21	4720000	4730000	29.444514622629	29.4714264537364	2.69118311074266
chr_21	4730000	4740000	29.4714264537364	29.4971480179484	2.57215642119952
chr_21	4740000	4750000	29.4971480179484	29.5146799914292	1.75319734808213
chr_21	4750000	4760000	29.5146799914292	29.5327439406064	1.80639491771721
chr_21	4760000	4770000	29.5327439406064	29.5442816273523	1.15376867459602
chr_21	4770000	4780000	29.5442816273523	29.5550712779667	1.07896506143703
chr_21	4780000	4790000	29.5550712779667	29.571452976867	1.63816989003429
chr_21	4790000	4800000	29.571452976867	29.606530673516	3.50776966489192
chr_21	4800000	4810000	29.606530673516	29.6943375868201	8.78069133041066
chr_21	4810000	4820000	29.6943375868201	29.7789083348936	8.45707480735243
chr_21	4820000	4830000	29.7789083348936	29.8861045089384	10.7196174044784
chr_21	4830000	4840000	29.8861045089384	30.0180847799051	13.1980270966718
chr_21	4840000	4850000	30.0180847799051	30.1716566781856	15.3571898280514
chr_21	4850000	4860000	30.1716566781856	30.247834785112	7.61781069264167
chr_21	4860000	4870000	30.247834785112	30.3142360289072	6.6401243795184
chr_21	4870000	4880000	30.3142360289072	30.3747714789231	6.05354500158448
chr_21	4880000	4890000	30.3747714789231	30.4427967618812	6.80252829581853
chr_21	4890000	4900000	30.4427967618812	30.509613141243	6.68163793618071
chr_21	4900000	4910000	30.509613141243	30.5742585678965	6.46454266534313
chr_21	4910000	4920000	30.5742585678965	30.6303625318638	5.61039639673062
chr_21	4920000	4930000	30.6303625318638	30.6985471523403	6.81846204765115
chr_21	4930000	4940000	30.6985471523403	30.777984471392	7.94373190517241
chr_21	4940000	4950000	30.777984471392	30.8454894620521	6.75049906601153
chr_21	4950000	4960000	30.8454894620521	30.9104541137702	6.49646517180358
chr_21	4960000	4970000	30.9104541137702	30.9712121955022	6.07580817320041
chr_21	4970000	4980000	30.9712121955022	31.0663668023816	9.51546068794116
chr_21	4980000	4990000	31.0663668023816	31.1436753712743	7.73085688926862
chr_21	4990000	5000000	31.1436753712743	31.2097825129209	6.61071416465866
chr_21	5000000	5010000	31.2097825129209	31.2521292730901	4.23467601692273
chr_21	5010000	5020000	31.2521292730901	31.2916144393559	3.94851662658517
chr_21	5020000	5030000	31.2916144393559	31.3503684221237	5.87539827678007
chr_21	5030000	5040000	31.3503684221237	31.4068746635671	5.65062414433299
chr_21	5040000	5050000	31.4068746635671	31.4673892378313	6.05145742641859
chr_21	5050000	5060000	31.4673892378313	31.5376956277069	7.03063898756966
chr_21	5060000	5070000	31.5376956277069	31.6123744739705	7.46788462635131
chr_21	5070000	5080000	31.6123744739705	31.6771695351929	6.47950612224157
chr_21	5080000	5090000	31.6771695351929	31.7392645111855	6.20949759925864
chr_21	5090000	5100000	31.7392645111855	31.7924543991517	5.31898879662478
chr_21	5100000	5110000	31.7924543991517	31.8603367845092	6.7882385357489
chr_21	5110000	5120000	31.8603367845092	31.9258236112644	6.54868267552295
chr_21	5120000	5130000	31.9258236112644	31.9882146324359	6.23910211714822
chr_21	5130000	5140000	31.9882146324359	32.0555146776076	6.73000451716561
chr_21	5140000	5150000	32.0555146776076	32.1379009586051	8.23862809975111
chr_21	5150000	5160000	32.1379009586051	32.1959582112298	5.80572526246925
chr_21	5160000	5170000	32.1959582112298	32.2345626004669	3.86043892371433
chr_21	5170000	5180000	32.2345626004669	32.2772658769609	4.27032764940094
chr_21	5180000	5190000	32.2772658769609	32.3035252814404	2.62594044795037
chr_21	5190000	5200000	32.3035252814404	32.3273890644678	2.38637830274087
chr_21	5200000	5210000	32.3273890644678	32.3620644355842	3.46753711163501
chr_21	5210000	5220000	32.3620644355842	32.3862915359001	2.42271003159331
chr_21	5220000	5230000	32.3862915359001	32.4085507312253	2.22591953251339
chr_21	5230000	5240000	32.4085507312253	32.428109564797	1.95588335717574
chr_21	5240000	5250000	32.428109564797	32.4521481945321	2.40386297350526
chr_21	5250000	5260000	32.4521481945321	32.4827210948994	3.05729003673747
chr_21	5260000	5270000	32.4827210948994	32.5128186504207	3.00975555212304
chr_21	5270000	5280000	32.5128186504207	32.5396413307004	2.68226802797074
chr_21	5280000	5290000	32.5396413307004	32.5745198447673	3.48785140669605
chr_21	5290000	5300000	32.5745198447673	32.6097009692785	3.51811245111335
chr_21	5300000	5310000	32.6097009692785	32.6545086463322	4.48076770537114
chr_21	5310000	5320000	32.6545086463322	32.6853315628914	3.0822916559238
chr_21	5320000	5330000	32.6853315628914	32.7081082554034	2.27766925119326
chr_21	5330000	5340000	32.7081082554034	32.7369550844941	2.88468290907957
chr_21	5340000	5350000	32.7369550844941	32.7644290814365	2.74739969423621
chr_21	5350000	5360000	32.7644290814365	32.7893482449126	2.49191634760493
chr_21	5360000	5370000	32.7893482449126	32.8156737103161	2.63254654035592
chr_21	5370000	5380000	32.8156737103161	32.8416951026743	2.60213923581674
chr_21	5380000	5390000	32.8416951026743	32.8637436510999	2.20485484256301
chr_21	5390000	5400000	32.8637436510999	32.8893596669198	2.56160158198426
chr_21	5400000	5410000	32.8893596669198	32.9199897362012	3.06300692814503
chr_21	5410000	5420000	32.9199897362012	32.9433107297826	2.33209935813861
chr_21	5420000	5430000	32.9433107297826	32.9705773021205	2.72665723379291
chr_21	5430000	5440000	32.9705773021205	32.9975133140396	2.69360119190836
chr_21	5440000	5450000	32.9975133140396	33.0277765648445	3.02632508048646
chr_21	5450000	5460000	33.0277765648445	33.0479467126806	2.01701478361471
chr_21	5460000	5470000	33.0479467126806	33.0734424593702	2.54957466896286
chr_21	5470000	5480000	33.0734424593702	33.0947977810056	2.13553216353972
chr_21	5480000	5490000	33.0947977810056	33.1161293373982	2.13315563925534
chr_21	5490000	5500000	33.1161293373982	33.1366632861473	2.05339487490619
chr_21	5500000	5510000	33.1366632861473	33.1581273543006	2.14640681533567
chr_21	5510000	5520000	33.1581273543006	33.1973825625648	3.92552082641799
chr_21	5520000	5530000	33.1973825625648	33.2200979507234	2.27153881586517
chr_21	5530000	5540000	33.2200979507234	33.2512903156374	3.11923649139985
chr_21	5540000	5550000	33.2512903156374	33.2735100008042	2.22196851667178
chr_21	5550000	5560000	33.2735100008042	33.2927816127999	1.92716119957552
chr_21	5560000	5570000	33.2927816127999	33.3122346170544	1.94530042544514
chr_21	5570000	5580000	33.3122346170544	33.3483959485928	3.61613315384304
chr_21	5580000	5590000	33.3483959485928	33.4185412803019	7.01453317090639
chr_21	5590000	5600000	33.4185412803019	33.4670001134978	4.84588331959444
chr_21	5600000	5610000	33.4670001134978	33.4925480644449	2.5547950947086
chr_21	5610000	5620000	33.4925480644449	33.4964313844179	0.388331997299218
chr_21	5620000	5630000	33.4964313844179	33.5003657185875	0.393433416962807
chr_21	5630000	5640000	33.5003657185875	33.5043035876485	0.393786906100502
chr_21	5640000	5650000	33.5043035876485	33.5082414567095	0.393786906099791
chr_21	5650000	5660000	33.5082414567095	33.5121793257705	0.393786906100502
chr_21	5660000	5670000	33.5121793257705	33.5161171948315	0.393786906100502
chr_21	5670000	5680000	33.5161171948315	33.5200550638925	0.393786906099791
chr_21	5680000	5690000	33.5200550638925	33.5239929329535	0.393786906100502
chr_21	5690000	5700000	33.5239929329535	33.5291259764341	0.513304348061183
chr_21	5700000	5710000	33.5291259764341	33.5405402245387	1.1414248104586
chr_21	5710000	5720000	33.5405402245387	33.5564560041481	1.59157796094007
chr_21	5720000	5730000	33.5564560041481	33.5817802596561	2.53242555079964
chr_21	5730000	5740000	33.5817802596561	33.6058291482362	2.40488885800971
chr_21	5740000	5750000	33.6058291482362	33.6277720548107	2.19429065745018
chr_21	5750000	5760000	33.6277720548107	33.6764108521298	4.86387973191142
chr_21	5760000	5770000	33.6764108521298	33.721085246435	4.46743943051189
chr_21	5770000	5780000	33.721085246435	33.7629942820747	4.19090356397049
chr_21	5780000	5790000	33.7629942820747	33.7935933468419	3.05990647672729
chr_21	5790000	5800000	33.7935933468419	33.8408007363474	4.72073895054947
chr_21	5800000	5810000	33.8408007363474	33.8740176882782	3.3216951930811
chr_21	5810000	5820000	33.8740176882782	33.9061986129556	3.21809246773483
chr_21	5820000	5830000	33.9061986129556	33.9307894554306	2.45908424749715
chr_21	5830000	5840000	33.9307894554306	33.9492877646794	1.8498309248848
chr_21	5840000	5850000	33.9492877646794	34.0559607265753	10.6672961895889
chr_21	5850000	5860000	34.0559607265753	34.1048023209552	4.88415943799225
chr_21	5860000	5870000	34.1048023209552	34.1427092485159	3.79069275606909
chr_21	5870000	5880000	34.1427092485159	34.1887822132892	4.6072964773316
chr_21	5880000	5890000	34.1887822132892	34.2714035407606	8.26213274713723
chr_21	5890000	5900000	34.2714035407606	34.3760614939002	10.4657953139622
chr_21	5900000	5910000	34.3760614939002	34.519104677923	14.3043184022808
chr_21	5910000	5920000	34.519104677923	34.5926719505816	7.35672726585506
chr_21	5920000	5930000	34.5926719505816	34.7491947576483	15.6522807066715
chr_21	5930000	5940000	34.7491947576483	34.8841176523124	13.4922894664101
chr_21	5940000	5950000	34.8841176523124	34.9652531109008	8.1135458588399
chr_21	5950000	5960000	34.9652531109008	35.1456172010741	18.0364090173292
chr_21	5960000	5970000	35.1456172010741	35.228776132628	8.31589315539532
chr_21	5970000	5980000	35.228776132628	35.2808774766257	5.21013439976983
chr_21	5980000	5990000	35.2808774766257	35.3438595994978	6.29821228720147
chr_21	5990000	6000000	35.3438595994978	35.4702511921981	12.639159270033
chr_21	6000000	6010000	35.4702511921981	35.5557244895033	8.54732973052208
chr_21	6010000	6020000	35.5557244895033	35.64356823676	8.78437472566773
chr_21	6020000	6030000	35.64356823676	35.6983180485525	5.47498117925258
chr_21	6030000	6040000	35.6983180485525	35.7814277639591	8.31097154066143
chr_21	6040000	6050000	35.7814277639591	35.8116988335313	3.02710695722155
chr_21	6050000	6060000	35.8116988335313	35.8694632338498	5.7764400318419
chr_21	6060000	6070000	35.8694632338498	35.9017996953432	3.23364614934576
chr_21	6070000	6080000	35.9017996953432	35.9487087041445	4.69090088013147
chr_21	6080000	6090000	35.9487087041445	35.969318383607	2.06096794624955
chr_21	6090000	6100000	35.969318383607	35.9972308387823	2.79124551752261
chr_21	6100000	6110000	35.9972308387823	36.0209330955178	2.37022567355041
chr_21	6110000	6120000	36.0209330955178	36.0338129140533	1.28798185355947
chr_21	6120000	6130000	36.0338129140533	36.0485957825874	1.47828685340841
chr_21	6130000	6140000	36.0485957825874	36.064174335627	1.55785530395463
chr_21	6140000	6150000	36.064174335627	36.0899707890358	2.57964534088231
chr_21	6150000	6160000	36.0899707890358	36.1151257972475	2.51550082116694
chr_21	6160000	6170000	36.1151257972475	36.1407229980834	2.55972008359109
chr_21	6170000	6180000	36.1407229980834	36.1784603197904	3.77373217070627
chr_21	6180000	6190000	36.1784603197904	36.2071161233766	2.86558035861688
chr_21	6190000	6200000	36.2071161233766	36.2533229696588	4.62068462822245
chr_21	6200000	6210000	36.2533229696588	36.3085280580138	5.52050883549455
chr_21	6210000	6220000	36.3085280580138	36.3411821372348	3.26540792210608
chr_21	6220000	6230000	36.3411821372348	36.4166794614267	7.54973241918222
chr_21	6230000	6240000	36.4166794614267	36.4800865542318	6.34070928051571
chr_21	6240000	6250000	36.4800865542318	36.5460261109493	6.59395567175096
chr_21	6250000	6260000	36.5460261109493	36.5971576368146	5.11315258652445
chr_21	6260000	6270000	36.5971576368146	36.6405482717806	4.33906349660376
chr_21	6270000	6280000	36.6405482717806	36.6939236539712	5.33753821905378
chr_21	6280000	6290000	36.6939236539712	36.7524103032329	5.84866492617522
chr_21	6290000	6300000	36.7524103032329	36.7947997818939	4.2389478660958
chr_21	6300000	6310000	36.7947997818939	36.8408307759542	4.6030994060331
chr_21	6310000	6320000	36.8408307759542	36.8960758477232	5.52450717690078
chr_21	6320000	6330000	36.8960758477232	36.9290062024741	3.29303547508957
chr_21	6330000	6340000	36.9290062024741	36.95827922953	2.92730270558934
chr_21	6340000	6350000	36.95827922953	37.0043629592412	4.60837297111993
chr_21	6350000	6360000	37.0043629592412	37.0384998941406	3.41369348994576
chr_21	6360000	6370000	37.0384998941406	37.0799143337191	4.14144395784177
chr_21	6370000	6380000	37.0799143337191	37.1280647865878	4.81504528687324
chr_21	6380000	6390000	37.1280647865878	37.1694756018611	4.14108152733377
chr_21	6390000	6400000	37.1694756018611	37.204987766953	3.55121650918591
chr_21	6400000	6410000	37.204987766953	37.2510192015999	4.60314346468707
chr_21	6410000	6420000	37.2510192015999	37.3032909526902	5.22717510902879
chr_21	6420000	6430000	37.3032909526902	37.3503344727701	4.70435200799457
chr_21	6430000	6440000	37.3503344727701	37.4013609976301	5.10265248599637
chr_21	6440000	6450000	37.4013609976301	37.4417936316262	4.04326339961187
chr_21	6450000	6460000	37.4417936316262	37.470777466589	2.89838349628155
chr_21	6460000	6470000	37.470777466589	37.5091738487878	3.83963821988473
chr_21	6470000	6480000	37.5091738487878	37.5256703184009	1.6496469613017
chr_21	6480000	6490000	37.5256703184009	37.6277492150395	10.2078896638588
chr_21	6490000	6500000	37.6277492150395	37.71054465834	8.27954433005118
chr_21	6500000	6510000	37.71054465834	37.8030242802444	9.24796219044737
chr_21	6510000	6520000	37.8030242802444	37.8261244950372	2.31002147927271
chr_21	6520000	6530000	37.8261244950372	37.8520455207544	2.59210257172739
chr_21	6530000	6540000	37.8520455207544	37.8718521137063	1.9806592951845
chr_21	6540000	6550000	37.8718521137063	37.8818816474656	1.00295337592868
chr_21	6550000	6560000	37.8818816474656	37.8917027205028	0.982107303720881
chr_21	6560000	6570000	37.8917027205028	37.9125205598972	2.08178393944323
chr_21	6570000	6580000	37.9125205598972	37.9496064407253	3.70858808280516
chr_21	6580000	6590000	37.9496064407253	37.9809576734791	3.13512327538561
chr_21	6590000	6600000	37.9809576734791	38.0147886873	3.38310138208868
chr_21	6600000	6610000	38.0147886873	38.039942704456	2.51540171559554
chr_21	6610000	6620000	38.039942704456	38.0630607449205	2.31180404645883
chr_21	6620000	6630000	38.0630607449205	38.0833554823572	2.02947374366929
chr_21	6630000	6640000	38.0833554823572	38.1110419579784	2.76864756211452
chr_21	6640000	6650000	38.1110419579784	38.12966486954	1.86229115615717
chr_21	6650000	6660000	38.12966486954	38.15421511217	2.45502426300419
chr_21	6660000	6670000	38.15421511217	38.1832599337681	2.90448215980703
chr_21	6670000	6680000	38.1832599337681	38.2038087117458	2.05487779777087
chr_21	6680000	6690000	38.2038087117458	38.2238294648445	2.00207530987413
chr_21	6690000	6700000	38.2238294648445	38.2485486672232	2.47192023786695
chr_21	6700000	6710000	38.2485486672232	38.2750788867301	2.65302195069239
chr_21	6710000	6720000	38.2750788867301	38.3032444948197	2.81656080896227
chr_21	6720000	6730000	38.3032444948197	38.334255926006	3.10114311863074
chr_21	6730000	6740000	38.334255926006	38.3768301242261	4.25741982200236
chr_21	6740000	6750000	38.3768301242261	38.4147272214934	3.78970972673329
chr_21	6750000	6760000	38.4147272214934	38.4537500928689	3.90228713755292
chr_21	6760000	6770000	38.4537500928689	38.4919585859513	3.82084930823936
chr_21	6770000	6780000	38.4919585859513	38.5432286829315	5.12700969801685
chr_21	6780000	6790000	38.5432286829315	38.5871512020627	4.39225191311863
chr_21	6790000	6800000	38.5871512020627	38.6199824765936	3.28312745308921
chr_21	6800000	6810000	38.6199824765936	38.6572014730954	3.72189965018492
chr_21	6810000	6820000	38.6572014730954	38.6890710835981	3.18696105026888
chr_21	6820000	6830000	38.6890710835981	38.7177227082578	2.86516246596804
chr_21	6830000	6840000	38.7177227082578	38.758122703261	4.03999950032343
chr_21	6840000	6850000	38.758122703261	38.7964856688655	3.83629656044491
chr_21	6850000	6860000	38.7964856688655	38.8195438373167	2.30581684512643
chr_21	6860000	6870000	38.8195438373167	38.8473441373812	2.78003000644205
chr_21	6870000	6880000	38.8473441373812	38.8780581261005	3.07139887193486
chr_21	6880000	6890000	38.8780581261005	38.8981931573111	2.01350312105646
chr_21	6890000	6900000	38.8981931573111	38.913897522736	1.57043654249165
chr_21	6900000	6910000	38.913897522736	38.9431263507269	2.92288279908774
chr_21	6910000	6920000	38.9431263507269	38.9700671361003	2.69407853734833
chr_21	6920000	6930000	38.9700671361003	38.9949998014627	2.49326653623285
chr_21	6930000	6940000	38.9949998014627	39.0255736828178	3.05738813551386
chr_21	6940000	6950000	39.0255736828178	39.0558183130511	3.02446302333266
chr_21	6950000	6960000	39.0558183130511	39.0807042180507	2.48859049995573
chr_21	6960000	6970000	39.0807042180507	39.1040848729823	2.33806549316355
chr_21	6970000	6980000	39.1040848729823	39.1359039876759	3.18191146935618
chr_21	6980000	6990000	39.1359039876759	39.1607627788575	2.48587911815861
chr_21	6990000	7000000	39.1607627788575	39.1887190151135	2.79562362560455
chr_21	7000000	7010000	39.1887190151135	39.2079434379738	1.92244228602689
chr_21	7010000	7020000	39.2079434379738	39.2280570784035	2.01136404296562
chr_21	7020000	7030000	39.2280570784035	39.2497423473703	2.16852689668201
chr_21	7030000	7040000	39.2497423473703	39.2643822759578	1.46399285875063
chr_21	7040000	7050000	39.2643822759578	39.281848366869	1.74660909112063
chr_21	7050000	7060000	39.281848366869	39.3090896687164	2.72413018474396
chr_21	7060000	7070000	39.3090896687164	39.331632101157	2.2542432440531
chr_21	7070000	7080000	39.331632101157	39.3621925815371	3.05604803801174
chr_21	7080000	7090000	39.3621925815371	39.3876643679717	2.54717864346645
chr_21	7090000	7100000	39.3876643679717	39.4183689461904	3.07045782186322
chr_21	7100000	7110000	39.4183689461904	39.4615269452892	4.3157999098824
chr_21	7110000	7120000	39.4615269452892	39.5064738275442	4.49468822550045
chr_21	7120000	7130000	39.5064738275442	39.5318484697677	2.53746422234968
chr_21	7130000	7140000	39.5318484697677	39.5711124509947	3.92639812270303
chr_21	7140000	7150000	39.5711124509947	39.64778536558	7.66729145852878
chr_21	7150000	7160000	39.64778536558	39.7420928592692	9.4307493689179
chr_21	7160000	7170000	39.7420928592692	39.813840765301	7.17479060317814
chr_21	7170000	7180000	39.813840765301	39.9080727134111	9.42319481100782
chr_21	7180000	7190000	39.9080727134111	39.9706987114805	6.26259980694783
chr_21	7190000	7200000	39.9706987114805	40.055219843301	8.45211318204875
chr_21	7200000	7210000	40.055219843301	40.148057316514	9.28374732129669
chr_21	7210000	7220000	40.148057316514	40.2399143371228	9.18570206087921
chr_21	7220000	7230000	40.2399143371228	40.3709550909089	13.1040753786102
chr_21	7230000	7240000	40.3709550909089	40.4345936702043	6.36385792954428
chr_21	7240000	7250000	40.4345936702043	40.5004315232927	6.58378530884249
chr_21	7250000	7260000	40.5004315232927	40.6477462346196	14.7314711326828
chr_21	7260000	7270000	40.6477462346196	40.7708677710497	12.3121536430105
chr_21	7270000	7280000	40.7708677710497	40.8975276622518	12.6659891202102
chr_21	7280000	7290000	40.8975276622518	40.9980429448493	10.0515282597485
chr_21	7290000	7300000	40.9980429448493	41.0197301867881	2.16872419388423
chr_21	7300000	7310000	41.0197301867881	41.0633752479983	4.36450612101993
chr_21	7310000	7320000	41.0633752479983	41.1070203092085	4.36450612101922
chr_21	7320000	7330000	41.1070203092085	41.1520136452989	4.49933360904282
chr_21	7330000	7340000	41.1520136452989	41.193187664149	4.11740188501071
chr_21	7340000	7350000	41.193187664149	41.2265274689143	3.33398047653048
chr_21	7350000	7360000	41.2265274689143	41.319714785438	9.31873165236112
chr_21	7360000	7370000	41.319714785438	41.4914603278546	17.1745542416659
chr_21	7370000	7380000	41.4914603278546	41.5582487395391	6.67884116845343
chr_21	7380000	7390000	41.5582487395391	41.6060537240288	4.78049844896304
chr_21	7390000	7400000	41.6060537240288	41.6538587085184	4.78049844896589
chr_21	7400000	7410000	41.6538587085184	41.7016636930081	4.78049844896518
chr_21	7410000	7420000	41.7016636930081	41.7515441288985	4.98804358903868
chr_21	7420000	7430000	41.7515441288985	41.795751799078	4.42076701795386
chr_21	7430000	7440000	41.795751799078	41.8298742303692	3.41224312911734
chr_21	7440000	7450000	41.8298742303692	41.8796248341886	4.97506038194118
chr_21	7450000	7460000	41.8796248341886	41.9232941167004	4.36692825118143
chr_21	7460000	7470000	41.9232941167004	41.9867748330462	6.3480716345822
chr_21	7470000	7480000	41.9867748330462	42.0563919038931	6.961707084686
chr_21	7480000	7490000	42.0563919038931	42.1147782227333	5.8386318840256
chr_21	7490000	7500000	42.1147782227333	42.184105560436	6.93273377026884
chr_21	7500000	7510000	42.184105560436	42.2585024339651	7.43968735290181
chr_21	7510000	7520000	42.2585024339651	42.3260414945042	6.75390605391897
chr_21	7520000	7530000	42.3260414945042	42.3952273644507	6.91858699464944
chr_21	7530000	7540000	42.3952273644507	42.4641523119599	6.89249475091387
chr_21	7540000	7550000	42.4641523119599	42.5329929685611	6.88406566012318
chr_21	7550000	7560000	42.5329929685611	42.596268661911	6.32756933498584
chr_21	7560000	7570000	42.596268661911	42.6690865902007	7.28179282897798
chr_21	7570000	7580000	42.6690865902007	42.7372345821653	6.81479919645298
chr_21	7580000	7590000	42.7372345821653	42.7968888335022	5.96542513368945
chr_21	7590000	7600000	42.7968888335022	42.8617319884434	6.4843154941272
chr_21	7600000	7610000	42.8617319884434	42.9097699413118	4.80379528683414
chr_21	7610000	7620000	42.9097699413118	42.9730083264245	6.32383851127258
chr_21	7620000	7630000	42.9730083264245	43.0531971470632	8.01888206387247
chr_21	7630000	7640000	43.0531971470632	43.1400029719705	8.68058249072519
chr_21	7640000	7650000	43.1400029719705	43.1907195081092	5.07165361386868
chr_21	7650000	7660000	43.1907195081092	43.2355339818896	4.48144737804412
chr_21	7660000	7670000	43.2355339818896	43.274997345285	3.94633633953916
chr_21	7670000	7680000	43.274997345285	43.3576210221158	8.26236768308277
chr_21	7680000	7690000	43.3576210221158	43.4136925738722	5.60715517563395
chr_21	7690000	7700000	43.4136925738722	43.487652296897	7.3959723024835
chr_21	7700000	7710000	43.487652296897	43.5647924124408	7.71401155438127
chr_21	7710000	7720000	43.5647924124408	43.639747711311	7.49552988701723
chr_21	7720000	7730000	43.639747711311	43.7210541470207	8.13064357097062
chr_21	7730000	7740000	43.7210541470207	43.7881189034649	6.70647564442177
chr_21	7740000	7750000	43.7881189034649	43.8485684828679	6.04495794029987
chr_21	7750000	7760000	43.8485684828679	43.9137185751047	6.515009223682
chr_21	7760000	7770000	43.9137185751047	43.9649152046962	5.11966295914945
chr_21	7770000	7780000	43.9649152046962	44.0118594286395	4.69442239432425
chr_21	7780000	7790000	44.0118594286395	44.0719409805144	6.00815518749371
chr_21	7790000	7800000	44.0719409805144	44.110275991179	3.83350106645892
chr_21	7800000	7810000	44.110275991179	44.1625017179049	5.22257267258581
chr_21	7810000	7820000	44.1625017179049	44.209024045195	4.65223272900914
chr_21	7820000	7830000	44.209024045195	44.265096555438	5.60725102430695
chr_21	7830000	7840000	44.265096555438	44.3252937902246	6.01972347865924
chr_21	7840000	7850000	44.3252937902246	44.3713233653034	4.60295750788262
chr_21	7850000	7860000	44.3713233653034	44.4184570540806	4.7133688777123
chr_21	7860000	7870000	44.4184570540806	44.4651632110694	4.67061569888685
chr_21	7870000	7880000	44.4651632110694	44.5290110891669	6.38478780974907
chr_21	7880000	7890000	44.5290110891669	44.6080818939018	7.90708047348332
chr_21	7890000	7900000	44.6080818939018	44.6785479145432	7.04660206414118
chr_21	7900000	7910000	44.6785479145432	44.748943965473	7.03960509298156
chr_21	7910000	7920000	44.748943965473	44.816628555898	6.76845904250243
chr_21	7920000	7930000	44.816628555898	44.867390600593	5.0762044695027
chr_21	7930000	7940000	44.867390600593	44.9296086368087	6.22180362156399
chr_21	7940000	7950000	44.9296086368087	44.9984332424578	6.88246056491764
chr_21	7950000	7960000	44.9984332424578	45.0604480406059	6.20147981480912
chr_21	7960000	7970000	45.0604480406059	45.1087644877533	4.83164471473359
chr_21	7970000	7980000	45.1087644877533	45.1643557228632	5.55912351099224
chr_21	7980000	7990000	45.1643557228632	45.2210626490712	5.67069262080508
chr_21	7990000	8000000	45.2210626490712	45.3121740043363	9.11113552650207
chr_21	8000000	8010000	45.3121740043363	45.4109668245967	9.87928202604706
chr_21	8010000	8020000	45.4109668245967	45.5147779558936	10.3811131296858
chr_21	8020000	8030000	45.5147779558936	45.6211068980728	10.6328942179246
chr_21	8030000	8040000	45.6211068980728	45.7239352657248	10.2828367651952
chr_21	8040000	8050000	45.7239352657248	45.8299528738038	10.601760807905
chr_21	8050000	8060000	45.8299528738038	45.9502736538741	12.0320780070237
chr_21	8060000	8070000	45.9502736538741	46.0756078256927	12.5334171818665
chr_21	8070000	8080000	46.0756078256927	46.1977967211356	12.2188895442825
chr_21	8080000	8090000	46.1977967211356	46.2925665777357	9.47698566001165
chr_21	8090000	8100000	46.2925665777357	46.3903141175835	9.77475398477807
chr_21	8100000	8110000	46.3903141175835	46.4994560491819	10.914193159843
chr_21	8110000	8120000	46.4994560491819	46.6200279781402	12.0571928958263
chr_21	8120000	8130000	46.6200279781402	46.7785571812506	15.8529203110483
chr_21	8130000	8140000	46.7785571812506	46.8958321995744	11.7275018323767
chr_21	8140000	8150000	46.8958321995744	46.9555526731751	5.97204736006631
chr_21	8150000	8160000	46.9555526731751	46.9920062308899	3.64535577148004
chr_21	8160000	8170000	46.9920062308899	47.0463964175799	5.43901866900356
chr_21	8170000	8180000	47.0463964175799	47.0873444005759	4.0947982995938
chr_21	8180000	8190000	47.0873444005759	47.1194007629421	3.20563623662267
chr_21	8190000	8200000	47.1194007629421	47.1997732459868	8.0372483044691
chr_21	8200000	8210000	47.1997732459868	47.322344017126	12.2570771139237
chr_21	8210000	8220000	47.322344017126	47.3999418662155	7.75978490895071
chr_21	8220000	8230000	47.3999418662155	47.5320160839367	13.2074217721161
chr_21	8230000	8240000	47.5320160839367	47.6008477427273	6.88316587905788
chr_21	8240000	8250000	47.6008477427273	47.665521703525	6.46739607977835
chr_21	8250000	8260000	47.665521703525	47.737679971602	7.21582680769828
chr_21	8260000	8270000	47.737679971602	47.7714496352054	3.37696636033726
chr_21	8270000	8280000	47.7714496352054	47.7894587308749	1.80090956695125
chr_21	8280000	8290000	47.7894587308749	47.8159246284232	2.6465897548249
chr_21	8290000	8300000	47.8159246284232	47.8258957623156	0.997113389245641
chr_21	8300000	8310000	47.8258957623156	47.8351832828783	0.92875205627152
chr_21	8310000	8320000	47.8351832828783	47.8494818157945	1.42985329161647
chr_21	8320000	8330000	47.8494818157945	47.862300238973	1.28184231784871
chr_21	8330000	8340000	47.862300238973	47.8851100843615	2.28098453885153
chr_21	8340000	8350000	47.8851100843615	47.9133571277443	2.82470433827697
chr_21	8350000	8360000	47.9133571277443	47.9421532465367	2.87961187924637
chr_21	8360000	8370000	47.9421532465367	47.9634167298221	2.12634832853524
chr_21	8370000	8380000	47.9634167298221	47.9821688075261	1.87520777039722
chr_21	8380000	8390000	47.9821688075261	47.9970504237285	1.48816162024303
chr_21	8390000	8400000	47.9970504237285	48.0149365726418	1.78861489133126
chr_21	8400000	8410000	48.0149365726418	48.064131607123	4.91950344811798
chr_21	8410000	8420000	48.064131607123	48.1251012527451	6.09696456221016
chr_21	8420000	8430000	48.1251012527451	48.155556039494	3.04547867489191
chr_21	8430000	8440000	48.155556039494	48.2051610070583	4.96049675643135
chr_21	8440000	8450000	48.2051610070583	48.2291978334632	2.40368264049238
chr_21	8450000	8460000	48.2291978334632	48.2520660202149	2.28681867517082
chr_21	8460000	8470000	48.2520660202149	48.2860297482567	3.39637280417904
chr_21	8470000	8480000	48.2860297482567	48.3171137053482	3.10839570914396
chr_21	8480000	8490000	48.3171137053482	48.3299470966234	1.28333912752581
chr_21	8490000	8500000	48.3299470966234	48.3508118114211	2.08647147976961
chr_21	8500000	8510000	48.3508118114211	48.3817307126884	3.09189012672491
chr_21	8510000	8520000	48.3817307126884	48.4457534348444	6.40227221560039
chr_21	8520000	8530000	48.4457534348444	48.4903322375973	4.45788027529588
chr_21	8530000	8540000	48.4903322375973	48.6101490313202	11.9816793722883
chr_21	8540000	8550000	48.6101490313202	48.7226932227629	11.2544191442687
chr_21	8550000	8560000	48.7226932227629	48.8407272641684	11.8034041405515
chr_21	8560000	8570000	48.8407272641684	48.9060940717914	6.53668076230005
chr_21	8570000	8580000	48.9060940717914	48.9544072498053	4.83131780139274
chr_21	8580000	8590000	48.9544072498053	49.0341865576926	7.97793078872857
chr_21	8590000	8600000	49.0341865576926	49.083436359435	4.92498017423628
chr_21	8600000	8610000	49.083436359435	49.1572829038115	7.38465443765435
chr_21	8610000	8620000	49.1572829038115	49.2176686660234	6.03857622118653
chr_21	8620000	8630000	49.2176686660234	49.2957769090943	7.81082430708722
chr_21	8630000	8640000	49.2957769090943	49.385418658931	8.9641749836737
chr_21	8640000	8650000	49.385418658931	49.453124776904	6.77061179729677
chr_21	8650000	8660000	49.453124776904	49.5395116378815	8.63868609775125
chr_21	8660000	8670000	49.5395116378815	49.5932094113748	5.36977734933117
chr_21	8670000	8680000	49.5932094113748	49.6141426740533	2.09332626785326
chr_21	8680000	8690000	49.6141426740533	49.6324529783964	1.83103043430606
chr_21	8690000	8700000	49.6324529783964	49.6470457149311	1.45927365347447
chr_21	8700000	8710000	49.6470457149311	49.6723590325325	2.5313317601352
chr_21	8710000	8720000	49.6723590325325	49.698181237113	2.58222045804644
chr_21	8720000	8730000	49.698181237113	49.7417714832134	4.35902461004716
chr_21	8730000	8740000	49.7417714832134	49.8071616385537	6.53901553402534
chr_21	8740000	8750000	49.8071616385537	49.850605214547	4.34435759933152
chr_21	8750000	8760000	49.850605214547	49.916444244724	6.58390301769742
chr_21	8760000	8770000	49.916444244724	49.9773038504904	6.08596057664457
chr_21	8770000	8780000	49.9773038504904	50.0760101533767	9.87063028862636
chr_21	8780000	8790000	50.0760101533767	50.1581159082156	8.21057548389277
chr_21	8790000	8800000	50.1581159082156	50.2336302849272	7.55143767115811
chr_21	8800000	8810000	50.2336302849272	50.2937807684041	6.01504834769457
chr_21	8810000	8820000	50.2937807684041	50.3694093087765	7.56285403723638
chr_21	8820000	8830000	50.3694093087765	50.4678004652248	9.83911564482511
chr_21	8830000	8840000	50.4678004652248	50.5377025022469	6.99020370221746
chr_21	8840000	8850000	50.5377025022469	50.6140882548443	7.63857525973677
chr_21	8850000	8860000	50.6140882548443	50.6938489128859	7.97606580415575
chr_21	8860000	8870000	50.6938489128859	50.785381513855	9.15326009691171
chr_21	8870000	8880000	50.785381513855	50.8772200962777	9.18385824226959
chr_21	8880000	8890000	50.8772200962777	50.9027928850287	2.55727887509849
chr_21	8890000	8900000	50.9027928850287	50.9307096266695	2.79167416408725
chr_21	8900000	8910000	50.9307096266695	50.9518787564086	2.11691297390288
chr_21	8910000	8920000	50.9518787564086	50.972996617445	2.11178610364371
chr_21	8920000	8930000	50.972996617445	51.009361373493	3.63647560479734
chr_21	8930000	8940000	51.009361373493	51.0612516697728	5.18902962798435
chr_21	8940000	8950000	51.0612516697728	51.1041335280485	4.28818582756776
chr_21	8950000	8960000	51.1041335280485	51.1365874283622	3.24539003137545
chr_21	8960000	8970000	51.1365874283622	51.1603745899551	2.37871615928498
chr_21	8970000	8980000	51.1603745899551	51.2093661583426	4.89915683875424
chr_21	8980000	8990000	51.2093661583426	51.3394501406444	13.0083982301805
chr_21	8990000	9000000	51.3394501406444	51.3696723249796	3.02221843351802
chr_21	9000000	9010000	51.3696723249796	51.3999033671152	3.02310421355685
chr_21	9010000	9020000	51.3999033671152	51.4332390053091	3.33356381938898
chr_21	9020000	9030000	51.4332390053091	51.5005078266199	6.72688213108046
chr_21	9030000	9040000	51.5005078266199	51.5465045738999	4.59967472800287
chr_21	9040000	9050000	51.5465045738999	51.5637404884804	1.72359145805032
chr_21	9050000	9060000	51.5637404884804	51.5783768671608	1.46363786803718
chr_21	9060000	9070000	51.5783768671608	51.5970963186819	1.87194515210933
chr_21	9070000	9080000	51.5970963186819	51.6215869359743	2.44906172923862
chr_21	9080000	9090000	51.6215869359743	51.6505483098328	2.89613738584933
chr_21	9090000	9100000	51.6505483098328	51.6788879571221	2.83396472893358
chr_21	9100000	9110000	51.6788879571221	51.7365579737007	5.76700165785979
chr_21	9110000	9120000	51.7365579737007	51.8119083608336	7.53503871328789
chr_21	9120000	9130000	51.8119083608336	51.8698533464445	5.79449856109591
chr_21	9130000	9140000	51.8698533464445	51.8966381994228	2.6784852978281
chr_21	9140000	9150000	51.8966381994228	51.9278296677932	3.11914683703449
chr_21	9150000	9160000	51.9278296677932	51.9901205949745	6.22909271813583
chr_21	9160000	9170000	51.9901205949745	52.0157587115591	2.56381165845738
chr_21	9170000	9180000	52.0157587115591	52.0359194329304	2.01607213713402
chr_21	9180000	9190000	52.0359194329304	52.0433509182451	0.743148531469728
chr_21	9190000	9200000	52.0433509182451	52.047005619792	0.365470154692105
chr_21	9200000	9210000	52.047005619792	52.0506064331192	0.360081332711104
chr_21	9210000	9220000	52.0506064331192	52.0532024270076	0.25959938884057
chr_21	9220000	9230000	52.0532024270076	52.055798420896	0.25959938883986
chr_21	9230000	9240000	52.055798420896	52.0583944147844	0.259599388841281
chr_21	9240000	9250000	52.0583944147844	52.0609904086728	0.25959938884057
chr_21	9250000	9260000	52.0609904086728	52.0648094822256	0.381907355282607
chr_21	9260000	9270000	52.0648094822256	52.0692694886193	0.446000639372812
chr_21	9270000	9280000	52.0692694886193	52.0737294950131	0.446000639372812
chr_21	9280000	9290000	52.0737294950131	52.0781895014068	0.446000639372812
chr_21	9290000	9300000	52.0781895014068	52.0826495078005	0.446000639372102
chr_21	9300000	9310000	52.0826495078005	52.0870214586218	0.437195082133002
chr_21	9310000	9320000	52.0870214586218	52.0890279016223	0.200644300043251
chr_21	9320000	9330000	52.0890279016223	52.090599845099	0.15719434767334
chr_21	9330000	9340000	52.090599845099	52.0921717885757	0.157194347672629
chr_21	9340000	9350000	52.0921717885757	52.0937437320525	0.15719434767334
chr_21	9350000	9360000	52.0937437320525	52.0968486032215	0.310487116900049
chr_21	9360000	9370000	52.0968486032215	52.1069832402163	1.01346369948345
chr_21	9370000	9380000	52.1069832402163	52.1134998466888	0.651660647254459
chr_21	9380000	9390000	52.1134998466888	52.1174200854963	0.392023880741732
chr_21	9390000	9400000	52.1174200854963	52.1259695640669	0.854947857067145
chr_21	9400000	9410000	52.1259695640669	52.1309565028132	0.498693874631328
chr_21	9410000	9420000	52.1309565028132	52.1320183649226	0.106186210931725
chr_21	9420000	9430000	52.1320183649226	52.1329862346415	0.0967869718927261
chr_21	9430000	9440000	52.1329862346415	52.13586552828	0.287929363850736
chr_21	9440000	9450000	52.13586552828	52.1380400268899	0.217449860993213
chr_21	9450000	9460000	52.1380400268899	52.1440909070259	0.605088013595889
chr_21	9460000	9470000	52.1440909070259	52.1469204425804	0.282953555449694
chr_21	9470000	9480000	52.1469204425804	52.1492247900101	0.230434742969265
chr_21	9480000	9490000	52.1492247900101	52.1532623789115	0.403758890145411
chr_21	9490000	9500000	52.1532623789115	52.1571987368402	0.393635792868707
chr_21	9500000	9510000	52.1571987368402	52.1587044085401	0.150567169987426
chr_21	9510000	9520000	52.1587044085401	52.1598175254139	0.111311687381743
chr_21	9520000	9530000	52.1598175254139	52.160991369875	0.117384446112823
chr_21	9530000	9540000	52.160991369875	52.1630282914221	0.203692154704527
chr_21	9540000	9550000	52.1630282914221	52.167276496141	0.424820471891252
chr_21	9550000	9560000	52.167276496141	52.1682923149618	0.10158188207825
chr_21	9560000	9570000	52.1682923149618	52.1716171480439	0.332483308209675
chr_21	9570000	9580000	52.1716171480439	52.176289665119	0.46725170751003
chr_21	9580000	9590000	52.176289665119	52.1780619155454	0.177225042641282
chr_21	9590000	9600000	52.1780619155454	52.1790190661551	0.0957150609735891
chr_21	9600000	9610000	52.1790190661551	52.1793754945727	0.0356428417525478
chr_21	9610000	9620000	52.1793754945727	52.1799230687109	0.0547574138259677
chr_21	9620000	9630000	52.1799230687109	52.1807527065543	0.0829637843388298
chr_21	9630000	9640000	52.1807527065543	52.1816239346863	0.0871228132020008
chr_21	9640000	9650000	52.1816239346863	52.1833914139457	0.176747925939935
chr_21	9650000	9660000	52.1833914139457	52.1854899608458	0.209854690011468
chr_21	9660000	9670000	52.1854899608458	52.187666787375	0.217682652912998
chr_21	9670000	9680000	52.187666787375	52.1882956320494	0.0628844674409379
chr_21	9680000	9690000	52.1882956320494	52.1889244767238	0.0628844674395168
chr_21	9690000	9700000	52.1889244767238	52.190414493156	0.149001643222846
chr_21	9700000	9710000	52.190414493156	52.1911923411415	0.0777847985482083
chr_21	9710000	9720000	52.1911923411415	52.1919858063678	0.0793465226294643
chr_21	9720000	9730000	52.1919858063678	52.1929607419588	0.0974935591038673
chr_21	9730000	9740000	52.1929607419588	52.193628696238	0.0667954279137462
chr_21	9740000	9750000	52.193628696238	52.1945015632148	0.0872866976827424
chr_21	9750000	9760000	52.1945015632148	52.19513318155	0.0631618335248163
chr_21	9760000	9770000	52.19513318155	52.1959324505457	0.0799268995656632
chr_21	9770000	9780000	52.1959324505457	52.1965088512211	0.0576400675441846
chr_21	9780000	9790000	52.1965088512211	52.1969158222303	0.0406971009141444
chr_21	9790000	9800000	52.1969158222303	52.1970777971862	0.0161974955958044
chr_21	9800000	9810000	52.1970777971862	52.1972397721422	0.0161974955958044
chr_21	9810000	9820000	52.1972397721422	52.1983763589102	0.113658676799133
chr_21	9820000	9830000	52.1983763589102	52.1993609390454	0.0984580135231283
chr_21	9830000	9840000	52.1993609390454	52.2001642884219	0.0803349376461426
chr_21	9840000	9850000	52.2001642884219	52.2009676377983	0.080334937644011
chr_21	9850000	9860000	52.2009676377983	52.2014856113468	0.0517973548504358
chr_21	9860000	9870000	52.2014856113468	52.2019221646472	0.0436553300367848
chr_21	9870000	9880000	52.2019221646472	52.2021138835374	0.0191718890199866
chr_21	9880000	9890000	52.2021138835374	52.2022772218848	0.01633383474271
chr_21	9890000	9900000	52.2022772218848	52.2024294571242	0.0152235239383458
chr_21	9900000	9910000	52.2024294571242	52.2025816923636	0.0152235239376353
chr_21	9910000	9920000	52.2025816923636	52.202733927603	0.0152235239390563
chr_21	9920000	9930000	52.202733927603	52.2051307738631	0.239684626018288
chr_21	9930000	9940000	52.2051307738631	52.2074531257743	0.232235191116104
chr_21	9940000	9950000	52.2074531257743	52.2098563718692	0.240324609486464
chr_21	9950000	9960000	52.2098563718692	52.2159713721345	0.611500026538181
chr_21	9960000	9970000	52.2159713721345	52.2181650517111	0.219367957656402
chr_21	9970000	9980000	52.2181650517111	52.2183839326724	0.0218880961291745
chr_21	9980000	9990000	52.2183839326724	52.2184572053021	0.00732726296988062
chr_21	9990000	10000000	52.2184572053021	52.2185304779318	0.00732726296988062
chr_21	10000000	10010000	52.2185304779318	52.2186037505615	0.00732726296988062
chr_21	10010000	10020000	52.2186037505615	52.2199174865138	0.13137359522517
chr_21	10020000	10030000	52.2199174865138	52.2212637008538	0.134621434000337
chr_21	10030000	10040000	52.2212637008538	52.222438596704	0.117489585019825
chr_21	10040000	10050000	52.222438596704	52.2237815831457	0.134298644175601
