chr	pos1	pos2	mappos1	mappos2	cMpMb
chr_21	10000	20000	0.00082088652383227	0.00266848167087767	0.18475951470454
chr_21	20000	30000	0.00266848167087767	0.00297399010974827	0.0305508438870606
chr_21	30000	40000	0.00297399010974827	0.00314439686747132	0.0170406757723041
chr_21	40000	50000	0.00314439686747132	0.00327716942322822	0.0132772555756906
chr_21	50000	60000	0.00327716942322822	0.00340994197898513	0.0132772555756907
chr_21	60000	70000	0.00340994197898513	0.00354271453474203	0.0132772555756904
chr_21	70000	80000	0.00354271453474203	0.00367548709049894	0.0132772555756904
chr_21	80000	90000	0.00367548709049894	0.00380825964625584	0.0132772555756906
chr_21	90000	100000	0.00380825964625584	0.00394103220201275	0.0132772555756906
chr_21	100000	110000	0.00394103220201275	0.00407380475776966	0.0132772555756906
chr_21	110000	120000	0.00407380475776966	0.00420657731352656	0.0132772555756906
chr_21	120000	130000	0.00420657731352656	0.00433934986928346	0.0132772555756901
chr_21	130000	140000	0.00433934986928346	0.00472879855631984	0.0389448687036379
chr_21	140000	150000	0.00472879855631984	0.00546354320992137	0.0734744653601533
chr_21	150000	160000	0.00546354320992137	0.00673707643003074	0.127353322010936
chr_21	160000	170000	0.00673707643003074	0.00888386994393535	0.214679351390462
chr_21	170000	180000	0.00888386994393535	0.0135624257833738	0.467855583943848
chr_21	180000	190000	0.0135624257833738	0.0161561289026726	0.259370311929879
chr_21	190000	200000	0.0161561289026726	0.0174251220352428	0.126899313257023
chr_21	200000	210000	0.0174251220352428	0.0228445433061886	0.541942127094575
chr_21	210000	220000	0.0228445433061886	0.0370871704298587	1.42426271236701
chr_21	220000	230000	0.0370871704298587	0.0578223997541493	2.07352293242906
chr_21	230000	240000	0.0578223997541493	0.0745089519411351	1.66865521869859
chr_21	240000	250000	0.0745089519411351	0.105566203778554	3.10572518374186
chr_21	250000	260000	0.105566203778554	0.14695077340972	4.13845696311663
chr_21	260000	270000	0.14695077340972	0.202816506366199	5.58657329564788
chr_21	270000	280000	0.202816506366199	0.287890610949377	8.5074104583178
chr_21	280000	290000	0.287890610949377	0.390202898056455	10.2312287107078
chr_21	290000	300000	0.390202898056455	0.511757674745104	12.1554776688648
chr_21	300000	310000	0.511757674745104	0.643443953967189	13.1686279222085
chr_21	310000	320000	0.643443953967189	0.735477541038997	9.20335870718085
chr_21	320000	330000	0.735477541038997	0.876600223094598	14.1122682055601
chr_21	330000	340000	0.876600223094598	1.03125699055459	15.4656767459996
chr_21	340000	350000	1.03125699055459	1.20670943316373	17.5452442609132
chr_21	350000	360000	1.20670943316373	1.3602741860605	15.3564752896778
chr_21	360000	370000	1.3602741860605	1.50369152653995	14.3417340479451
chr_21	370000	380000	1.50369152653995	1.59550882846322	9.18173019232689
chr_21	380000	390000	1.59550882846322	1.68527357947666	8.97647510134374
chr_21	390000	400000	1.68527357947666	1.77177588646307	8.6502306986405
chr_21	400000	410000	1.77177588646307	1.8666150860516	9.48391995885347
chr_21	410000	420000	1.8666150860516	1.96911136935854	10.2496283306944
chr_21	420000	430000	1.96911136935854	2.06735657163401	9.82452022754634
chr_21	430000	440000	2.06735657163401	2.15930959150284	9.19530198688334
chr_21	440000	450000	2.15930959150284	2.26821505733277	10.8905465829928
chr_21	450000	460000	2.26821505733277	2.37594673981099	10.7731682478217
chr_21	460000	470000	2.37594673981099	2.46469809571956	8.87513559085682
chr_21	470000	480000	2.46469809571956	2.53164695564655	6.69488599269958
chr_21	480000	490000	2.53164695564655	2.61608568580815	8.44387301615992
chr_21	490000	500000	2.61608568580815	2.70916079006959	9.30751042614419
chr_21	500000	510000	2.70916079006959	2.83348052849994	12.4319738430346
chr_21	510000	520000	2.83348052849994	3.02669733124522	19.3216802745282
chr_21	520000	530000	3.02669733124522	3.21316852442705	18.6471193181828
chr_21	530000	540000	3.21316852442705	3.38200502162199	16.8836497194939
chr_21	540000	550000	3.38200502162199	3.54957006862257	16.7565047000584
chr_21	550000	560000	3.54957006862257	3.74665226804647	19.7082199423897
chr_21	560000	570000	3.74665226804647	3.95764163409677	21.09893660503
chr_21	570000	580000	3.95764163409677	4.18185028075049	22.4208646653718
chr_21	580000	590000	4.18185028075049	4.38952846405508	20.767818330459
chr_21	590000	600000	4.38952846405508	4.56624803568699	17.6719571631913
chr_21	600000	610000	4.56624803568699	4.78519967395455	21.8951638267564
chr_21	610000	620000	4.78519967395455	5.00223085606244	21.7031182107882
chr_21	620000	630000	5.00223085606244	5.21228687060493	21.0056014542491
chr_21	630000	640000	5.21228687060493	5.43001445133865	21.7727580733722
chr_21	640000	650000	5.43001445133865	5.71379839999112	28.3783948652474
chr_21	650000	660000	5.71379839999112	6.05868229681043	34.4883896819312
chr_21	660000	670000	6.05868229681043	6.4060309674723	34.7348670661862
chr_21	670000	680000	6.4060309674723	6.74825945020403	34.2228482731731
chr_21	680000	690000	6.74825945020403	6.94727687820717	19.9017428003145
chr_21	690000	700000	6.94727687820717	7.23284056254585	28.5563684338682
chr_21	700000	710000	7.23284056254585	7.61000695958036	37.7166397034508
chr_21	710000	720000	7.61000695958036	7.98807158635893	37.8064626778565
chr_21	720000	730000	7.98807158635893	8.34042152824953	35.2349941890599
chr_21	730000	740000	8.34042152824953	8.79259481866398	45.2173290414457
chr_21	740000	750000	8.79259481866398	9.23956645476365	44.6971636099667
chr_21	750000	760000	9.23956645476365	9.68287076936431	44.3304314600654
chr_21	760000	770000	9.68287076936431	10.1123941736584	42.9523404294095
chr_21	770000	780000	10.1123941736584	10.538736148459	42.6341974800625
chr_21	780000	790000	10.538736148459	10.9650781232596	42.6341974800616
chr_21	790000	800000	10.9650781232596	11.3914200980603	42.6341974800611
chr_21	800000	810000	11.3914200980603	11.8177620728609	42.6341974800618
chr_21	810000	820000	11.8177620728609	12.2441040476615	42.6341974800605
chr_21	820000	830000	12.2441040476615	12.6704460224621	42.634197480063
chr_21	830000	840000	12.6704460224621	13.0967879972627	42.6341974800618
chr_21	840000	850000	13.0967879972627	13.5231299720633	42.63419748006
chr_21	850000	860000	13.5231299720633	13.9494719468639	42.6341974800613
chr_21	860000	870000	13.9494719468639	14.3758139216645	42.6341974800605
chr_21	870000	880000	14.3758139216645	14.8021558964652	42.6341974800614
chr_21	880000	890000	14.8021558964652	15.1748476066048	37.2691710139652
chr_21	890000	900000	15.1748476066048	15.4815146658111	30.6667059206244
chr_21	900000	910000	15.4815146658111	15.7881817250173	30.6667059206259
chr_21	910000	920000	15.7881817250173	16.0948487842236	30.6667059206248
chr_21	920000	930000	16.0948487842236	16.4015158434298	30.666705920628
chr_21	930000	940000	16.4015158434298	16.7081829026361	30.6667059206262
chr_21	940000	950000	16.7081829026361	17.0148499618424	30.6667059206259
chr_21	950000	960000	17.0148499618424	17.3215170210486	30.6667059206276
chr_21	960000	970000	17.3215170210486	17.6281840802549	30.6667059206237
chr_21	970000	980000	17.6281840802549	17.9348511394611	30.6667059206248
chr_21	980000	990000	17.9348511394611	18.2415181986674	30.6667059206273
chr_21	990000	1000000	18.2415181986674	18.5641564843008	32.2638285633445
chr_21	1000000	1010000	18.5641564843008	18.9321569783273	36.8000494026507
chr_21	1010000	1020000	18.9321569783273	19.3001574723539	36.8000494026514
chr_21	1020000	1030000	19.3001574723539	19.6681579663804	36.8000494026525
chr_21	1030000	1040000	19.6681579663804	20.0361584604068	36.8000494026465
chr_21	1040000	1050000	20.0361584604068	20.4041589544334	36.8000494026521
chr_21	1050000	1060000	20.4041589544334	20.7721594484599	36.8000494026504
chr_21	1060000	1070000	20.7721594484599	21.1401599424864	36.8000494026489
chr_21	1070000	1080000	21.1401599424864	21.5081604365129	36.8000494026518
chr_21	1080000	1090000	21.5081604365129	21.8761609305394	36.8000494026514
chr_21	1090000	1100000	21.8761609305394	22.2441614245659	36.8000494026521
chr_21	1100000	1110000	22.2441614245659	22.6121619185924	36.8000494026504
chr_21	1110000	1120000	22.6121619185924	22.980162412619	36.8000494026536
chr_21	1120000	1130000	22.980162412619	23.3567832073637	37.6620794744714
chr_21	1130000	1140000	23.3567832073637	23.8167826418194	45.9999434455693
chr_21	1140000	1150000	23.8167826418194	24.2767820762751	45.9999434455725
chr_21	1150000	1160000	24.2767820762751	24.7367815107308	45.9999434455725
chr_21	1160000	1170000	24.7367815107308	25.1967809451865	45.99994344557
chr_21	1170000	1180000	25.1967809451865	25.6567803796422	45.9999434455721
chr_21	1180000	1190000	25.6567803796422	26.116779814098	45.9999434455725
chr_21	1190000	1200000	26.116779814098	26.5767792485536	45.9999434455682
chr_21	1200000	1210000	26.5767792485536	27.0367786830093	45.9999434455693
chr_21	1210000	1220000	27.0367786830093	27.496778117465	45.9999434455717
chr_21	1220000	1230000	27.496778117465	27.9567775519208	45.9999434455714
chr_21	1230000	1240000	27.9567775519208	28.4167769863765	45.9999434455739
chr_21	1240000	1250000	28.4167769863765	28.8998052442035	48.3028257827019
chr_21	1250000	1260000	28.8998052442035	29.470840471192	57.1035226988499
chr_21	1260000	1270000	29.470840471192	30.0418756981805	57.1035226988489
chr_21	1270000	1280000	30.0418756981805	30.612910925169	57.1035226988471
chr_21	1280000	1290000	30.612910925169	31.1839461521575	57.1035226988538
chr_21	1290000	1300000	31.1839461521575	31.754981379146	57.1035226988499
chr_21	1300000	1310000	31.754981379146	32.3260166061345	57.1035226988499
chr_21	1310000	1320000	32.3260166061345	32.897051833123	57.1035226988528
chr_21	1320000	1330000	32.897051833123	33.4680870601116	57.1035226988563
chr_21	1330000	1340000	33.4680870601116	34.0391222871001	57.1035226988542
chr_21	1340000	1350000	34.0391222871001	34.6101575140886	57.1035226988478
chr_21	1350000	1360000	34.6101575140886	35.1811927410771	57.1035226988464
chr_21	1360000	1370000	35.1811927410771	35.7522279680656	57.1035226988535
chr_21	1370000	1380000	35.7522279680656	36.2674626478887	51.5234679823045
chr_21	1380000	1390000	36.2674626478887	36.7826638272831	51.5201179394417
chr_21	1390000	1400000	36.7826638272831	37.2978650066775	51.5201179394417
chr_21	1400000	1410000	37.2978650066775	37.813066186072	51.5201179394481
chr_21	1410000	1420000	37.813066186072	38.3282673654665	51.5201179394467
chr_21	1420000	1430000	38.3282673654665	38.8434685448609	51.5201179394495
chr_21	1430000	1440000	38.8434685448609	39.3586697242554	51.5201179394467
chr_21	1440000	1450000	39.3586697242554	39.8738709036499	51.5201179394495
chr_21	1450000	1460000	39.8738709036499	40.3890720830444	51.5201179394488
chr_21	1460000	1470000	40.3890720830444	40.9042732624388	51.5201179394396
chr_21	1470000	1480000	40.9042732624388	41.4194744418333	51.5201179394488
chr_21	1480000	1490000	41.4194744418333	41.9346756212278	51.5201179394481
chr_21	1490000	1500000	41.9346756212278	42.2515259269572	31.6850305729488
chr_21	1500000	1510000	42.2515259269572	42.5093291389692	25.7803212011979
chr_21	1510000	1520000	42.5093291389692	42.7671323509812	25.7803212011964
chr_21	1520000	1530000	42.7671323509812	43.0249355629932	25.7803212012014
chr_21	1530000	1540000	43.0249355629932	43.2827387750052	25.7803212011993
chr_21	1540000	1550000	43.2827387750052	43.5405419870172	25.7803212011972
chr_21	1550000	1560000	43.5405419870172	43.7983451990291	25.7803212011964
chr_21	1560000	1570000	43.7983451990291	44.0561484110411	25.7803212011936
chr_21	1570000	1580000	44.0561484110411	44.313951623053	25.780321201195
chr_21	1580000	1590000	44.313951623053	44.571754835065	25.7803212012014
chr_21	1590000	1600000	44.571754835065	44.829558047077	25.7803212011929
chr_21	1600000	1610000	44.829558047077	45.0873612590889	25.7803212011936
chr_21	1610000	1620000	45.0873612590889	45.3363990023304	24.9037743241452
chr_21	1620000	1630000	45.3363990023304	45.5841546802175	24.7755677887135
chr_21	1630000	1640000	45.5841546802175	45.8319103581046	24.7755677887156
chr_21	1640000	1650000	45.8319103581046	46.0796660359918	24.7755677887149
chr_21	1650000	1660000	46.0796660359918	46.327421713879	24.7755677887177
chr_21	1660000	1670000	46.327421713879	46.5751773917661	24.7755677887135
chr_21	1670000	1680000	46.5751773917661	46.8229330696532	24.7755677887113
chr_21	1680000	1690000	46.8229330696532	47.0706887475404	24.7755677887142
chr_21	1690000	1700000	47.0706887475404	47.3184444254275	24.7755677887099
chr_21	1700000	1710000	47.3184444254275	47.5662001033146	24.7755677887149
chr_21	1710000	1720000	47.5662001033146	47.8139557812017	24.775567788712
chr_21	1720000	1730000	47.8139557812017	48.0617114590888	24.7755677887099
chr_21	1730000	1740000	48.0617114590888	48.3829122966887	32.1200837599882
chr_21	1740000	1750000	48.3829122966887	48.720246166688	33.7333869999242
chr_21	1750000	1760000	48.720246166688	49.0575800366872	33.7333869999298
chr_21	1760000	1770000	49.0575800366872	49.3949139066865	33.7333869999263
chr_21	1770000	1780000	49.3949139066865	49.7322477766858	33.7333869999284
chr_21	1780000	1790000	49.7322477766858	50.0695816466851	33.733386999927
chr_21	1790000	1800000	50.0695816466851	50.4069155166844	33.7333869999377
chr_21	1800000	1810000	50.4069155166844	50.7442493866837	33.7333869999256
chr_21	1810000	1820000	50.7442493866837	51.0815832566831	33.733386999937
chr_21	1820000	1830000	51.0815832566831	51.4189171266824	33.733386999932
chr_21	1830000	1840000	51.4189171266824	51.7562509966817	33.7333869999306
chr_21	1840000	1850000	51.7562509966817	52.0935848666811	33.7333869999362
chr_21	1850000	1860000	52.0935848666811	52.4309187366803	33.7333869999277
chr_21	1860000	1870000	52.4309187366803	52.810577568648	37.9658831967625
chr_21	1870000	1880000	52.810577568648	53.2194667420594	40.888917341146
chr_21	1880000	1890000	53.2194667420594	53.6283559154709	40.8889173411488
chr_21	1890000	1900000	53.6283559154709	54.0372450888824	40.8889173411467
chr_21	1900000	1910000	54.0372450888824	54.4461342622938	40.8889173411445
chr_21	1910000	1920000	54.4461342622938	54.8550234357052	40.888917341136
chr_21	1920000	1930000	54.8550234357052	55.2639126091166	40.8889173411431
chr_21	1930000	1940000	55.2639126091166	55.672801782528	40.8889173411417
chr_21	1940000	1950000	55.672801782528	56.0816909559395	40.8889173411481
chr_21	1950000	1960000	56.0816909559395	56.4905801293509	40.8889173411431
chr_21	1960000	1970000	56.4905801293509	56.8994693027624	40.8889173411424
chr_21	1970000	1980000	56.8994693027624	57.3083584761738	40.8889173411467
chr_21	1980000	1990000	57.3083584761738	57.7172476495852	40.8889173411417
chr_21	1990000	2000000	57.7172476495852	58.1261368229966	40.8889173411389
chr_21	2000000	2010000	58.1261368229966	58.500639573582	37.4502750585322
chr_21	2010000	2020000	58.500639573582	58.7308998620906	23.0260288508667
chr_21	2020000	2030000	58.7308998620906	58.9620036436857	23.110378159506
chr_21	2030000	2040000	58.9620036436857	59.2039066136252	24.1902969939517
chr_21	2040000	2050000	59.2039066136252	59.4328528540496	22.8946240424378
chr_21	2050000	2060000	59.4328528540496	59.6369195296807	20.4066675631111
chr_21	2060000	2070000	59.6369195296807	59.8402777508841	20.335822120343
chr_21	2070000	2080000	59.8402777508841	60.0417730777056	20.1495326821444
chr_21	2080000	2090000	60.0417730777056	60.2278475861624	18.6074508456862
chr_21	2090000	2100000	60.2278475861624	60.4351931621384	20.7345575976007
chr_21	2100000	2110000	60.4351931621384	60.6322857805599	19.7092618421458
chr_21	2110000	2120000	60.6322857805599	60.8326861531968	20.0400372636949
chr_21	2120000	2130000	60.8326861531968	61.0413153246013	20.8629171404446
chr_21	2130000	2140000	61.0413153246013	61.2209034734803	17.9588148878977
chr_21	2140000	2150000	61.2209034734803	61.4334893618324	21.2585888352088
chr_21	2150000	2160000	61.4334893618324	61.6605023001452	22.7012938312811
chr_21	2160000	2170000	61.6605023001452	61.8875152384581	22.7012938312889
chr_21	2170000	2180000	61.8875152384581	62.1145281767709	22.7012938312868
chr_21	2180000	2190000	62.1145281767709	62.3415411150837	22.7012938312832
chr_21	2190000	2200000	62.3415411150837	62.5685540533966	22.7012938312818
chr_21	2200000	2210000	62.5685540533966	62.7955669917094	22.7012938312882
chr_21	2210000	2220000	62.7955669917094	63.0225799300223	22.7012938312818
chr_21	2220000	2230000	63.0225799300223	63.2495928683351	22.7012938312882
chr_21	2230000	2240000	63.2495928683351	63.4766058066479	22.7012938312761
chr_21	2240000	2250000	63.4766058066479	63.7036187449608	22.7012938312868
chr_21	2250000	2260000	63.7036187449608	63.9306198941273	22.7001149166476
chr_21	2260000	2270000	63.9306198941273	64.1104493499221	17.982945579481
chr_21	2270000	2280000	64.1104493499221	64.2401682075762	12.9718857654126
chr_21	2280000	2290000	64.2401682075762	64.385215641273	14.5047433696831
chr_21	2290000	2300000	64.385215641273	64.5323265856049	14.7110944331899
chr_21	2300000	2310000	64.5323265856049	64.6562187254447	12.3892139839739
chr_21	2310000	2320000	64.6562187254447	64.7950373734867	13.881864804209
chr_21	2320000	2330000	64.7950373734867	64.975202463063	18.0165089576235
chr_21	2330000	2340000	64.975202463063	65.1646305329393	18.9428069876328
chr_21	2340000	2350000	65.1646305329393	65.3339133062145	16.9282773275228
chr_21	2350000	2360000	65.3339133062145	65.4817291949195	14.7815888704926
chr_21	2360000	2370000	65.4817291949195	65.5885022021273	10.6773007207877
chr_21	2370000	2380000	65.5885022021273	65.6875350912346	9.90328891072352
chr_21	2380000	2390000	65.6875350912346	65.8725498868666	18.5014795632
chr_21	2390000	2400000	65.8725498868666	66.0506970023378	17.8147115471205
chr_21	2400000	2410000	66.0506970023378	66.2270364870191	17.6339484681293
chr_21	2410000	2420000	66.2270364870191	66.4035735427033	17.6537055684264
chr_21	2420000	2430000	66.4035735427033	66.5765513590502	17.2977816346858
chr_21	2430000	2440000	66.5765513590502	66.7521236042114	17.5572245161234
chr_21	2440000	2450000	66.7521236042114	66.9293292745973	17.7205670385902
chr_21	2450000	2460000	66.9293292745973	67.1017432821526	17.2414007555219
chr_21	2460000	2470000	67.1017432821526	67.2732948667585	17.1551584605979
chr_21	2470000	2480000	67.2732948667585	67.4428652844004	16.9570417641879
chr_21	2480000	2490000	67.4428652844004	67.6148274577419	17.196217334147
chr_21	2490000	2500000	67.6148274577419	67.7875408745473	17.2713416805422
chr_21	2500000	2510000	67.7875408745473	67.9595888332193	17.2047958671968
chr_21	2510000	2520000	67.9595888332193	68.1714975315423	21.1908698323043
chr_21	2520000	2530000	68.1714975315423	68.5076517746656	33.6154243123246
chr_21	2530000	2540000	68.5076517746656	68.843806017789	33.6154243123403
chr_21	2540000	2550000	68.843806017789	69.1799602609122	33.6154243123218
chr_21	2550000	2560000	69.1799602609122	69.5161145040354	33.615424312319
chr_21	2560000	2570000	69.5161145040354	69.8522687471586	33.6154243123218
chr_21	2570000	2580000	69.8522687471586	70.188422990282	33.6154243123403
chr_21	2580000	2590000	70.188422990282	70.5245772334052	33.615424312319
chr_21	2590000	2600000	70.5245772334052	70.8607314765285	33.6154243123318
chr_21	2600000	2610000	70.8607314765285	71.1968857196518	33.6154243123318
chr_21	2610000	2620000	71.1968857196518	71.5330399627751	33.6154243123303
chr_21	2620000	2630000	71.5330399627751	71.8691942058984	33.6154243123318
chr_21	2630000	2640000	71.8691942058984	72.112256651599	24.3062445700573
chr_21	2640000	2650000	72.112256651599	72.4064396114404	29.4182959841422
chr_21	2650000	2660000	72.4064396114404	72.7964156381619	38.9976026721499
chr_21	2660000	2670000	72.7964156381619	73.1427964175162	34.6380779354291
chr_21	2670000	2680000	73.1427964175162	73.3724738384077	22.967742089152
chr_21	2680000	2690000	73.3724738384077	73.5385613428952	16.6087504487464
chr_21	2690000	2700000	73.5385613428952	73.7264842696395	18.7922926744278
chr_21	2700000	2710000	73.7264842696395	73.9327522676461	20.6267998006567
chr_21	2710000	2720000	73.9327522676461	74.1314888083702	19.8736540724099
chr_21	2720000	2730000	74.1314888083702	74.5343604046445	40.2871596274309
chr_21	2730000	2740000	74.5343604046445	74.9520151393389	41.7654734694395
chr_21	2740000	2750000	74.9520151393389	75.2806609937603	32.864585442141
chr_21	2750000	2760000	75.2806609937603	75.5315699804723	25.0908986712048
chr_21	2760000	2770000	75.5315699804723	75.7824789671843	25.090898671202
chr_21	2770000	2780000	75.7824789671843	76.0333879538963	25.0908986712005
chr_21	2780000	2790000	76.0333879538963	76.2842969406083	25.0908986711977
chr_21	2790000	2800000	76.2842969406083	76.5352059273203	25.0908986712005
chr_21	2800000	2810000	76.5352059273203	76.7861149140324	25.0908986712048
chr_21	2810000	2820000	76.7861149140324	77.0370239007443	25.0908986711906
chr_21	2820000	2830000	77.0370239007443	77.2879328874563	25.0908986712005
chr_21	2830000	2840000	77.2879328874563	77.5388418741682	25.0908986711963
chr_21	2840000	2850000	77.5388418741682	77.779179301499	24.0337427330715
chr_21	2850000	2860000	77.779179301499	78.0091793495612	23.0000048062195
chr_21	2860000	2870000	78.0091793495612	78.2391793976234	23.0000048062266
chr_21	2870000	2880000	78.2391793976234	78.4691794456855	23.0000048062095
chr_21	2880000	2890000	78.4691794456855	78.6991794937476	23.0000048062038
chr_21	2890000	2900000	78.6991794937476	78.9291795418096	23.0000048062053
chr_21	2900000	2910000	78.9291795418096	79.1591795898719	23.0000048062266
chr_21	2910000	2920000	79.1591795898719	79.3891796379341	23.0000048062195
chr_21	2920000	2930000	79.3891796379341	79.6191796859963	23.0000048062209
chr_21	2930000	2940000	79.6191796859963	79.8664287369531	24.7249050956825
chr_21	2940000	2950000	79.8664287369531	80.125531202587	25.9102465633916
chr_21	2950000	2960000	80.125531202587	80.3846336682207	25.9102465633674
chr_21	2960000	2970000	80.3846336682207	80.6437361338545	25.9102465633845
chr_21	2970000	2980000	80.6437361338545	80.9028385994883	25.9102465633774
chr_21	2980000	2990000	80.9028385994883	81.1619410651221	25.9102465633745
chr_21	2990000	3000000	81.1619410651221	81.4210435307559	25.9102465633859
chr_21	3000000	3010000	81.4210435307559	81.6801459963897	25.9102465633816
chr_21	3010000	3020000	81.6801459963897	81.9392484620236	25.9102465633902
chr_21	3020000	3030000	81.9392484620236	82.1983509276575	25.9102465633831
chr_21	3030000	3040000	82.1983509276575	82.4580190697951	25.9668142137613
chr_21	3040000	3050000	82.4580190697951	82.7035559774067	24.5536907611651
chr_21	3050000	3060000	82.7035559774067	82.9543635108173	25.0807533410594
chr_21	3060000	3070000	82.9543635108173	83.1969649676999	24.2601456882539
chr_21	3070000	3080000	83.1969649676999	83.4195320021516	22.2567034451743
chr_21	3080000	3090000	83.4195320021516	83.6510497690388	23.1517766887237
chr_21	3090000	3100000	83.6510497690388	83.8393330935045	18.8283324465715
chr_21	3100000	3110000	83.8393330935045	84.0367527181734	19.7419624668896
chr_21	3110000	3120000	84.0367527181734	84.2240625398274	18.730982165394
chr_21	3120000	3130000	84.2240625398274	84.437066800808	21.300426098064
chr_21	3130000	3140000	84.437066800808	84.6648141516038	22.7747350795809
chr_21	3140000	3150000	84.6648141516038	84.9174367173228	25.2622565718966
chr_21	3150000	3160000	84.9174367173228	85.1815107837336	26.4074066410799
chr_21	3160000	3170000	85.1815107837336	85.4455848501444	26.4074066410828
chr_21	3170000	3180000	85.4455848501444	85.7096589165553	26.4074066410842
chr_21	3180000	3190000	85.7096589165553	85.9737329829661	26.4074066410814
chr_21	3190000	3200000	85.9737329829661	86.2378070493769	26.4074066410814
chr_21	3200000	3210000	86.2378070493769	86.5018811157877	26.4074066410799
chr_21	3210000	3220000	86.5018811157877	86.7659551821986	26.4074066410927
chr_21	3220000	3230000	86.7659551821986	87.0300292486095	26.4074066410828
chr_21	3230000	3240000	87.0300292486095	87.2941033150203	26.4074066410814
chr_21	3240000	3250000	87.2941033150203	87.558177381431	26.4074066410743
chr_21	3250000	3260000	87.558177381431	87.8096218352523	25.1444453821307
chr_21	3260000	3270000	87.8096218352523	88.002180541586	19.2558706333656
chr_21	3270000	3280000	88.002180541586	88.1947392479197	19.2558706333713
chr_21	3280000	3290000	88.1947392479197	88.3872979542533	19.25587063336
chr_21	3290000	3300000	88.3872979542533	88.579856660587	19.2558706333728
chr_21	3300000	3310000	88.579856660587	88.7724153669208	19.2558706333784
chr_21	3310000	3320000	88.7724153669208	88.9649740732543	19.2558706333486
chr_21	3320000	3330000	88.9649740732543	89.1575327795877	19.2558706333443
chr_21	3330000	3340000	89.1575327795877	89.3500914859213	19.2558706333585
chr_21	3340000	3350000	89.3500914859213	89.5426501922549	19.2558706333557
chr_21	3350000	3360000	89.5426501922549	89.7352088985886	19.2558706333728
chr_21	3360000	3370000	89.7352088985886	89.9277676049222	19.2558706333642
chr_21	3370000	3380000	89.9277676049222	90.179207817451	25.1440212528792
chr_21	3380000	3390000	90.179207817451	90.4314659115927	25.2258094141638
chr_21	3390000	3400000	90.4314659115927	90.6837240057343	25.2258094141638
chr_21	3400000	3410000	90.6837240057343	90.935982099876	25.2258094141695
chr_21	3410000	3420000	90.935982099876	91.1882401940177	25.2258094141695
chr_21	3420000	3430000	91.1882401940177	91.4404982881595	25.225809414178
chr_21	3430000	3440000	91.4404982881595	91.6927563823012	25.2258094141766
chr_21	3440000	3450000	91.6927563823012	91.9450144764429	25.2258094141709
chr_21	3450000	3460000	91.9450144764429	92.1972725705848	25.2258094141851
chr_21	3460000	3470000	92.1972725705848	92.4495306647266	25.2258094141794
chr_21	3470000	3480000	92.4495306647266	92.6832741446082	23.3743479881568
chr_21	3480000	3490000	92.6832741446082	92.8439442847987	16.0670140190575
chr_21	3490000	3500000	92.8439442847987	93.0101698746931	16.6225589894324
chr_21	3500000	3510000	93.0101698746931	93.1578953486271	14.7725473933988
chr_21	3510000	3520000	93.1578953486271	93.2478789687563	8.99836201292601
chr_21	3520000	3530000	93.2478789687563	93.4992251393901	25.1346170633767
chr_21	3530000	3540000	93.4992251393901	93.7361047902348	23.6879650844685
chr_21	3540000	3550000	93.7361047902348	94.0273510032013	29.1246212966499
chr_21	3550000	3560000	94.0273510032013	94.3076247055572	28.0273702355913
chr_21	3560000	3570000	94.3076247055572	94.5507805498754	24.3155844318267
chr_21	3570000	3580000	94.5507805498754	94.8049648547173	25.4184304841829
chr_21	3580000	3590000	94.8049648547173	94.9860002705528	18.103541583551
chr_21	3590000	3600000	94.9860002705528	95.142747561836	15.674729128321
chr_21	3600000	3610000	95.142747561836	95.2984080302969	15.5660468460866
chr_21	3610000	3620000	95.2984080302969	95.4457581749804	14.7350144683529
chr_21	3620000	3630000	95.4457581749804	95.594599971876	14.8841796895624
chr_21	3630000	3640000	95.594599971876	95.748400064319	15.3800092442978
chr_21	3640000	3650000	95.748400064319	95.9181377721574	16.9737707838408
chr_21	3650000	3660000	95.9181377721574	96.0642619409442	14.612416878677
chr_21	3660000	3670000	96.0642619409442	96.2095730264791	14.53110855349
chr_21	3670000	3680000	96.2095730264791	96.3678239780351	15.8250951556013
chr_21	3680000	3690000	96.3678239780351	96.515393216802	14.7569238766906
chr_21	3690000	3700000	96.515393216802	96.6683568901693	15.2963673367296
chr_21	3700000	3710000	96.6683568901693	96.824015655525	15.5658765355753
chr_21	3710000	3720000	96.824015655525	97.0457879982677	22.1772342742682
chr_21	3720000	3730000	97.0457879982677	97.3029261961457	25.7138197877964
chr_21	3730000	3740000	97.3029261961457	97.5148605417972	21.1934345651557
chr_21	3740000	3750000	97.5148605417972	97.6713437461389	15.6483204341683
chr_21	3750000	3760000	97.6713437461389	97.7326805747936	6.13368286547171
chr_21	3760000	3770000	97.7326805747936	97.8314779876464	9.87974128527469
chr_21	3770000	3780000	97.8314779876464	97.9515845741283	12.0106586481938
chr_21	3780000	3790000	97.9515845741283	98.0726928982584	12.1108324130049
chr_21	3790000	3800000	98.0726928982584	98.2353526275343	16.2659729275973
chr_21	3800000	3810000	98.2353526275343	98.3854137467184	15.0061119184059
chr_21	3810000	3820000	98.3854137467184	98.5004074025362	11.4993655817784
chr_21	3820000	3830000	98.5004074025362	98.5628704845382	6.24630820020258
chr_21	3830000	3840000	98.5628704845382	98.6079769950893	4.51065105510651
chr_21	3840000	3850000	98.6079769950893	98.6549929852386	4.70159901493474
chr_21	3850000	3860000	98.6549929852386	98.7372077888364	8.22148035977506
chr_21	3860000	3870000	98.7372077888364	98.7998135016935	6.26057128571631
chr_21	3870000	3880000	98.7998135016935	98.9359150666531	13.6101564959546
chr_21	3880000	3890000	98.9359150666531	99.0450998120649	10.9184745411795
chr_21	3890000	3900000	99.0450998120649	99.1041889272917	5.90891152268682
chr_21	3900000	3910000	99.1041889272917	99.1890146763737	8.48257490819435
chr_21	3910000	3920000	99.1890146763737	99.2658332330017	7.68185566279982
chr_21	3920000	3930000	99.2658332330017	99.3341244405004	6.82912074987598
chr_21	3930000	3940000	99.3341244405004	99.420619105988	8.64946654875212
chr_21	3940000	3950000	99.420619105988	99.5194774138088	9.88583078208478
chr_21	3950000	3960000	99.5194774138088	99.631834110621	11.2356696812185
chr_21	3960000	3970000	99.631834110621	99.7375751300641	10.5741019443144
chr_21	3970000	3980000	99.7375751300641	99.8631652201623	12.5590090098186
chr_21	3980000	3990000	99.8631652201623	100.064810172008	20.1644951845907
chr_21	3990000	4000000	100.064810172008	100.126013345686	6.12031736772707
chr_21	4000000	4010000	100.126013345686	100.185956884152	5.99435384664133
chr_21	4010000	4020000	100.185956884152	100.256362112411	7.04052282587924
chr_21	4020000	4030000	100.256362112411	100.333413873253	7.70517608419112
chr_21	4030000	4040000	100.333413873253	100.462713947978	12.9300074725577
chr_21	4040000	4050000	100.462713947978	100.610069652642	14.735570466388
chr_21	4050000	4060000	100.610069652642	100.77087653732	16.0806884678365
chr_21	4060000	4070000	100.77087653732	100.913113309161	14.2236771840587
chr_21	4070000	4080000	100.913113309161	100.972160056069	5.90467469082938
chr_21	4080000	4090000	100.972160056069	101.00699979045	3.48397343803555
chr_21	4090000	4100000	101.00699979045	101.088045995903	8.10462054534611
chr_21	4100000	4110000	101.088045995903	101.207877255263	11.9831259359984
chr_21	4110000	4120000	101.207877255263	101.335244732014	12.7367476750706
chr_21	4120000	4130000	101.335244732014	101.464477504896	12.9232772881949
chr_21	4130000	4140000	101.464477504896	101.594315248743	12.9837743847261
chr_21	4140000	4150000	101.594315248743	101.722825082442	12.8509833698971
chr_21	4150000	4160000	101.722825082442	101.852764662821	12.99395803794
chr_21	4160000	4170000	101.852764662821	101.982783207205	13.0018544383518
chr_21	4170000	4180000	101.982783207205	102.110729152747	12.7945945542479
chr_21	4180000	4190000	102.110729152747	102.239897314505	12.9168161758017
chr_21	4190000	4200000	102.239897314505	102.370727857756	13.0830543250624
chr_21	4200000	4210000	102.370727857756	102.500229826007	12.9501968251333
chr_21	4210000	4220000	102.500229826007	102.628613328456	12.8383502449083
chr_21	4220000	4230000	102.628613328456	102.759372810206	13.0759481749934
chr_21	4230000	4240000	102.759372810206	102.891099515112	13.1726704905589
chr_21	4240000	4250000	102.891099515112	103.023131469163	13.2031954050959
chr_21	4250000	4260000	103.023131469163	103.174036554219	15.0905085055754
chr_21	4260000	4270000	103.174036554219	103.319127979457	14.5091425238761
chr_21	4270000	4280000	103.319127979457	103.453753873803	13.4625894345788
chr_21	4280000	4290000	103.453753873803	103.590990305332	13.7236431528535
chr_21	4290000	4300000	103.590990305332	103.715602100775	12.4611795443641
chr_21	4300000	4310000	103.715602100775	103.860122740824	14.4520640048171
chr_21	4310000	4320000	103.860122740824	103.985159445418	12.5036704594109
chr_21	4320000	4330000	103.985159445418	104.117732095239	13.2572649820929
chr_21	4330000	4340000	104.117732095239	104.252081911517	13.4349816278544
chr_21	4340000	4350000	104.252081911517	104.38933309053	13.7251179012509
chr_21	4350000	4360000	104.38933309053	104.533131491701	14.3798401171097
chr_21	4360000	4370000	104.533131491701	104.670835651614	13.7704159913611
chr_21	4370000	4380000	104.670835651614	104.793867352345	12.3031700730195
chr_21	4380000	4390000	104.793867352345	104.878673581381	8.48062290365021
chr_21	4390000	4400000	104.878673581381	104.964960647366	8.62870659849762
chr_21	4400000	4410000	104.964960647366	105.047264451199	8.23038038333266
chr_21	4410000	4420000	105.047264451199	105.130699293004	8.34348418046602
chr_21	4420000	4430000	105.130699293004	105.210660575483	7.99612824787062
chr_21	4430000	4440000	105.210660575483	105.290873768446	8.02131929630576
chr_21	4440000	4450000	105.290873768446	105.371327739115	8.04539706691685
chr_21	4450000	4460000	105.371327739115	105.454672813875	8.33450747601603
chr_21	4460000	4470000	105.454672813875	105.529160980545	7.44881666702355
chr_21	4470000	4480000	105.529160980545	105.609722142154	8.05611616087987
chr_21	4480000	4490000	105.609722142154	105.694343994762	8.46218526081515
chr_21	4490000	4500000	105.694343994762	105.775525459832	8.11814650697897
chr_21	4500000	4510000	105.775525459832	105.872525287739	9.6999827906501
chr_21	4510000	4520000	105.872525287739	106.010526077491	13.8000789752041
chr_21	4520000	4530000	106.010526077491	106.148526867243	13.8000789752098
chr_21	4530000	4540000	106.148526867243	106.286527656995	13.8000789752112
chr_21	4540000	4550000	106.286527656995	106.424528446747	13.8000789752112
chr_21	4550000	4560000	106.424528446747	106.562529236499	13.8000789752112
chr_21	4560000	4570000	106.562529236499	106.700530026251	13.8000789752041
chr_21	4570000	4580000	106.700530026251	106.838530816003	13.8000789752056
chr_21	4580000	4590000	106.838530816003	106.976531605755	13.8000789752141
chr_21	4590000	4600000	106.976531605755	107.114532395507	13.8000789752056
chr_21	4600000	4610000	107.114532395507	107.252533185259	13.8000789752056
chr_21	4610000	4620000	107.252533185259	107.390533975012	13.8000789752255
chr_21	4620000	4630000	107.390533975012	107.528534764764	13.8000789752098
chr_21	4630000	4640000	107.528534764764	107.636099494938	10.756473017382
chr_21	4640000	4650000	107.636099494938	107.718840500488	8.27410055500195
chr_21	4650000	4660000	107.718840500488	107.799757668817	8.0917168328881
chr_21	4660000	4670000	107.799757668817	107.890806643792	9.10489749755499
chr_21	4670000	4680000	107.890806643792	108.049828096528	15.9021452735843
chr_21	4680000	4690000	108.049828096528	108.196335100518	14.6507003990081
chr_21	4690000	4700000	108.196335100518	108.283928546357	8.75934458393175
chr_21	4700000	4710000	108.283928546357	108.38695928548	10.3030739122659
chr_21	4710000	4720000	108.38695928548	108.514344779949	12.738549446928
chr_21	4720000	4730000	108.514344779949	108.633807424273	11.9462644324059
chr_21	4730000	4740000	108.633807424273	108.73613181759	10.2324393316991
chr_21	4740000	4750000	108.73613181759	108.82345684947	8.73250318800416
chr_21	4750000	4760000	108.82345684947	108.860135713861	3.66788643902538
chr_21	4760000	4770000	108.860135713861	108.914364784294	5.422907043301
chr_21	4770000	4780000	108.914364784294	108.960369845314	4.6005061020594
chr_21	4780000	4790000	108.960369845314	109.03540144347	7.50315981561442
chr_21	4790000	4800000	109.03540144347	109.143107778374	10.7706334903909
chr_21	4800000	4810000	109.143107778374	109.243030718153	9.99229397789207
chr_21	4810000	4820000	109.243030718153	109.453171095417	21.0140377263741
chr_21	4820000	4830000	109.453171095417	109.74385835833	29.0687262913224
chr_21	4830000	4840000	109.74385835833	109.929860776345	18.6002418015221
chr_21	4840000	4850000	109.929860776345	110.30808515175	37.8224375404301
chr_21	4850000	4860000	110.30808515175	110.539983864312	23.1898712562085
chr_21	4860000	4870000	110.539983864312	110.740033107398	20.0049243086013
chr_21	4870000	4880000	110.740033107398	110.949077154631	20.9044047232823
chr_21	4880000	4890000	110.949077154631	111.164426589106	21.5349434475684
chr_21	4890000	4900000	111.164426589106	111.381552834099	21.7126244992684
chr_21	4900000	4910000	111.381552834099	111.637968150368	25.6415316269354
chr_21	4910000	4920000	111.637968150368	111.88028429855	24.2316148181899
chr_21	4920000	4930000	111.88028429855	112.123745399957	24.3461101406723
chr_21	4930000	4940000	112.123745399957	112.355102262255	23.1356862298298
chr_21	4940000	4950000	112.355102262255	112.49448180389	13.9379541634327
chr_21	4950000	4960000	112.49448180389	112.631776586883	13.7294782993834
chr_21	4960000	4970000	112.631776586883	112.748567706914	11.6791120030314
chr_21	4970000	4980000	112.748567706914	112.927815525009	17.9247818095305
chr_21	4980000	4990000	112.927815525009	113.123077203354	19.5261678344693
chr_21	4990000	5000000	113.123077203354	113.295465067928	17.2387864574304
chr_21	5000000	5010000	113.295465067928	113.467524557601	17.2059489672861
chr_21	5010000	5020000	113.467524557601	113.591353710777	12.3829153176544
chr_21	5020000	5030000	113.591353710777	113.712897649862	12.1543939084546
chr_21	5030000	5040000	113.712897649862	113.833275947811	12.0378297949145
chr_21	5040000	5050000	113.833275947811	113.953819420415	12.0543472603586
chr_21	5050000	5060000	113.953819420415	114.074317499914	12.0498079499455
chr_21	5060000	5070000	114.074317499914	114.194927007412	12.0609507497733
chr_21	5070000	5080000	114.194927007412	114.315916488131	12.0989480719118
chr_21	5080000	5090000	114.315916488131	114.43592060275	12.0004114619348
chr_21	5090000	5100000	114.43592060275	114.557185379844	12.1264777093231
chr_21	5100000	5110000	114.557185379844	114.678828372366	12.1642992522482
chr_21	5110000	5120000	114.678828372366	114.800789315477	12.196094311075
chr_21	5120000	5130000	114.800789315477	114.923140595417	12.2351279940446
chr_21	5130000	5140000	114.923140595417	115.044708403052	12.1567807635245
chr_21	5140000	5150000	115.044708403052	115.166813588302	12.2105185249637
chr_21	5150000	5160000	115.166813588302	115.296963722561	13.0150134259083
chr_21	5160000	5170000	115.296963722561	115.446601127269	14.9637404708002
chr_21	5170000	5180000	115.446601127269	115.595197894861	14.8596767591485
chr_21	5180000	5190000	115.595197894861	115.761060746212	16.5862851351093
chr_21	5190000	5200000	115.761060746212	115.924870677614	16.3809931401971
chr_21	5200000	5210000	115.924870677614	116.065908456341	14.1037778727664
chr_21	5210000	5220000	116.065908456341	116.220834285255	15.4925828913107
chr_21	5220000	5230000	116.220834285255	116.371034496306	15.02002110512
chr_21	5230000	5240000	116.371034496306	116.531590222691	16.055572638534
chr_21	5240000	5250000	116.531590222691	116.702004766083	17.041454339217
chr_21	5250000	5260000	116.702004766083	116.813929857152	11.1925091068272
chr_21	5260000	5270000	116.813929857152	116.940979752812	12.7049895659994
chr_21	5270000	5280000	116.940979752812	117.060833036653	11.985328384182
chr_21	5280000	5290000	117.060833036653	117.185777139832	12.4944103178692
chr_21	5290000	5300000	117.185777139832	117.293466777511	10.7689637678533
chr_21	5300000	5310000	117.293466777511	117.417421634526	12.3954857015349
chr_21	5310000	5320000	117.417421634526	117.5483262103	13.0904575773641
chr_21	5320000	5330000	117.5483262103	117.679539836156	13.1213625856702
chr_21	5330000	5340000	117.679539836156	117.804839087229	12.5299251072633
chr_21	5340000	5350000	117.804839087229	117.929006117647	12.4167030417908
chr_21	5350000	5360000	117.929006117647	118.059110661347	13.0104543699773
chr_21	5360000	5370000	118.059110661347	118.189867227057	13.0756565710215
chr_21	5370000	5380000	118.189867227057	118.319530676301	12.9663449244703
chr_21	5380000	5390000	118.319530676301	118.451913027572	13.2382351270252
chr_21	5390000	5400000	118.451913027572	118.586349619966	13.4436592394209
chr_21	5400000	5410000	118.586349619966	118.717757897304	13.1408277337982
chr_21	5410000	5420000	118.717757897304	118.848663151519	13.0905254215492
chr_21	5420000	5430000	118.848663151519	118.982772988152	13.4109836632334
chr_21	5430000	5440000	118.982772988152	119.113417767568	13.0644779416144
chr_21	5440000	5450000	119.113417767568	119.253760133809	14.0342366241484
chr_21	5450000	5460000	119.253760133809	119.394023777947	14.0263644137974
chr_21	5460000	5470000	119.394023777947	119.534338488405	14.0314710457403
chr_21	5470000	5480000	119.534338488405	119.674660280933	14.0321792528709
chr_21	5480000	5490000	119.674660280933	119.815044705425	14.038442449197
chr_21	5490000	5500000	119.815044705425	119.955424826669	14.0380121243751
chr_21	5500000	5510000	119.955424826669	120.095754655337	14.0329828667632
chr_21	5510000	5520000	120.095754655337	120.2361022729	14.0347617563208
chr_21	5520000	5530000	120.2361022729	120.376344922705	14.0242649804961
chr_21	5530000	5540000	120.376344922705	120.516865495878	14.0520573173291
chr_21	5540000	5550000	120.516865495878	120.657128934805	14.0263438926297
chr_21	5550000	5560000	120.657128934805	120.797541957507	14.0413022701949
chr_21	5560000	5570000	120.797541957507	120.937960922657	14.0418965150431
chr_21	5570000	5580000	120.937960922657	121.078398862096	14.0437939438911
chr_21	5580000	5590000	121.078398862096	121.218820994644	14.0422132548338
chr_21	5590000	5600000	121.218820994644	121.355654298887	13.6833304242415
chr_21	5600000	5610000	121.355654298887	121.491955396466	13.6301097579164
chr_21	5610000	5620000	121.491955396466	121.628514106263	13.6558709796816
chr_21	5620000	5630000	121.628514106263	121.76507281606	13.6558709796901
chr_21	5630000	5640000	121.76507281606	121.901631525856	13.6558709796773
chr_21	5640000	5650000	121.901631525856	122.038190235653	13.6558709796887
chr_21	5650000	5660000	122.038190235653	122.17474894545	13.6558709796873
chr_21	5660000	5670000	122.17474894545	122.311307655247	13.6558709796887
chr_21	5670000	5680000	122.311307655247	122.447866365044	13.6558709796873
chr_21	5680000	5690000	122.447866365044	122.584425074841	13.6558709796887
chr_21	5690000	5700000	122.584425074841	122.720983784638	13.6558709796887
chr_21	5700000	5710000	122.720983784638	122.857542494434	13.6558709796802
chr_21	5710000	5720000	122.857542494434	122.994234824088	13.6692329653187
chr_21	5720000	5730000	122.994234824088	123.132803627816	13.8568803728049
chr_21	5730000	5740000	123.132803627816	123.270271342408	13.7467714592034
chr_21	5740000	5750000	123.270271342408	123.406508398697	13.623705628963
chr_21	5750000	5760000	123.406508398697	123.538297486746	13.1789088048464
chr_21	5760000	5770000	123.538297486746	123.677101141875	13.8803655129436
chr_21	5770000	5780000	123.677101141875	123.815002204261	13.7901062386305
chr_21	5780000	5790000	123.815002204261	123.952787472601	13.7785268339059
chr_21	5790000	5800000	123.952787472601	124.094988666726	14.220119412569
chr_21	5800000	5810000	124.094988666726	124.236992270259	14.2003603532899
chr_21	5810000	5820000	124.236992270259	124.378187131282	14.1194861023308
chr_21	5820000	5830000	124.378187131282	124.51829462739	14.0107496107987
chr_21	5830000	5840000	124.51829462739	124.652312395211	13.4017767820268
chr_21	5840000	5850000	124.652312395211	124.783878953345	13.1566558134168
chr_21	5850000	5860000	124.783878953345	124.894648178591	11.0769225245775
chr_21	5860000	5870000	124.894648178591	125.005417403836	11.0769225245775
chr_21	5870000	5880000	125.005417403836	125.116186629082	11.0769225245733
chr_21	5880000	5890000	125.116186629082	125.226955854328	11.0769225245733
chr_21	5890000	5900000	125.226955854328	125.337725079574	11.0769225245875
chr_21	5900000	5910000	125.337725079574	125.44849430482	11.0769225245861
chr_21	5910000	5920000	125.44849430482	125.559263530065	11.0769225245704
chr_21	5920000	5930000	125.559263530065	125.670032755311	11.0769225245832
chr_21	5930000	5940000	125.670032755311	125.780801980557	11.0769225245818
chr_21	5940000	5950000	125.780801980557	125.891571205803	11.0769225245718
chr_21	5950000	5960000	125.891571205803	126.002340431048	11.0769225245605
chr_21	5960000	5970000	126.002340431048	126.113109656294	11.0769225245662
chr_21	5970000	5980000	126.113109656294	126.241529174522	12.8419518227588
chr_21	5980000	5990000	126.241529174522	126.398731362964	15.7202188442682
chr_21	5990000	6000000	126.398731362964	126.558506498723	15.9775135759233
chr_21	6000000	6010000	126.558506498723	126.721851878353	16.3345379629391
chr_21	6010000	6020000	126.721851878353	126.884083817127	16.2231938774298
chr_21	6020000	6030000	126.884083817127	127.042115669039	15.8031851912341
chr_21	6030000	6040000	127.042115669039	127.20733258569	16.521691665038
chr_21	6040000	6050000	127.20733258569	127.370551753668	16.3219167977772
chr_21	6050000	6060000	127.370551753668	127.534704617084	16.4152863416135
chr_21	6060000	6070000	127.534704617084	127.698241350393	16.3536733308788
chr_21	6070000	6080000	127.698241350393	127.864672790591	16.6431440198821
chr_21	6080000	6090000	127.864672790591	128.010492001792	14.5819211200134
chr_21	6090000	6100000	128.010492001792	128.14195336678	13.1461364988297
chr_21	6100000	6110000	128.14195336678	128.263749467945	12.1796101164762
chr_21	6110000	6120000	128.263749467945	128.346233703405	8.24842354599582
chr_21	6120000	6130000	128.346233703405	128.472604163273	12.6370459868326
chr_21	6130000	6140000	128.472604163273	128.596702511486	12.4098348213266
chr_21	6140000	6150000	128.596702511486	128.719031498172	12.2328986685744
chr_21	6150000	6160000	128.719031498172	128.835955855763	11.6924357591444
chr_21	6160000	6170000	128.835955855763	128.968797437914	13.2841582150405
chr_21	6170000	6180000	128.968797437914	129.104440010008	13.5642572094525
chr_21	6180000	6190000	129.104440010008	129.232954273245	12.8514263236298
chr_21	6190000	6200000	129.232954273245	129.37647006912	14.3515795875516
chr_21	6200000	6210000	129.37647006912	129.516996390617	14.0526321496679
chr_21	6210000	6220000	129.516996390617	129.6461088642	12.9112473583262
chr_21	6220000	6230000	129.6461088642	129.795429113613	14.9320249413393
chr_21	6230000	6240000	129.795429113613	129.911485379177	11.60562655636
chr_21	6240000	6250000	129.911485379177	130.011774898278	10.0289519100869
chr_21	6250000	6260000	130.011774898278	130.118052874573	10.6277976295445
chr_21	6260000	6270000	130.118052874573	130.224167490341	10.6114615767353
chr_21	6270000	6280000	130.224167490341	130.347936185774	12.3768695433228
chr_21	6280000	6290000	130.347936185774	130.479157843545	13.1221657770794
chr_21	6290000	6300000	130.479157843545	130.598125290238	11.8967446693546
chr_21	6300000	6310000	130.598125290238	130.692161046657	9.40357564190606
chr_21	6310000	6320000	130.692161046657	130.78803634124	9.58752945824983
chr_21	6320000	6330000	130.78803634124	130.885111675315	9.7075334075015
chr_21	6330000	6340000	130.885111675315	130.990898203769	10.5786528454189
chr_21	6340000	6350000	130.990898203769	131.087327881909	9.64296781403675
chr_21	6350000	6360000	131.087327881909	131.183082868554	9.57549866443514
chr_21	6360000	6370000	131.183082868554	131.277242362926	9.4159494372775
chr_21	6370000	6380000	131.277242362926	131.383919832688	10.667746976182
chr_21	6380000	6390000	131.383919832688	131.482065349821	9.81455171325933
chr_21	6390000	6400000	131.482065349821	131.556895095251	7.48297454306055
chr_21	6400000	6410000	131.556895095251	131.644175966252	8.72808710000754
chr_21	6410000	6420000	131.644175966252	131.722788318013	7.86123517612793
chr_21	6420000	6430000	131.722788318013	131.825594570252	10.2806252238992
chr_21	6430000	6440000	131.825594570252	131.882010971035	5.64164007828367
chr_21	6440000	6450000	131.882010971035	131.930724811744	4.87138407094676
chr_21	6450000	6460000	131.930724811744	131.998571453571	6.78466418267476
chr_21	6460000	6470000	131.998571453571	132.052339725662	5.37682720906787
chr_21	6470000	6480000	132.052339725662	132.106372659035	5.40329333734064
chr_21	6480000	6490000	132.106372659035	132.184943902201	7.85712431656691
chr_21	6490000	6500000	132.184943902201	132.275667677701	9.07237755002939
chr_21	6500000	6510000	132.275667677701	132.369452169933	9.3784492232345
chr_21	6510000	6520000	132.369452169933	132.4425297734	7.30776034664586
chr_21	6520000	6530000	132.4425297734	132.512632401624	7.01026282243049
chr_21	6530000	6540000	132.512632401624	132.605495251277	9.28628496534429
chr_21	6540000	6550000	132.605495251277	132.710681367551	10.5186116273586
chr_21	6550000	6560000	132.710681367551	132.783639807369	7.29584398182226
chr_21	6560000	6570000	132.783639807369	132.975610447506	19.1970640136731
chr_21	6570000	6580000	132.975610447506	133.093057257599	11.7446810093099
chr_21	6580000	6590000	133.093057257599	133.151877695332	5.88204377330328
chr_21	6590000	6600000	133.151877695332	133.258396212924	10.6518517592178
chr_21	6600000	6610000	133.258396212924	133.351023961313	9.2627748388793
chr_21	6610000	6620000	133.351023961313	133.474973756946	12.3949795633308
chr_21	6620000	6630000	133.474973756946	133.580672247077	10.5698490130692
chr_21	6630000	6640000	133.580672247077	133.683195395165	10.2523148088125
chr_21	6640000	6650000	133.683195395165	133.80499158638	12.1796191214287
chr_21	6650000	6660000	133.80499158638	133.926919233525	12.1927647145839
chr_21	6660000	6670000	133.926919233525	134.048846880671	12.1927647145753
chr_21	6670000	6680000	134.048846880671	134.170774527817	12.1927647145782
chr_21	6680000	6690000	134.170774527817	134.292702174962	12.1927647145384
chr_21	6690000	6700000	134.292702174962	134.414629822108	12.1927647145611
chr_21	6700000	6710000	134.414629822108	134.536557469253	12.1927647145412
chr_21	6710000	6720000	134.536557469253	134.658485116398	12.1927647145128
chr_21	6720000	6730000	134.658485116398	134.780412763544	12.1927647146009
chr_21	6730000	6740000	134.780412763544	134.90234041069	12.1927647145839
chr_21	6740000	6750000	134.90234041069	135.024268057837	12.192764714635
chr_21	6750000	6760000	135.024268057837	135.126113735012	10.1845677174964
chr_21	6760000	6770000	135.126113735012	135.221842197878	9.57284628660489
chr_21	6770000	6780000	135.221842197878	135.317377107817	9.55349099397154
chr_21	6780000	6790000	135.317377107817	135.414236799043	9.68596912253474
chr_21	6790000	6800000	135.414236799043	135.511060981456	9.68241824137692
chr_21	6800000	6810000	135.511060981456	135.607672510912	9.66115294551741
chr_21	6810000	6820000	135.607672510912	135.704294390049	9.66218791372171
chr_21	6820000	6830000	135.704294390049	135.800054583204	9.57601931548027
chr_21	6830000	6840000	135.800054583204	135.898175323689	9.81207404849158
chr_21	6840000	6850000	135.898175323689	135.996839472483	9.86641487947963
chr_21	6850000	6860000	135.996839472483	136.094283190853	9.74437183691634
chr_21	6860000	6870000	136.094283190853	136.191289658553	9.70064676999982
chr_21	6870000	6880000	136.191289658553	136.300463833249	10.9174174696676
chr_21	6880000	6890000	136.300463833249	136.415152059911	11.46882266614
chr_21	6890000	6900000	136.415152059911	136.534488252543	11.933619263263
chr_21	6900000	6910000	136.534488252543	136.653644871142	11.9156618598396
chr_21	6910000	6920000	136.653644871142	136.76488757815	11.1242707008131
chr_21	6920000	6930000	136.76488757815	136.874199250541	10.9311672390959
chr_21	6930000	6940000	136.874199250541	136.986536152373	11.2336901832094
chr_21	6940000	6950000	136.986536152373	137.098758608111	11.2222455738532
chr_21	6950000	6960000	137.098758608111	137.211874275859	11.3115667747593
chr_21	6960000	6970000	137.211874275859	137.321561070497	10.9686794637639
chr_21	6970000	6980000	137.321561070497	137.438463352102	11.6902281605377
chr_21	6980000	6990000	137.438463352102	137.546696256967	10.8232904864963
chr_21	6990000	7000000	137.546696256967	137.654403580212	10.770732324491
chr_21	7000000	7010000	137.654403580212	137.762110903457	10.7707323244995
chr_21	7010000	7020000	137.762110903457	137.869818226702	10.7707323244796
chr_21	7020000	7030000	137.869818226702	137.977525549947	10.7707323244938
chr_21	7030000	7040000	137.977525549947	138.085232873192	10.770732324508
chr_21	7040000	7050000	138.085232873192	138.192940196437	10.7707323245108
chr_21	7050000	7060000	138.192940196437	138.300647519682	10.7707323245165
chr_21	7060000	7070000	138.300647519682	138.408354842927	10.7707323245137
chr_21	7070000	7080000	138.408354842927	138.516062166173	10.770732324545
chr_21	7080000	7090000	138.516062166173	138.622910696037	10.6848529864465
chr_21	7090000	7100000	138.622910696037	138.719645795915	9.67350998775487
chr_21	7100000	7110000	138.719645795915	138.815304167196	9.56583712816439
chr_21	7110000	7120000	138.815304167196	138.886470877169	7.11667099726014
chr_21	7120000	7130000	138.886470877169	138.979895479589	9.34246024206971
chr_21	7130000	7140000	138.979895479589	139.063162101082	8.32666214926405
chr_21	7140000	7150000	139.063162101082	139.142479237558	7.93171364758507
chr_21	7150000	7160000	139.142479237558	139.231301828235	8.88225906772391
chr_21	7160000	7170000	139.231301828235	139.338598884999	10.7297056763827
chr_21	7170000	7180000	139.338598884999	139.425277125683	8.66782406835398
chr_21	7180000	7190000	139.425277125683	139.525436687083	10.015956139992
chr_21	7190000	7200000	139.525436687083	139.639867662532	11.443097544992
chr_21	7200000	7210000	139.639867662532	139.805978615445	16.6110952912334
chr_21	7210000	7220000	139.805978615445	139.972089568357	16.6110952912192
chr_21	7220000	7230000	139.972089568357	140.138200521269	16.6110952912163
chr_21	7230000	7240000	140.138200521269	140.304311474181	16.6110952911879
chr_21	7240000	7250000	140.304311474181	140.470422427093	16.6110952912021
chr_21	7250000	7260000	140.470422427093	140.636533380005	16.6110952912362
chr_21	7260000	7270000	140.636533380005	140.802644332917	16.6110952911879
chr_21	7270000	7280000	140.802644332917	140.968755285829	16.6110952911737
chr_21	7280000	7290000	140.968755285829	141.134866238741	16.6110952911765
chr_21	7290000	7300000	141.134866238741	141.300977191653	16.6110952911851
chr_21	7300000	7310000	141.300977191653	141.467088144564	16.6110952911708
chr_21	7310000	7320000	141.467088144564	141.633199097476	16.6110952911794
chr_21	7320000	7330000	141.633199097476	141.799310050388	16.6110952911851
chr_21	7330000	7340000	141.799310050388	141.9654210033	16.6110952911708
chr_21	7340000	7350000	141.9654210033	142.131531956211	16.6110952911794
chr_21	7350000	7360000	142.131531956211	142.297642909123	16.6110952911794
chr_21	7360000	7370000	142.297642909123	142.463753862035	16.6110952911794
chr_21	7370000	7380000	142.463753862035	142.629864814947	16.6110952911708
chr_21	7380000	7390000	142.629864814947	142.795975767859	16.6110952911794
chr_21	7390000	7400000	142.795975767859	142.96208672077	16.611095291168
chr_21	7400000	7410000	142.96208672077	143.128197673682	16.6110952911794
chr_21	7410000	7420000	143.128197673682	143.294308626594	16.6110952911708
chr_21	7420000	7430000	143.294308626594	143.460419579505	16.6110952911737
chr_21	7430000	7440000	143.460419579505	143.626530532417	16.6110952911623
chr_21	7440000	7450000	143.626530532417	143.782357976715	15.5827444297728
chr_21	7450000	7460000	143.782357976715	143.913785932614	13.1427955899369
chr_21	7460000	7470000	143.913785932614	144.045213888514	13.1427955899539
chr_21	7470000	7480000	144.045213888514	144.176641844413	13.1427955899483
chr_21	7480000	7490000	144.176641844413	144.308069800313	13.1427955899511
chr_21	7490000	7500000	144.308069800313	144.439497756212	13.1427955899454
chr_21	7500000	7510000	144.439497756212	144.570925712112	13.1427955899596
chr_21	7510000	7520000	144.570925712112	144.702353668011	13.1427955899682
chr_21	7520000	7530000	144.702353668011	144.833781623911	13.1427955899596
chr_21	7530000	7540000	144.833781623911	144.965209579811	13.1427955899767
chr_21	7540000	7550000	144.965209579811	145.09663753571	13.1427955899284
chr_21	7550000	7560000	145.09663753571	145.22806549161	13.1427955899511
chr_21	7560000	7570000	145.22806549161	145.359493447509	13.1427955899341
chr_21	7570000	7580000	145.359493447509	145.515742730952	15.6249283443486
chr_21	7580000	7590000	145.515742730952	145.681708227183	16.5965496230143
chr_21	7590000	7600000	145.681708227183	145.832577502106	15.0869274923195
chr_21	7600000	7610000	145.832577502106	145.97813839487	14.5560892764593
chr_21	7610000	7620000	145.97813839487	146.135070944925	15.6932550054336
chr_21	7620000	7630000	146.135070944925	146.295137878995	16.0066934070755
chr_21	7630000	7640000	146.295137878995	146.444311730966	14.9173851970914
chr_21	7640000	7650000	146.444311730966	146.591626212341	14.7314481374735
chr_21	7650000	7660000	146.591626212341	146.743981474082	15.2355261740951
chr_21	7660000	7670000	146.743981474082	146.876320754863	13.2339280780457
chr_21	7670000	7680000	146.876320754863	147.038382306937	16.2061552074846
chr_21	7680000	7690000	147.038382306937	147.203102197428	16.4719890490943
chr_21	7690000	7700000	147.203102197428	147.335940333908	13.283813647999
chr_21	7700000	7710000	147.335940333908	147.576409205563	24.0468871654997
chr_21	7710000	7720000	147.576409205563	147.832229656664	25.5820451100988
chr_21	7720000	7730000	147.832229656664	148.07294036405	24.0710707386171
chr_21	7730000	7740000	148.07294036405	148.285529085504	21.2588721453415
chr_21	7740000	7750000	148.285529085504	148.534188152353	24.8659066849399
chr_21	7750000	7760000	148.534188152353	148.707374286112	17.318613375906
chr_21	7760000	7770000	148.707374286112	148.841706350189	13.4332064076801
chr_21	7770000	7780000	148.841706350189	149.018966070019	17.7259719830346
chr_21	7780000	7790000	149.018966070019	149.163081112542	14.4115042522827
chr_21	7790000	7800000	149.163081112542	149.242059378387	7.89782658451656
chr_21	7800000	7810000	149.242059378387	149.388880461885	14.6821083497713
chr_21	7810000	7820000	149.388880461885	149.551531090795	16.2650628909773
chr_21	7820000	7830000	149.551531090795	149.83315279017	28.1621699375222
chr_21	7830000	7840000	149.83315279017	150.041458894339	20.8306104168685
chr_21	7840000	7850000	150.041458894339	150.150714829304	10.9255934965574
chr_21	7850000	7860000	150.150714829304	150.243253036854	9.25382075496373
chr_21	7860000	7870000	150.243253036854	150.363981269837	12.0728232982714
chr_21	7870000	7880000	150.363981269837	150.533866503172	16.988523333481
chr_21	7880000	7890000	150.533866503172	150.836223295813	30.2356792641746
chr_21	7890000	7900000	150.836223295813	150.998203334638	16.1980038824623
chr_21	7900000	7910000	150.998203334638	151.130244552945	13.204121830691
chr_21	7910000	7920000	151.130244552945	151.241690664673	11.1446111728583
chr_21	7920000	7930000	151.241690664673	151.353727185859	11.2036521185473
chr_21	7930000	7940000	151.353727185859	151.46539626586	11.1669080000695
chr_21	7940000	7950000	151.46539626586	151.577705283157	11.2309017297719
chr_21	7950000	7960000	151.577705283157	151.690761342914	11.3056059756644
chr_21	7960000	7970000	151.690761342914	151.802983878324	11.222253541041
chr_21	7970000	7980000	151.802983878324	151.915045225291	11.2061346966982
chr_21	7980000	7990000	151.915045225291	152.027760665237	11.2715439945305
chr_21	7990000	8000000	152.027760665237	152.140396336576	11.2635671338865
chr_21	8000000	8010000	152.140396336576	152.252982339904	11.2586003328857
chr_21	8010000	8020000	152.252982339904	152.365914049417	11.2931709512111
chr_21	8020000	8030000	152.365914049417	152.484426445217	11.8512395800536
chr_21	8030000	8040000	152.484426445217	152.60851351869	12.408707347339
chr_21	8040000	8050000	152.60851351869	152.732514713495	12.4001194804066
chr_21	8050000	8060000	152.732514713495	152.857449412685	12.4934699190334
chr_21	8060000	8070000	152.857449412685	152.981745730998	12.4296318313469
chr_21	8070000	8080000	152.981745730998	153.107043101324	12.529737032591
chr_21	8080000	8090000	153.107043101324	153.23134802245	12.4304921125656
chr_21	8090000	8100000	153.23134802245	153.356101148339	12.47531258891
chr_21	8100000	8110000	153.356101148339	153.480422454508	12.4321306168724
chr_21	8110000	8120000	153.480422454508	153.605782001382	12.5359546874563
chr_21	8120000	8130000	153.605782001382	153.731191999439	12.5409998056512
chr_21	8130000	8140000	153.731191999439	153.857195410843	12.6003411404383
chr_21	8140000	8150000	153.857195410843	153.982741300677	12.5545889833859
chr_21	8150000	8160000	153.982741300677	154.133756364752	15.1015064074869
chr_21	8160000	8170000	154.133756364752	154.295317553882	16.1561189129799
chr_21	8170000	8180000	154.295317553882	154.456878743012	16.1561189129998
chr_21	8180000	8190000	154.456878743012	154.618439932142	16.1561189129856
chr_21	8190000	8200000	154.618439932142	154.780001121271	16.1561189129941
chr_21	8200000	8210000	154.780001121271	154.941562310401	16.1561189129856
chr_21	8210000	8220000	154.941562310401	155.103123499531	16.1561189129912
chr_21	8220000	8230000	155.103123499531	155.264684688661	16.1561189129486
chr_21	8230000	8240000	155.264684688661	155.426245877791	16.1561189129827
chr_21	8240000	8250000	155.426245877791	155.58780706692	16.1561189129742
chr_21	8250000	8260000	155.58780706692	155.74936825605	16.1561189129941
chr_21	8260000	8270000	155.74936825605	155.91092944518	16.1561189130026
chr_21	8270000	8280000	155.91092944518	156.07249063431	16.1561189129969
chr_21	8280000	8290000	156.07249063431	156.201157157301	12.8666522991011
chr_21	8290000	8300000	156.201157157301	156.309049958625	10.7892801324027
chr_21	8300000	8310000	156.309049958625	156.386118091922	7.7068133296649
chr_21	8310000	8320000	156.386118091922	156.514253010074	12.8134918151829
chr_21	8320000	8330000	156.514253010074	156.658114162926	14.3861152851798
chr_21	8330000	8340000	156.658114162926	156.793196049116	13.5081886190079
chr_21	8340000	8350000	156.793196049116	156.930556755801	13.736070668557
chr_21	8350000	8360000	156.930556755801	157.05796810085	12.7411345049012
chr_21	8360000	8370000	157.05796810085	157.173982879896	11.601477904577
chr_21	8370000	8380000	157.173982879896	157.283513920619	10.9531040722686
chr_21	8380000	8390000	157.283513920619	157.368148862453	8.46349418344516
chr_21	8390000	8400000	157.368148862453	157.461848001368	9.36991389145589
chr_21	8400000	8410000	157.461848001368	157.58118883111	11.9340829742328
chr_21	8410000	8420000	157.58118883111	157.696307264415	11.5118433304843
chr_21	8420000	8430000	157.696307264415	157.822191674165	12.5884409750086
chr_21	8430000	8440000	157.822191674165	157.946088134173	12.3896460008268
chr_21	8440000	8450000	157.946088134173	158.067235023405	12.1146889232278
chr_21	8450000	8460000	158.067235023405	158.183472152177	11.6237128771388
chr_21	8460000	8470000	158.183472152177	158.298049290742	11.4577138565039
chr_21	8470000	8480000	158.298049290742	158.415432607148	11.7383316406404
chr_21	8480000	8490000	158.415432607148	158.533940214389	11.8507607240673
chr_21	8490000	8500000	158.533940214389	158.65362554808	11.9685333691507
chr_21	8500000	8510000	158.65362554808	158.768305616858	11.4680068777687
chr_21	8510000	8520000	158.768305616858	158.893176218859	12.4870602000414
chr_21	8520000	8530000	158.893176218859	159.01668361384	12.3507394981601
chr_21	8530000	8540000	159.01668361384	159.139382583544	12.2698969703464
chr_21	8540000	8550000	159.139382583544	159.268850378603	12.9467795059099
chr_21	8550000	8560000	159.268850378603	159.400278642144	13.1428263541238
chr_21	8560000	8570000	159.400278642144	159.531706905685	13.1428263541068
chr_21	8570000	8580000	159.531706905685	159.663135169226	13.1428263541125
chr_21	8580000	8590000	159.663135169226	159.794563432767	13.1428263540698
chr_21	8590000	8600000	159.794563432767	159.925991696308	13.1428263540869
chr_21	8600000	8610000	159.925991696308	160.057419959849	13.1428263540869
chr_21	8610000	8620000	160.057419959849	160.188848223389	13.1428263540727
chr_21	8620000	8630000	160.188848223389	160.32027648693	13.1428263541096
chr_21	8630000	8640000	160.32027648693	160.451704750471	13.142826354084
chr_21	8640000	8650000	160.451704750471	160.583133014012	13.1428263540897
chr_21	8650000	8660000	160.583133014012	160.714561277553	13.1428263540812
chr_21	8660000	8670000	160.714561277553	160.843108887128	12.8547609574952
chr_21	8670000	8680000	160.843108887128	160.93517980124	9.20709141124973
chr_21	8680000	8690000	160.93517980124	161.027341578896	9.21617776554342
chr_21	8690000	8700000	161.027341578896	161.118967636718	9.1626057822026
chr_21	8700000	8710000	161.118967636718	161.209743726734	9.07760900162486
chr_21	8710000	8720000	161.209743726734	161.301088255045	9.13445283109411
chr_21	8720000	8730000	161.301088255045	161.392786450451	9.16981954054847
chr_21	8730000	8740000	161.392786450451	161.484414099235	9.16276487848791
chr_21	8740000	8750000	161.484414099235	161.574982770354	9.05686711187172
chr_21	8750000	8760000	161.574982770354	161.665747727641	9.07649572866376
chr_21	8760000	8770000	161.665747727641	161.757229156996	9.1481429355099
chr_21	8770000	8780000	161.757229156996	161.848934560278	9.17054032821056
chr_21	8780000	8790000	161.848934560278	161.940799172531	9.18646122530618
chr_21	8790000	8800000	161.940799172531	162.032746135209	9.1946962678179
chr_21	8800000	8810000	162.032746135209	162.122672641131	8.99265059213405
chr_21	8810000	8820000	162.122672641131	162.211767611277	8.90949701464763
chr_21	8820000	8830000	162.211767611277	162.303277898212	9.15102869347209
chr_21	8830000	8840000	162.303277898212	162.391225794606	8.79478963942688
chr_21	8840000	8850000	162.391225794606	162.483077675354	9.18518807483508
chr_21	8850000	8860000	162.483077675354	162.574843412475	9.17657371209089
chr_21	8860000	8870000	162.574843412475	162.668511057595	9.36676451197513
chr_21	8870000	8880000	162.668511057595	162.758513840117	9.00027825216512
chr_21	8880000	8890000	162.758513840117	162.850279835367	9.17659952500856
chr_21	8890000	8900000	162.850279835367	162.941168674828	9.08888394613143
chr_21	8900000	8910000	162.941168674828	163.017605388057	7.64367132287873
chr_21	8910000	8920000	163.017605388057	163.103339484565	8.57340965084461
chr_21	8920000	8930000	163.103339484565	163.193134553626	8.97950690610685
chr_21	8930000	8940000	163.193134553626	163.282929622688	8.97950690615517
chr_21	8940000	8950000	163.282929622688	163.372115687641	8.91860649525995
chr_21	8950000	8960000	163.372115687641	163.463681294884	9.15656072432682
chr_21	8960000	8970000	163.463681294884	163.575362867894	11.1681573009861
chr_21	8970000	8980000	163.575362867894	163.68972092736	11.4358059466554
chr_21	8980000	8990000	163.68972092736	163.806535919659	11.6814992298345
chr_21	8990000	9000000	163.806535919659	163.91892786539	11.239194573173
chr_21	9000000	9010000	163.91892786539	164.032102860531	11.3174995141065
chr_21	9010000	9020000	164.032102860531	164.142239605712	11.0136745180881
chr_21	9020000	9030000	164.142239605712	164.252140253311	10.9900647598749
chr_21	9030000	9040000	164.252140253311	164.362691447157	11.0551193845595
chr_21	9040000	9050000	164.362691447157	164.473755542969	11.1064095812111
chr_21	9050000	9060000	164.473755542969	164.5858654106	11.2109867631375
chr_21	9060000	9070000	164.5858654106	164.698362186348	11.2496775747786
chr_21	9070000	9080000	164.698362186348	164.807745016547	10.938283019928
chr_21	9080000	9090000	164.807745016547	164.913537105503	10.579208895615
chr_21	9090000	9100000	164.913537105503	165.023035494604	10.9498389101077
chr_21	9100000	9110000	165.023035494604	165.13260035968	10.9564865075299
chr_21	9110000	9120000	165.13260035968	165.261195457769	12.8595098089221
chr_21	9120000	9130000	165.261195457769	165.39225224348	13.1056785710598
chr_21	9130000	9140000	165.39225224348	165.474102446735	8.18502032554136
chr_21	9140000	9150000	165.474102446735	165.565507826412	9.14053796768712
chr_21	9150000	9160000	165.565507826412	165.626856341252	6.13485148401196
chr_21	9160000	9170000	165.626856341252	165.683824492183	5.69681509309703
chr_21	9170000	9180000	165.683824492183	165.73517042038	5.13459281967243
chr_21	9180000	9190000	165.73517042038	165.75762737396	2.24569535805301
chr_21	9190000	9200000	165.75762737396	165.780084327541	2.24569535804733
chr_21	9200000	9210000	165.780084327541	165.802541281121	2.24569535804733
chr_21	9210000	9220000	165.802541281121	165.824998234702	2.24569535805017
chr_21	9220000	9230000	165.824998234702	165.847455188282	2.24569535804733
chr_21	9230000	9240000	165.847455188282	165.869912141863	2.24569535805017
chr_21	9240000	9250000	165.869912141863	165.892369095443	2.24569535804733
chr_21	9250000	9260000	165.892369095443	165.914826049024	2.24569535804733
chr_21	9260000	9270000	165.914826049024	165.937283002604	2.24569535805017
chr_21	9270000	9280000	165.937283002604	165.959739956185	2.24569535804733
chr_21	9280000	9290000	165.959739956185	165.982196909765	2.24569535805301
chr_21	9290000	9300000	165.982196909765	166.004653863346	2.24569535805017
chr_21	9300000	9310000	166.004653863346	166.023353419038	1.86995556926206
chr_21	9310000	9320000	166.023353419038	166.040223117765	1.68696987269072
chr_21	9320000	9330000	166.040223117765	166.057092816492	1.68696987269641
chr_21	9330000	9340000	166.057092816492	166.073962515219	1.68696987269357
chr_21	9340000	9350000	166.073962515219	166.090832213946	1.68696987269357
chr_21	9350000	9360000	166.090832213946	166.108197873074	1.73656591281315
chr_21	9360000	9370000	166.108197873074	166.129020527843	2.08226547686365
chr_21	9370000	9380000	166.129020527843	166.14911265135	2.00921235068563
chr_21	9380000	9390000	166.14911265135	166.18086232043	3.17496690803409
chr_21	9390000	9400000	166.18086232043	166.243890494714	6.3028174284625
chr_21	9400000	9410000	166.243890494714	166.26874704167	2.4856546955391
chr_21	9410000	9420000	166.26874704167	166.276061298241	0.731425657065188
chr_21	9420000	9430000	166.276061298241	166.283827360826	0.776606258520474
chr_21	9430000	9440000	166.283827360826	166.299210828099	1.53834672730113
chr_21	9440000	9450000	166.299210828099	166.32055913217	2.13483040714664
chr_21	9450000	9460000	166.32055913217	166.332492005101	1.19328729308563
chr_21	9460000	9470000	166.332492005101	166.344145682135	1.165367703382
chr_21	9470000	9480000	166.344145682135	166.354734766251	1.05890841162477
chr_21	9480000	9490000	166.354734766251	166.376240668114	2.1505901863236
chr_21	9490000	9500000	166.376240668114	166.397687950577	2.14472824631002
chr_21	9500000	9510000	166.397687950577	166.408521886069	1.08339354918883
chr_21	9510000	9520000	166.408521886069	166.419326446602	1.08045605328186
chr_21	9520000	9530000	166.419326446602	166.432965613557	1.36391669547891
chr_21	9530000	9540000	166.432965613557	166.456806937179	2.38413236218094
chr_21	9540000	9550000	166.456806937179	166.465238945178	0.84320079995166
chr_21	9550000	9560000	166.465238945178	166.47319212951	0.795318433199554
chr_21	9560000	9570000	166.47319212951	166.481048208468	0.785607895778639
chr_21	9570000	9580000	166.481048208468	166.48896233927	0.791413080213488
chr_21	9580000	9590000	166.48896233927	166.497737117389	0.877477811877725
chr_21	9590000	9600000	166.497737117389	166.507854883955	1.01177665662817
chr_21	9600000	9610000	166.507854883955	166.510925201092	0.307031713640527
chr_21	9610000	9620000	166.510925201092	166.514469931991	0.354473089925023
chr_21	9620000	9630000	166.514469931991	166.518860937174	0.439100518320856
chr_21	9630000	9640000	166.518860937174	166.523251942357	0.439100518300961
chr_21	9640000	9650000	166.523251942357	166.534931495405	1.16795530474008
chr_21	9650000	9660000	166.534931495405	166.54983014788	1.48986524758357
chr_21	9660000	9670000	166.54983014788	166.561916185306	1.20860374252061
chr_21	9670000	9680000	166.561916185306	166.566761072517	0.48448872118172
chr_21	9680000	9690000	166.566761072517	166.574099028319	0.733795580208607
chr_21	9690000	9700000	166.574099028319	166.583374797859	0.927576953904463
chr_21	9700000	9710000	166.583374797859	166.590550462637	0.717566477828768
chr_21	9710000	9720000	166.590550462637	166.595453457265	0.490299462768462
chr_21	9720000	9730000	166.595453457265	166.600356451892	0.490299462768462
chr_21	9730000	9740000	166.600356451892	166.605354310208	0.499785831618738
chr_21	9740000	9750000	166.605354310208	166.610370900439	0.501659023103684
chr_21	9750000	9760000	166.610370900439	166.615387490671	0.501659023120737
chr_21	9760000	9770000	166.615387490671	166.620404080902	0.50165902312358
chr_21	9770000	9780000	166.620404080902	166.622329837655	0.192575675356466
chr_21	9780000	9790000	166.622329837655	166.625015251719	0.2685414063194
chr_21	9790000	9800000	166.625015251719	166.627055564446	0.20403127276154
chr_21	9800000	9810000	166.627055564446	166.628837513838	0.178194939192622
chr_21	9810000	9820000	166.628837513838	166.630584768304	0.174725446623825
chr_21	9820000	9830000	166.630584768304	166.632364517591	0.177974928641333
chr_21	9830000	9840000	166.632364517591	166.634144266877	0.177974928641333
chr_21	9840000	9850000	166.634144266877	166.635924016164	0.177974928644176
chr_21	9850000	9860000	166.635924016164	166.637137364838	0.121334867390033
chr_21	9860000	9870000	166.637137364838	166.638033721476	0.0896356638918405
chr_21	9870000	9880000	166.638033721476	166.638520444551	0.0486723074629936
chr_21	9880000	9890000	166.638520444551	166.638764676804	0.0244232253095333
chr_21	9890000	9900000	166.638764676804	166.639008909057	0.0244232253123755
chr_21	9900000	9910000	166.639008909057	166.63925314131	0.0244232253152177
chr_21	9910000	9920000	166.63925314131	166.639497373564	0.0244232253152177
chr_21	9920000	9930000	166.639497373564	166.642772344928	0.32749713641067
chr_21	9930000	9940000	166.642772344928	166.643521665775	0.0749320847631907
chr_21	9940000	9950000	166.643521665775	166.646880798568	0.335913279229771
chr_21	9950000	9960000	166.646880798568	166.65157783922	0.46970406523883
chr_21	9960000	9970000	166.65157783922	166.657194137026	0.561629780639805
chr_21	9970000	9980000	166.657194137026	166.657556258397	0.0362121370073964
chr_21	9980000	9990000	166.657556258397	166.657897263028	0.0341004631508213
chr_21	9990000	10000000	166.657897263028	166.65823826766	0.0341004631479791
chr_21	10000000	10010000	166.65823826766	166.658642867016	0.0404599356926383
chr_21	10010000	10020000	166.658642867016	166.659373472929	0.0730605912053761
chr_21	10020000	10030000	166.659373472929	166.660108888861	0.0735415932211936
chr_21	10030000	10040000	166.660108888861	166.660848368531	0.0739479670500032
chr_21	10040000	10050000	166.660848368531	166.661579228404	0.0730859872675182
